,frequency,15C_201,15C_401,25C_101,25C_201,25C_401
0,2810275000,0.9994576011274013,0.998266596870834,0.9989000321490276,0.9988099615086213,0.9992999989982896
1,2810550000,0.9988625322864987,0.9988769060225468,0.9987843703158122,0.9984005327627307,0.9985739337929878
2,2810825000,0.9991751148843313,0.9985225233045923,0.9992194773639079,0.9987820026999401,0.9990557493334292
3,2811100000,0.9984663323180986,0.9989329153356276,0.9987774563753056,0.9981968581277749,0.998511195097455
4,2811375000,0.9998616093267247,0.9986656336800256,0.9997199794739785,0.9991522111148465,0.9983659263475676
5,2811650000,0.9995738107940357,0.9989834558836947,0.9990322372426222,0.9991981308423721,0.9985308387104989
6,2811925000,0.998417524935156,0.9990503197296603,0.9993388362426101,0.9994307304135719,0.9985324869266173
7,2812200000,1.0000976424793813,0.9986592080346167,0.999431722895539,0.999318910610405,0.9981635371616197
8,2812475000,0.9991475057021618,0.9995868427290036,0.9992034304468331,0.9992594768015698,0.9989852818361936
9,2812750000,0.9990916905295193,0.9992056550952519,1.0002897983134893,0.9991397548786817,0.9975917405724818
10,2813025000,0.9990916519118368,0.9983003090623913,0.9999381413605262,0.9997929384615184,0.9994767868733796
11,2813300000,0.9989192888477318,0.9989971453756111,0.9999630687732157,0.9998546319419729,0.9994569080664069
12,2813575000,0.998634844886855,0.9980153092067264,1.0001332566893204,0.998547835244148,0.9989331204173173
13,2813850000,1.0005562164949295,0.9980136520243151,1.000154203013096,0.9996083611280938,0.9991366029237908
14,2814125000,0.9994036351696303,0.9983309337658675,0.9995062118995528,0.9997234714444916,0.9987015264869133
15,2814400000,0.999625998718752,0.999263353838279,0.9998660817151253,0.9995126940754309,0.997918119560967
16,2814675000,0.9993451523793715,0.9992152883810749,0.9994699299192512,1.0000861810036366,0.9987553737282411
17,2814950000,0.9999659434481658,0.9984428176911626,0.9999132131406416,1.000071032513146,0.9990210600276798
18,2815225000,1.000107527983073,0.9987964337955029,1.0001699531201615,1.0001534124768001,0.9992652613357659
19,2815500000,0.9997390049857665,0.9995769595768088,0.9993440274169196,1.0001389683055708,0.9995421785919679
20,2815775000,0.9999408157606667,0.9992509823781746,0.9995115958621449,0.9993816434166174,0.9998350632450028
21,2816050000,1.000264346999704,0.9991059849349709,0.9991973958163288,0.9993942771831029,0.9993432731907395
22,2816325000,1.0001802065295842,0.9987788619085646,0.9994482474638662,1.0006013201149615,0.9990144224190645
23,2816600000,0.9996137111821466,0.9997570403350201,1.0000316772498155,0.9997754437681805,0.9991116014593858
24,2816875000,1.0005434759963263,0.9984842636309242,0.9991819646663762,0.9996181754826869,0.9989697830981982
25,2817150000,0.9991338607422893,0.9995525272569818,0.9991371498877601,0.9996030409010949,0.9995487812087576
26,2817425000,0.9990585508055306,0.9991678862927925,0.9996221619245708,0.9993673239266102,1.0003551590938808
27,2817700000,0.9993645359619292,0.9989723306246492,0.9990609324375951,1.000228231417786,0.9997582276158937
28,2817975000,0.999635205044415,0.9995584006631394,0.9985680325404027,0.9997034497415707,0.9995068619811954
29,2818250000,1.0006955857229787,0.9993927713752744,0.9989265954583774,1.0001235218724167,0.9996552964503445
30,2818525000,1.0000110552194215,0.9994672511959424,0.9991373141730769,1.0001651439551469,1.0004968888225758
31,2818800000,0.9985679127641472,0.9998237319776956,0.9985520984716784,0.9991886292506575,1.0002042719532909
32,2819075000,0.9993751501430288,0.9999249494414784,0.9983402153038152,0.9993002437964382,0.9986827897163062
33,2819350000,0.9991213904542245,0.9993594954656654,0.9975149926290422,1.0004361769787637,1.0004664802607453
34,2819625000,0.9993446597087388,0.9989273938531962,0.9978712220779516,0.9990890495263157,0.9989226754073333
35,2819900000,0.9991122190516236,0.9995951114807068,0.997376663398717,1.0002645700147539,0.9996663765553103
36,2820175000,0.9994141195234696,0.9995860972505879,0.9965839573525539,0.9990949381523252,0.9998854847630031
37,2820450000,1.0004156685466936,0.999949808751082,0.9964507066585795,1.0001016457890475,1.0001370139910708
38,2820725000,0.9998633066267218,0.9995761705489477,0.9947394667858882,0.9990969524432957,0.9997340129090726
39,2821000000,0.9987128208440627,0.9997416753038223,0.993393874595619,0.9993373123315691,0.9996813896386343
40,2821275000,0.9993697408011423,0.9999991981203498,0.9922747423627242,0.9995986739760875,0.9998478032383686
41,2821550000,0.9999274734613948,0.9998812575056415,0.9898649548471207,0.9996821964500797,1.0001680594646016
42,2821825000,0.9996732291227951,0.9998586539340073,0.9885447430102149,0.9996825759511855,0.9999539006959508
43,2822100000,1.00005631852861,0.9999722787653201,0.9866466313664991,1.0004963052673481,0.9998598360743951
44,2822375000,0.9987187503372279,1.0002634972034399,0.9844440377643571,1.0002285989810051,0.9998438427016433
45,2822650000,0.9998548688949168,1.000449749684268,0.9811801469829353,0.9996393160542174,0.9994768066974496
46,2822925000,0.9994225548693666,1.000816877861787,0.9778286041883167,0.9992558853828192,1.0000664783335977
47,2823200000,0.9998899514139074,0.9999630589631024,0.974400512017536,0.9996060279617908,0.9997913522099792
48,2823475000,0.999474212662538,0.9992699014577018,0.9710722038959454,1.0001763616484278,0.9990162429407846
49,2823750000,0.9997789880411437,0.999334236126387,0.9689433854106364,0.99915676241705,0.9998267481761428
50,2824025000,1.0004364258884186,0.9998962418404952,0.9704542909863658,0.9985729207267302,0.998993306551288
51,2824300000,0.9996271896580571,0.9992399615860198,0.9756013910357442,0.9995688716750942,0.9995289414138665
52,2824575000,0.9997620826859398,1.0002597732496106,0.9802364271861754,0.9983024375570245,1.0010032383711223
53,2824850000,0.9990449156436455,1.0000922175327371,0.9783671071561275,0.9992010624981112,1.0005001991034401
54,2825125000,1.0002008846108552,0.9996761863694794,0.9727478172772145,0.9979948839371217,1.00038159163795
55,2825400000,0.9991411472468369,1.000104272116592,0.9690701376275233,0.9992400925026492,0.9998437799693616
56,2825675000,0.9992582035304864,0.9998118915116672,0.9697407859789972,0.9994482542717467,0.9992110868402148
57,2825950000,0.9992658875215183,1.000183962882827,0.9719951018032558,0.997935878843613,1.0002048442079217
58,2826225000,0.9987704698319843,1.0001921682238135,0.9759969084262443,0.9985702770739281,0.9993384011939322
59,2826500000,0.9991917013456131,0.9998519353085171,0.9793917997399425,0.9997997726793001,0.9997486637228258
60,2826775000,0.9984379545867961,1.0001053375314874,0.9823595866935563,0.9986762503042841,1.0004502916991636
61,2827050000,0.9984921802885932,1.0005643447834833,0.9846389404648971,0.998386718941372,1.0001378704746968
62,2827325000,0.9982681715381054,0.9993022930445441,0.986751324744341,0.9988221283851141,0.9997001071277724
63,2827600000,0.9992570215007553,1.0002721323666732,0.988732348386504,0.9983260923300812,1.0005351551827
64,2827875000,0.9991688024476295,0.9999251536080233,0.9908119287907802,0.9993789553291685,0.9995483662027476
65,2828150000,0.9990329155717791,0.9997384449557021,0.9925476740814356,0.9974930420114062,1.0003191850214184
66,2828425000,0.997743994327648,0.999497383499255,0.9938137334212076,0.9986484736273381,0.9997540209136854
67,2828700000,0.998098827409409,1.0000813164493645,0.9948860982989891,0.9975249326571765,0.9998647643475789
68,2828975000,0.9973955567163855,1.0001524488421152,0.9951374640263287,0.9980077395397345,0.999065375092283
69,2829250000,0.9982006928180657,1.000026997487528,0.9963582403566754,0.9982845285964174,0.9998974376078986
70,2829525000,0.996273973748544,0.9990534429346151,0.996789068739694,0.9976286216853337,0.9999941058497904
71,2829800000,0.9985772237685565,0.9993321397980075,0.9978448498815444,0.997447938963749,0.9992387076775536
72,2830075000,0.9971797482168552,0.9990385251802932,0.9975402802663598,0.9975587895235777,0.9995930157877724
73,2830350000,0.9982197810894882,0.9995130693086299,0.9979984259107367,0.9964096531721943,0.9996470895018079
74,2830625000,0.9971236093818341,0.9985827037729877,0.9980127238791261,0.9957704302183438,0.9997593167019033
75,2830900000,0.9964501185701328,1.000303757347378,0.9987076385411268,0.995437303421588,0.999464779417777
76,2831175000,0.9971534388654891,0.999375222407142,0.9986213643962953,0.9950695211162768,0.9988507490614734
77,2831450000,0.9960860716224856,0.9998221959323081,0.9988754634828098,0.9945942814209265,0.9997877884332764
78,2831725000,0.9945081686394955,0.9997090506274182,0.9987660874003012,0.9939289974731723,0.9999029000825326
79,2832000000,0.99520956789728,0.9999107114932907,0.9994013230897395,0.994078085723106,0.99958680806551
80,2832275000,0.994812195554579,0.9990286103572729,0.9991103535039624,0.9941221096173073,0.999285721363773
81,2832550000,0.9927857149939538,1.0000498045227701,0.9988528812399702,0.9931144538833573,0.9997760852520818
82,2832825000,0.9942942826487358,0.9993676765047786,0.9993521095293986,0.9920022813705879,1.000103949981568
83,2833100000,0.9933425648588318,1.0003603783532111,0.9994072151199808,0.9912816225941066,0.9986103081869553
84,2833375000,0.9919040106129745,0.9998684234004045,0.999996126117199,0.9901621351186763,0.9994673698046457
85,2833650000,0.9900959838154728,0.9998144668677327,1.000077051622483,0.9890756726152908,1.0004108989071392
86,2833925000,0.9896579403059269,0.9998587945958536,1.0000834932385447,0.9882411166463874,0.9993385271500215
87,2834200000,0.9889749859520598,0.9997086122375487,0.9997619300365854,0.9865029035954617,0.9994187789977158
88,2834475000,0.9869660714406308,0.9991966645110588,0.999802278431235,0.9850662333051243,1.000130530355103
89,2834750000,0.9859296720815743,0.9993568581523091,0.9999363599785885,0.9835979840930886,0.9989602726439761
90,2835025000,0.9861541114805378,0.9991648052237386,0.9998296166945875,0.9834997533509985,0.9990601959722913
91,2835300000,0.9841779522698583,0.9991126532233976,0.9995315497570332,0.9815009079807547,0.9994888582389838
92,2835575000,0.9829472852146336,0.998789288571891,0.9996063504329255,0.9802800361605624,1.0001436927944254
93,2835850000,0.9810996202947092,0.9993371883240796,0.9997805497133161,0.9788741709719981,0.9992873385527322
94,2836125000,0.9791136721428819,0.9995001065366672,0.9997267178493652,0.977744652989514,1.0003131469956765
95,2836400000,0.9774132902452246,1.0000206416287518,1.000199784736798,0.9750237894391642,0.9992353144447864
96,2836675000,0.9753126790560676,0.9988686450117846,0.9993621690320907,0.97334893370603,1.00004607336051
97,2836950000,0.9739421536904055,0.9996103156316737,1.00000597696558,0.9717085810854068,0.9996861320001054
98,2837225000,0.9715147123308049,0.9995259051959278,0.9999469630207778,0.9709530104105243,0.9994726961113513
99,2837500000,0.9709301263991855,0.9988545513096342,0.9997705597394224,0.9703971382898173,0.9992441102205288
100,2837775000,0.968966407104089,0.9993857291960608,,0.9705315500561552,0.9981326547551648
101,2838050000,0.9687038937507465,0.9990208709280687,,0.97063008327635,0.9990570536848211
102,2838325000,0.9697179364859267,0.9991439059981001,,0.9736420599845386,0.9989745013485206
103,2838600000,0.9719649188813786,0.9999581545323715,,0.9760955943939081,0.9988142906279576
104,2838875000,0.974452597072859,0.9996229826141553,,0.9791391427097194,0.9997399356505698
105,2839150000,0.976559027747704,0.9992988030595495,,0.9795135875611938,1.0001130848062023
106,2839425000,0.9794567244981548,0.998642814804599,,0.9800494844595952,0.9979970561372161
107,2839700000,0.978998686635468,0.9991966697596564,,0.9789045377762559,0.9992618302184862
108,2839975000,0.9791319809471432,0.9987143299455201,,0.9763491006747687,0.998111381623049
109,2840250000,0.9771699724604501,0.9991936919223017,,0.9737912039043697,0.9995196785366095
110,2840525000,0.9736396712744004,1.000593280740449,,0.9715070031818188,0.9984242560060014
111,2840800000,0.9718105646071891,0.9994953221440661,,0.9694511733441337,0.9992103634503731
112,2841075000,0.9705651015300787,0.9993010246125078,,0.9703004608232941,0.9992753219713272
113,2841350000,0.9689874025748102,0.9991755411868501,,0.9705975286843492,0.9997760644716776
114,2841625000,0.9686861603798992,0.9987229116197319,,0.9713299030734264,0.9991024194351124
115,2841900000,0.9702972007379697,0.9990209363412507,,0.9727640102372437,0.9981887350595628
116,2842175000,0.9718396952573081,0.9996008244655704,,0.9750479783018158,0.9981677531749803
117,2842450000,0.9743288497855171,0.998409136242692,,0.9769907183485877,0.9991954186600468
118,2842725000,0.9751589846383102,0.9984305923572818,,0.9774683596177561,0.9982586687216313
119,2843000000,0.9775169835978703,0.9987095667015966,,0.9796747994576045,0.9994829341748644
120,2843275000,0.9784888670752627,0.9992533364770045,,0.9824547138472489,0.99895507626765
121,2843550000,0.980462342760052,0.9984297985445959,,0.982631169961222,0.9981535063733863
122,2843825000,0.981892195384766,0.9984984115864869,,0.9844454099365076,0.9984281709714599
123,2844100000,0.9829450333339115,0.9988128381375188,,0.9853121815173875,0.9992081111527246
124,2844375000,0.9838633877509656,0.998745032500953,,0.9860038895903078,0.9981425404709562
125,2844650000,0.9854397955062904,0.9985625972654941,,0.9880736773788034,0.9985406625960485
126,2844925000,0.985669537450771,0.9990717062614355,,0.9887086465163788,0.9986325889437784
127,2845200000,0.9888224808562807,0.9985675451783494,,0.9880566197716837,0.9976986838296452
128,2845475000,0.9887141288604764,0.9985095436225377,,0.9903615280521351,0.9985382796963647
129,2845750000,0.9896699721539531,0.9986129046162192,,0.9912741049590768,0.9986619225067394
130,2846025000,0.9894553040409199,0.9987402855886911,,0.991712982181569,0.9978451382683705
131,2846300000,0.9917032466782844,0.9981090246426176,,0.9929245650447018,0.9992514193777932
132,2846575000,0.9915809848755379,0.9988685769040245,,0.9931674909090841,0.9989420283833078
133,2846850000,0.9925207664403263,0.9982012091143743,,0.9931486163186357,0.998138336868703
134,2847125000,0.9937794971243912,0.9979362264341503,,0.9953304666623373,0.9979860420292164
135,2847400000,0.9939473789916522,0.9985809112313714,,0.993714152029707,0.9979294829840581
136,2847675000,0.994949468472515,0.9976767320538741,,0.9955432410975126,0.9978011808484132
137,2847950000,0.9957023768552484,0.9983751447158095,,0.9958962615296025,0.9987347441980842
138,2848225000,0.9950185356987673,0.9983454632701563,,0.9961903046540769,0.9975573315946518
139,2848500000,0.9960962322298045,0.9981905744332955,,0.9970085362885004,0.9979244020042505
140,2848775000,0.9970068512409235,0.9971785943241811,,0.9962602658099222,0.9980014336638007
141,2849050000,0.9972837884752253,0.9982084630010759,,0.9978743593391197,0.9977821784261589
142,2849325000,0.9969825357396265,0.9974252820960494,,0.9975354485437695,0.9984275850861297
143,2849600000,0.9973021056289296,0.9977448686218306,,0.9981799763747297,0.996921885605905
144,2849875000,0.9973060204827009,0.9978009797160751,,0.9980332335529849,0.9978491059800532
145,2850150000,0.9976729750255514,0.9971383132004182,,0.9977442913487296,0.9971071550606078
146,2850425000,0.9976735537602363,0.9967175611807473,,0.9978691326684794,0.9971234771796866
147,2850700000,0.9978356244204657,0.9984012726744408,,0.9985046197200462,0.9972671809922204
148,2850975000,0.9974703904480015,0.9973547494819468,,0.9975969156590567,0.9970144011545057
149,2851250000,0.9982345246920139,0.9978371549925835,,0.9987129284893922,0.995977622161263
150,2851525000,0.9985637846416658,0.9969848896428346,,0.9983601745971684,0.9974658645966136
151,2851800000,0.9989354424589786,0.9971985106535459,,0.9988699718171904,0.9952507375875022
152,2852075000,0.9985222961806606,0.9965712724471989,,0.9986514281014224,0.995800118955833
153,2852350000,0.9992353366786587,0.996838589124971,,0.9995547821130819,0.9957510933454611
154,2852625000,0.9986188998685636,0.9958496493682606,,0.9989235639190677,0.9951796789564655
155,2852900000,0.9991163594804475,0.996890006879212,,0.9994296132383869,0.9951040768787465
156,2853175000,0.9986856439375816,0.996927044264515,,0.9987851949853606,0.9946775811252091
157,2853450000,0.9984805901410507,0.9962388946607461,,0.9991402686251691,0.9933522102559873
158,2853725000,0.998714368157284,0.9954861171501084,,0.9993019588833183,0.9954157124533323
159,2854000000,0.9986480025992102,0.9942798205153047,,0.9994187127475695,0.9945677402225397
160,2854275000,0.9983777297166541,0.9944380232100145,,0.9985470410804133,0.9938660919353532
161,2854550000,0.9992900183237379,0.9945568287729449,,0.9990566444045116,0.9928544797248242
162,2854825000,0.9976005843056825,0.9942638491400781,,0.9997751712349635,0.993214021437393
163,2855100000,0.9990667403107629,0.9927155746538819,,0.9990430993544197,0.9927981384005247
164,2855375000,0.9993461634089367,0.9925814694503459,,1.0000249063741393,0.9917658858431889
165,2855650000,0.9999619930863242,0.9931829676069265,,1.0000289943631955,0.9917887622675718
166,2855925000,0.9999009770365135,0.9914300324387593,,0.9997102027922561,0.9911692815200337
167,2856200000,0.999052478990421,0.9923044146852743,,1.0001046584567221,0.9901984214833185
168,2856475000,0.9999702223240449,0.9915251773796205,,0.9996775139308504,0.9910044888050694
169,2856750000,1.000811836050678,0.9920657896391901,,1.0008491352727387,0.9899245670724076
170,2857025000,1.0006658651647227,0.9908118096419067,,0.9991558434059714,0.9902387833647692
171,2857300000,1.0000401759002622,0.9909041125657921,,1.00092436746462,0.9892281640305046
172,2857575000,0.9996200609012,0.9895411120977026,,0.9995352768704175,0.9879497630838638
173,2857850000,1.0000232250228067,0.9886318302029886,,0.9996067334748496,0.9878277395280349
174,2858125000,0.9996621019087732,0.9887857362117218,,1.0002697531255356,0.9866504081373965
175,2858400000,1.0004585741788972,0.9880632873835173,,1.0000528988044108,0.9866628347506695
176,2858675000,0.9998397759170252,0.9881840420218743,,0.9998166288420414,0.9864229526098752
177,2858950000,1.001090192561852,0.9872166900850263,,1.0003321613302805,0.9850896069797155
178,2859225000,0.9985855077303698,0.9869967259242083,,1.0005600907199848,0.9846379206633271
179,2859500000,0.9993685880280043,0.9861658553980961,,1.0001182047747197,0.9840425742017697
180,2859775000,0.9998040414016216,0.9852172798283771,,0.9989319651203249,0.9836670347283915
181,2860050000,0.9990581617459493,0.9851466556917992,,0.999644749349884,0.9826408901623647
182,2860325000,1.0002600737807024,0.9847474411607794,,0.9995505027750335,0.9816671629220416
183,2860600000,0.9996419648656374,0.9838781443957062,,0.9999868487883925,0.9811881514712275
184,2860875000,0.9991977727754642,0.9823823124867457,,1.000444257477467,0.9812831161159739
185,2861150000,1.0000553118284947,0.982315717751452,,1.0002986925178154,0.9804762608540218
186,2861425000,0.9993801937760626,0.9814912603267223,,0.9999039941442821,0.9787763873232106
187,2861700000,1.0000726376549123,0.9804098390877773,,0.9989598820640874,0.9782362307637638
188,2861975000,1.0000974704075194,0.9799616858503594,,1.000146861055876,0.9764698641191956
189,2862250000,0.9989305032040393,0.9797891059327744,,0.9998616917548179,0.976313702535998
190,2862525000,1.0000937190830559,0.9783804714388515,,0.9993343306420617,0.9756651646000652
191,2862800000,0.9995986193653601,0.9773217930302924,,0.999765042164542,0.9743016985973877
192,2863075000,0.9999119088402515,0.976494016269631,,1.0004067580429434,0.9725747331418859
193,2863350000,0.9994902309305921,0.9766544578328701,,1.0005180040335653,0.9727091326605456
194,2863625000,0.9991050183683606,0.974312233410568,,0.9994911214012867,0.9725326019407146
195,2863900000,0.9992615803978693,0.9742566301165934,,0.9999632013562251,0.9711154726734841
196,2864175000,0.999303253369693,0.9725097849411078,,0.9989289105924711,0.9710354032810813
197,2864450000,0.9996789153017253,0.9710127625707276,,1.0002937167147314,0.9694343323156357
198,2864725000,1.000609808390333,0.9708159435687483,,0.9998302886215036,0.9694771251188008
199,2865000000,0.9998084616758569,0.9701041216777271,,1.0004901655363556,0.9692784872422833
200,2865275000,,0.9695619842445434,,,0.9692133958684539
201,2865550000,,0.9695028089052324,,,0.9692821879354584
202,2865825000,,0.9688893363037835,,,0.9697285602472222
203,2866100000,,0.9694012008643466,,,0.9704705826770155
204,2866375000,,0.9691743458737909,,,0.9722830688186661
205,2866650000,,0.9693219546741498,,,0.9731670361776397
206,2866925000,,0.9701774142050738,,,0.9750585986783047
207,2867200000,,0.972111188622288,,,0.9768284794090006
208,2867475000,,0.9732156461415862,,,0.9781255151321457
209,2867750000,,0.9737001789829444,,,0.977834174856768
210,2868025000,,0.9753605864866312,,,0.9790217680017862
211,2868300000,,0.976600636852123,,,0.9796451817446464
212,2868575000,,0.9796417015099955,,,0.9799471210651177
213,2868850000,,0.9801435697671839,,,0.9798330481019317
214,2869125000,,0.9802896865093164,,,0.9789767233608485
215,2869400000,,0.9801693336240787,,,0.9782971453101093
216,2869675000,,0.9803214629488426,,,0.9775565438411369
217,2869950000,,0.9789519916268433,,,0.9746647170938166
218,2870225000,,0.978670449801087,,,0.9739910808999231
219,2870500000,,0.9764796287464053,,,0.9728076109567461
220,2870775000,,0.97558373200334,,,0.9704018443974316
221,2871050000,,0.9733217902123608,,,0.9706665134961422
222,2871325000,,0.9728190108393072,,,0.9695172138044783
223,2871600000,,0.971339563682698,,,0.9682417431771464
224,2871875000,,0.9713501312465224,,,0.9681559323058496
225,2872150000,,0.9697729450228995,,,0.9691036002653636
226,2872425000,,0.9695285635167328,,,0.9692913565315674
227,2872700000,,0.9697635593472511,,,0.9693459830378315
228,2872975000,,0.9682620204974718,,,0.9707965442985484
229,2873250000,,0.9688184579971477,,,0.9706055708380967
230,2873525000,,0.9699961706066621,,,0.9721816751209822
231,2873800000,,0.9707224822287778,,,0.9733568883478065
232,2874075000,,0.9710757836596328,,,0.973397081862164
233,2874350000,,0.9706699305392341,,,0.974327310020621
234,2874625000,,0.9716998315982593,,,0.9751266537777917
235,2874900000,,0.9725282820562013,,,0.9769183522352332
236,2875175000,,0.9742176513606299,,,0.9775288379434882
237,2875450000,,0.975416251575453,,,0.9770948814227559
238,2875725000,,0.9759288982487934,,,0.9788551441081893
239,2876000000,,0.9774846162613596,,,0.9785775483187691
240,2876275000,,0.977615357037419,,,0.9802055522388764
241,2876550000,,0.9784653346606427,,,0.9805953359828342
242,2876825000,,0.9788559222499923,,,0.9822623679448604
243,2877100000,,0.9801881699365032,,,0.9841442830616199
244,2877375000,,0.9809118250159026,,,0.9825334303258881
245,2877650000,,0.9817244276185653,,,0.9836080695829763
246,2877925000,,0.9822197347048847,,,0.985301652658427
247,2878200000,,0.9830125950408946,,,0.9856321870275463
248,2878475000,,0.9837676335923737,,,0.9856156234304282
249,2878750000,,0.9837035818834147,,,0.9857162710815203
250,2879025000,,0.9849421849478611,,,0.9869629552211809
251,2879300000,,0.9850832809328521,,,0.9886364539173681
252,2879575000,,0.9866204051804744,,,0.9885484744951987
253,2879850000,,0.9867159457878811,,,0.9875521075652206
254,2880125000,,0.9871122642747424,,,0.9883857934162725
255,2880400000,,0.9876086771253688,,,0.9890049271485618
256,2880675000,,0.9874887567416635,,,0.9900844352554592
257,2880950000,,0.9890705535759226,,,0.9909352086315221
258,2881225000,,0.989140314034371,,,0.9901422982540198
259,2881500000,,0.9896330985120894,,,0.9911218115761973
260,2881775000,,0.9899595676712029,,,0.9919210096314208
261,2882050000,,0.9912126041585719,,,0.9922853454063388
262,2882325000,,0.9917750503592657,,,0.9928011493533461
263,2882600000,,0.9915892339801183,,,0.9920091654222749
264,2882875000,,0.9913857127006465,,,0.9937567679087267
265,2883150000,,0.9914107534912059,,,0.9947235703202452
266,2883425000,,0.9919888762756944,,,0.9929317111222737
267,2883700000,,0.992135729746472,,,0.9935898010035248
268,2883975000,,0.9924765163784186,,,0.9942533100153059
269,2884250000,,0.9930953411019319,,,0.9942255893570544
270,2884525000,,0.9943407276176471,,,0.9943310573779636
271,2884800000,,0.9937483781490942,,,0.9946705519845618
272,2885075000,,0.9942734284268924,,,0.995156076550893
273,2885350000,,0.9958363494880151,,,0.9953997372276204
274,2885625000,,0.9950914346784213,,,0.9953931556041833
275,2885900000,,0.9949277833495168,,,0.9962532113629572
276,2886175000,,0.9945935746362191,,,0.9964453468327388
277,2886450000,,0.9960847271727645,,,0.9962543175398066
278,2886725000,,0.9953181053710769,,,0.9967761984546284
279,2887000000,,0.9959424502949001,,,0.9971765152745126
280,2887275000,,0.9953751471072475,,,0.9970335717519319
281,2887550000,,0.9977294172909454,,,0.9979919547740381
282,2887825000,,0.9977566864582802,,,0.9964689051533407
283,2888100000,,0.9962446006233177,,,0.9974655922677371
284,2888375000,,0.9961883862396584,,,0.9967307655154103
285,2888650000,,0.99656647214243,,,0.9962402631188705
286,2888925000,,0.9963060641270167,,,0.997157734795134
287,2889200000,,0.9976774688715035,,,0.9973139615050829
288,2889475000,,0.9982470326637105,,,0.9976261850233072
289,2889750000,,0.9966401373526433,,,0.9977201477218636
290,2890025000,,0.9975578696695496,,,0.9981073355101973
291,2890300000,,0.9983214147546374,,,0.9971363023004345
292,2890575000,,0.9972434474177644,,,0.997353500746949
293,2890850000,,0.9976512453715943,,,0.9981434145475135
294,2891125000,,0.9983789104703855,,,0.9977762049173539
295,2891400000,,0.9980940587243216,,,0.9986996427420981
296,2891675000,,0.9982244760476492,,,0.9983788022048468
297,2891950000,,0.9983402446982654,,,0.9991447804441477
298,2892225000,,0.9982590754954898,,,0.9976956858758751
299,2892500000,,0.9986255603980428,,,0.9975853769902199
300,2892775000,,0.9981232526035353,,,0.9981964888871384
301,2893050000,,0.9980458221627209,,,0.9981342444316098
302,2893325000,,0.9989791069774884,,,0.998869427854913
303,2893600000,,0.9975558221872072,,,0.9987370773193389
304,2893875000,,0.9980238500422638,,,0.9987715819779648
305,2894150000,,0.9972075044259006,,,0.9984257920141255
306,2894425000,,0.9982885054313934,,,0.9980010373376126
307,2894700000,,0.998570336839113,,,0.9984309440634486
308,2894975000,,0.998053822750468,,,0.998180725601474
309,2895250000,,0.9990700380791465,,,0.9991234409305474
310,2895525000,,0.9981545814234513,,,0.9989968160775565
311,2895800000,,0.9989118642025097,,,0.9986422249021923
312,2896075000,,0.9987212664230536,,,0.9991153109212935
313,2896350000,,0.9983367226786056,,,0.9994103162354966
314,2896625000,,0.9982772158692047,,,0.9993229068928281
315,2896900000,,0.9983980239103515,,,0.9989327757832289
316,2897175000,,0.9988751375034731,,,0.9980702990120871
317,2897450000,,0.9998935954578565,,,0.99971587221893
318,2897725000,,0.9990149306429035,,,1.0002459837505522
319,2898000000,,0.9996807051663101,,,1.0001684671002073
320,2898275000,,0.9991235148986997,,,0.9989430873096288
321,2898550000,,0.9991955471291526,,,0.9995599440870382
322,2898825000,,0.999074939448153,,,0.998842831390816
323,2899100000,,0.9998918523049319,,,0.9994656378610213
324,2899375000,,0.9991919754305062,,,0.9995325386857928
325,2899650000,,0.9998020324921061,,,0.9998379304114721
326,2899925000,,0.9989667249639602,,,0.9999091814961106
327,2900200000,,0.9995696944201353,,,0.9999048201308604
328,2900475000,,0.9998172088814792,,,0.9994394585993693
329,2900750000,,0.9992047241848406,,,0.9996015806168401
330,2901025000,,0.9985830500717651,,,0.9996697654981892
331,2901300000,,0.9991864990600032,,,1.0002129179004948
332,2901575000,,0.9996159605006073,,,0.9978124971981842
333,2901850000,,1.0008661324355643,,,0.999491162415821
334,2902125000,,1.000557700854572,,,1.000117588078443
335,2902400000,,1.0000000541832912,,,1.0001175605836499
336,2902675000,,1.0005981412889404,,,0.9997212255491386
337,2902950000,,0.9995779868905518,,,0.9995486305184926
338,2903225000,,1.0007642739515357,,,0.999945873592806
339,2903500000,,1.000334991858562,,,1.000481035455369
340,2903775000,,1.0003813372928123,,,0.999662864984106
341,2904050000,,0.9995738246070475,,,1.0001255102013986
342,2904325000,,0.9993181166487468,,,0.9996156677605034
343,2904600000,,0.9990118256124337,,,1.0006070790294652
344,2904875000,,0.9997116599247033,,,1.0004022452588286
345,2905150000,,0.9998442283790594,,,0.99944627345231
346,2905425000,,0.9996246724075765,,,1.000133165148609
347,2905700000,,0.9985177073926945,,,0.9999930398032856
348,2905975000,,0.9983839119528685,,,1.000086494406248
349,2906250000,,0.9985154383696166,,,0.9997088740941442
350,2906525000,,0.9987164682315155,,,0.999774942740579
351,2906800000,,0.9999242973663958,,,0.9999455121872145
352,2907075000,,1.0000317365953382,,,0.9993746024458801
353,2907350000,,0.9996291573564723,,,0.9990702298032349
354,2907625000,,0.9996866612008471,,,0.9998341960025615
355,2907900000,,0.9994991413946819,,,1.0001081729453551
356,2908175000,,0.999639246520164,,,0.999321696497692
357,2908450000,,1.0016632520924056,,,0.9990493929383986
358,2908725000,,0.998776539752554,,,0.9991725822594664
359,2909000000,,0.9992162311687456,,,1.0000346465164633
360,2909275000,,1.0000443199352869,,,1.000329079203497
361,2909550000,,0.999240210461071,,,1.000036773291584
362,2909825000,,0.9994801697922695,,,1.0006109714917204
363,2910100000,,0.9992446947617298,,,1.0002404385194383
364,2910375000,,1.0001651094513893,,,1.0003540874569126
365,2910650000,,1.0001246028065194,,,1.0003890393820951
366,2910925000,,1.0001746085167202,,,1.0001742274940708
367,2911200000,,1.0002427503825901,,,0.9999340044723024
368,2911475000,,0.9995571885838757,,,1.0000167583497201
369,2911750000,,1.0005516526905007,,,0.9998909713329468
370,2912025000,,0.9995443262140582,,,0.9997747314800809
371,2912300000,,1.0000807319545633,,,0.9995802433070472
372,2912575000,,0.9999920020391967,,,0.9999255248914801
373,2912850000,,0.9994555172124371,,,1.0007457894477982
374,2913125000,,0.9990338468983074,,,0.9995924551800016
375,2913400000,,0.9996591420693739,,,0.9989893187153267
376,2913675000,,0.9996554134889402,,,1.0003602802561387
377,2913950000,,1.0001482296625674,,,0.9996593400210826
378,2914225000,,0.9996724192604804,,,1.0006106733301943
379,2914500000,,0.9996691486334293,,,0.999799101583516
380,2914775000,,1.0006415378020457,,,0.9993201017965303
381,2915050000,,0.9992542677160757,,,0.9991595993090407
382,2915325000,,0.9999773490850319,,,1.0001332166091528
383,2915600000,,1.000457658990474,,,1.0000103063334473
384,2915875000,,0.9995221965721425,,,1.0002072989414759
385,2916150000,,0.999468582450219,,,0.9998595503652009
386,2916425000,,0.9992546788487506,,,0.9999034341320558
387,2916700000,,1.0008540306384992,,,1.0000351080753171
388,2916975000,,0.9998779768010709,,,1.0000432800190875
389,2917250000,,0.9995400906863543,,,0.9996333425290852
390,2917525000,,0.9994691117546303,,,1.0002372320409392
391,2917800000,,0.9991998923933686,,,1.0005396090492653
392,2918075000,,1.0005071876830705,,,0.9996974835795461
393,2918350000,,0.9997335178896113,,,0.9997019769968923
394,2918625000,,1.0013568621090618,,,1.0002996054556017
395,2918900000,,0.9993478786937555,,,0.9995502143463197
396,2919175000,,0.9986293720254596,,,0.9998929592622154
397,2919450000,,1.0002826986274953,,,0.9994567890605738
398,2919725000,,0.9996334496392081,,,1.0002987634237432
399,2920000000,,1.00016765850378,,,0.9994712597513242
