,frequency,15C_201,15C_401,25C_101,25C_201,25C_401
0,2810275000,0.9980131312874743,0.9991385055090045,0.9989046824359689,0.9996261433084195,0.9994323838886379
1,2810550000,0.9978513391041585,0.9978503644738188,0.9978180133947474,0.9986789774402182,0.9968425185863014
2,2810825000,0.9994359080089394,0.9988664056335977,0.9979071658161496,0.99901130223604,0.9992214916530484
3,2811100000,0.998502205488383,0.9984531444136493,0.9981680403790133,0.9985198170500134,1.0008536665922296
4,2811375000,0.9980447385138147,0.9978043889275113,0.9988692362858766,0.9986530937461359,0.9981419198808121
5,2811650000,0.9994811826387678,0.9978595833827834,0.9985258228659626,1.0001532575126528,0.9975483333704656
6,2811925000,0.9993578265548149,0.9985494487858186,0.999126427201857,0.9990623491312434,0.9964670925775077
7,2812200000,0.9974472987762791,0.9981014703011819,0.9985471706392974,0.9972719515015201,0.9978940982021988
8,2812475000,0.999581781104961,0.9987533350836497,0.9992069820852804,0.9993905030867741,0.9983712303964654
9,2812750000,0.9988696540547058,0.9981933895896478,0.9981943722438973,0.9985326049637429,0.9980376764678889
10,2813025000,0.9983834837184139,0.9987877628273277,0.998802944644972,0.9981879016833245,0.9974658798465047
11,2813300000,0.9981959718771855,0.9985989709171065,0.9985957316683478,0.9991903030545366,1.0006768914683613
12,2813575000,0.9996901493323633,0.9979553505740243,0.9990875657461633,0.9993733998102003,0.9982834230309625
13,2813850000,0.9986019700066885,0.9983007585462503,0.9990662798262442,0.9990927917628357,0.9977426242270162
14,2814125000,0.9988952197617413,0.9982010012622007,0.9975457192852982,0.9989010815247219,0.9992703617367122
15,2814400000,0.9984859531172126,0.9982751494074336,0.9981596926759417,0.9993947792918715,1.0003748002283452
16,2814675000,0.9988348507487663,0.9985289169043148,0.9985217264513195,0.998038023402042,0.9932974830222245
17,2814950000,0.9986734470968465,0.9987725456896017,0.9999652884858028,0.9990864696840751,0.9955549569671966
18,2815225000,0.9983780475631316,0.9979593219389055,0.9983021526538418,0.9987892807777935,0.9956733268936421
19,2815500000,0.999552181744534,0.9990144998445705,0.9988300981593367,0.9988484310190131,0.9955109385696408
20,2815775000,0.9993074797237501,0.9992335408782202,0.9997970330951782,0.9987074914433058,0.996865005652666
21,2816050000,0.9993186641146325,0.9982271005097477,0.9987333391965697,1.0003483268506679,0.9979917110254435
22,2816325000,0.9988872154689072,0.9986055895111113,0.9987733595202879,0.9992629939497254,0.9956518052981842
23,2816600000,0.9985008482768596,0.9987917106794711,0.9983893819055132,0.9990858157830497,0.9988780065682592
24,2816875000,0.9988062481101501,0.9989325457567524,0.999134779493524,1.0007887474078554,1.0000964349533963
25,2817150000,0.9996341338793575,0.9981402741275691,0.9990217879681932,0.998273662840491,1.0030212185151193
26,2817425000,0.9999973273442488,0.9989027865585216,0.9992264063225755,0.9994854337659584,1.000118741844288
27,2817700000,0.9997576022085226,0.9991109299379946,0.9989491509721563,0.9996684856481854,0.9996238353740172
28,2817975000,0.9998883067850342,0.9998516992407828,0.9987362080342411,0.99847425901241,0.9978813751682164
29,2818250000,1.00003963169785,0.998843432948378,0.999789026963997,0.999268454162423,0.9967729560420009
30,2818525000,0.9978643130702652,0.9991230796875503,0.9993683745123346,0.9999627948057024,1.000246770826573
31,2818800000,0.9993910123708073,0.9985452412485871,0.9987068616032145,1.0004102934352472,1.000295299908495
32,2819075000,0.9974385289000047,0.9981755230657682,0.9996898372483218,0.999340527566742,0.9986671990954192
33,2819350000,1.0007505284033367,0.9989998316940829,0.9996615617632935,1.000054268510969,1.0002750261772204
34,2819625000,0.9998625227168759,0.9982781516075412,0.9987753636590908,0.9995077167008546,1.0015696107003855
35,2819900000,0.9980131982826252,0.9999953054049154,0.9995859218126186,0.9999818870858712,0.9996045504960154
36,2820175000,0.9985156697648412,0.9988266500375816,0.9992123696875701,0.9990335957347666,1.0019393071974205
37,2820450000,1.0002542092376934,0.9987672531415899,0.9989655506404486,0.9996250055970971,0.9998434762369028
38,2820725000,0.998544914888666,0.9992339278432376,0.9990002754567938,1.000010097838117,0.9984732992020865
39,2821000000,0.9994790030220516,0.9987967278779761,0.9987442956618292,0.9992122309652023,0.9967635638476575
40,2821275000,0.9999144965896527,0.9993752051303779,1.0005810447886194,0.9999943728120073,0.9987700217551934
41,2821550000,0.9994230714194318,0.9991404692040535,0.9991460937485601,0.9998521343975101,1.001618848267634
42,2821825000,1.0008469942589007,0.9993713347747417,0.999138819381582,1.000519289337775,1.0019802306052903
43,2822100000,0.9991896276060374,0.9984503769913221,0.9999685880591432,1.0008593477282732,0.9990960931823669
44,2822375000,0.9994144827271991,0.9988626335004801,1.0006508298085175,0.9988795324183063,1.0017653278598586
45,2822650000,0.9983751162606243,0.9985388101665125,0.9992903661512451,0.9991019103366463,0.9996738707723081
46,2822925000,0.9998772448989222,0.9992332616173517,0.9995369703182797,0.9999750184848347,1.0037313078058046
47,2823200000,1.0016185228718508,0.9995094716893712,0.9988940832297232,1.000820465873365,0.9993963510242275
48,2823475000,1.0002639005546436,0.9987193759726938,0.9998572219936501,1.0009503886891291,1.0010071672694716
49,2823750000,1.0002710336460194,0.9983910376245888,0.9982808877967365,0.9997846731821574,1.0009989155938164
50,2824025000,1.000027953150466,0.9983552529848199,0.99963509704193,0.999417281707514,0.997413411641681
51,2824300000,1.0001252530680131,0.9995317143845002,0.9985114447272891,0.9984312242315949,1.0029875703960798
52,2824575000,0.9994325339495516,0.9994068539869089,0.9982003212464332,0.9995293896787817,0.9980601359896848
53,2824850000,0.999805339647879,0.9970572422212095,0.9992456030116531,0.9996557220010525,1.0003048477973686
54,2825125000,1.0005719203243664,0.9986698682758329,0.9993718247225394,1.0000403131632893,0.9982763710460785
55,2825400000,1.0003091472118837,0.9989422867396043,0.9991591548096204,0.9994951844043017,0.9975807262104337
56,2825675000,0.9989884503860906,0.998776952903098,0.9992236259369739,0.9997357921500581,1.002878660919956
57,2825950000,1.0007421182949032,0.9980224123434993,0.9995576960278263,0.9991603140992771,1.0044319278763758
58,2826225000,1.0011570610103788,0.998724819582433,0.9996981573960452,1.000019993599622,0.9987170762084753
59,2826500000,1.0006006195615114,0.9982764649764985,0.9997393963361515,1.000109522651708,0.9969657206223127
60,2826775000,1.0007664447970614,0.9986090462743455,0.9991713268755462,0.9997317363521506,1.001052618848312
61,2827050000,0.9977727678655723,0.9987706026853276,0.9996590413269181,0.9994228849250081,1.0011591920534895
62,2827325000,0.9990193225082379,0.9974711272933441,0.9996125512868168,0.9987707696657654,0.9967864095861255
63,2827600000,1.0007522276130507,0.9994837365190838,0.9994821607502843,1.0002486714276362,0.9976492513093114
64,2827875000,0.9998585853381678,0.9990984462099022,0.9997132377654262,0.9984121490940212,0.9996106181446968
65,2828150000,0.9985649724532685,0.9991740359172464,0.9998257283434197,1.0004261210120635,1.0025201042902463
66,2828425000,1.0007816743843798,0.9981051249972123,0.9988579017023024,1.0002306312763198,0.9996211224645231
67,2828700000,1.0006367183421983,0.9984102736555662,0.9997591264957694,1.0002018187001074,1.0000213092967085
68,2828975000,0.9996277289605964,0.9984262106760164,0.9988476315918843,1.0002791975576129,0.995135152975275
69,2829250000,0.9996145620449166,0.9979896362127302,0.9993318776883515,0.9987118170132001,0.995562636799071
70,2829525000,0.9985664044029943,0.998191216710875,0.9991659058397722,0.9998873229837508,0.9952909316731617
71,2829800000,1.000456962229091,0.9983730491785177,0.9997693186262157,0.9995125442657914,0.9965449033603514
72,2830075000,0.9999955961526927,0.9990914494399875,0.9992342069737421,0.9992218074175432,0.9999006986904453
73,2830350000,0.998898437591952,0.9985632970081403,0.9974394904849853,0.9999404707484318,0.9985989714957604
74,2830625000,0.9987242758334803,0.9981520962662735,0.9994926589685085,1.000204482442983,0.9983389364200274
75,2830900000,1.0022164751239016,0.997842447321966,0.9994614751646463,0.9990195409677931,0.9968663671375901
76,2831175000,1.0009699596134387,0.997953508827135,0.9994763849340472,0.9991553981968955,0.9983399522054182
77,2831450000,1.0015849213087287,0.9973535598260206,1.000080768065353,0.9999253704868135,0.9937166132864834
78,2831725000,0.9984088460863821,0.9988639293810408,0.998692284509958,0.9981672760098855,0.9966519751303917
79,2832000000,1.0010897019103862,0.9976556313996192,0.9990366143560406,1.000457044034928,0.995311177735354
80,2832275000,0.9987371453222567,0.9976384147709141,0.9990859311275918,1.0003337632196163,1.0002369363207695
81,2832550000,0.99924557567062,0.9967155091182687,0.9993560806339299,0.9981034237072977,0.9978645780014508
82,2832825000,1.0004252033374692,0.9972845205544898,0.9991946990992113,1.000522869495184,0.9971117763704029
83,2833100000,0.9992376399107492,0.9977991458173661,0.9992433835290069,0.9996906648790241,0.9999849706550763
84,2833375000,0.998866057305978,0.9983411336171072,0.9991014682631194,0.9993863890816367,0.9959547981653616
85,2833650000,0.9988511909034722,0.998303610848307,1.000065248313567,0.9996769890445052,1.0034456663146476
86,2833925000,0.9992425596659054,0.9978472238645473,0.9985819584417102,1.0000125351936344,0.9923145921728692
87,2834200000,1.0002356215463708,0.9979644507726482,0.9988140978663251,1.0001486640597952,0.9950083846845719
88,2834475000,1.0002785764812991,0.9974005063958189,1.0000723333954953,0.999071821268999,1.0004513745855297
89,2834750000,0.9984419383979197,0.9975203823283817,0.9990902721771291,0.9991662909992307,0.9977174326472882
90,2835025000,0.9982772391305875,0.9982731086428815,0.9982780551932019,0.9991867294640168,1.0012276873823631
91,2835300000,0.9985064972836387,0.9967330046828708,0.9978969877393774,0.9980261715669938,0.9965287308965978
92,2835575000,1.000522758449255,0.9951908160417624,0.9995171719209544,0.9988898178343578,0.9994749924179953
93,2835850000,0.9998543301561214,0.9980997737233086,0.9998526574531769,0.9983969446321952,0.9964055495836558
94,2836125000,0.9983984298387132,0.9969476089609521,0.9994011270934845,0.9988462458503223,0.995971000345755
95,2836400000,1.0001469478023457,0.9977505306776532,0.9995101097028787,0.9998578779374926,0.9965882583821521
96,2836675000,0.9998313422602326,0.9967747036560952,0.9983528148078249,0.999241234564939,0.9927883718372341
97,2836950000,0.9990756524411202,0.9977956056009317,0.998275688370502,0.9985503576154118,0.9940094160719004
98,2837225000,0.9992852344170222,0.9975486744434715,0.9985715368567036,0.9998289577497056,0.9932803984840641
99,2837500000,0.9995015992387165,0.9975391809087342,0.9985614461210958,0.9990470382748716,0.9985086582809688
100,2837775000,1.0000676250211005,0.9972156886634669,0.999406361606571,1.0005865930490976,0.9953611946971976
101,2838050000,0.9988182078192491,0.9967722986018444,0.99933630695332,0.9983194946318145,0.9939940786125846
102,2838325000,0.9998656606030242,0.9964553639326061,0.9993212196096408,0.9994013281758969,0.9936769883313334
103,2838600000,0.9996534143370862,0.9957944890623108,0.9979359654058648,0.9986390884307716,0.9946241276258396
104,2838875000,0.9987245006464542,0.9957323060456577,0.9988744839112138,0.9987221512742454,0.9979815894074667
105,2839150000,0.9984962505249315,0.9969047523731959,0.9984435775841383,0.9995661144829765,0.9964411415775449
106,2839425000,0.9979479727219152,0.9958385036486515,0.9981114691127314,0.999953910051697,0.9925264172455
107,2839700000,0.9995602769917031,0.9949822923181566,0.9999711722044289,0.9985899295437565,0.9923114535407278
108,2839975000,0.999614553665819,0.9964396197732242,0.9982090191826798,0.9995139368534983,1.0019710672142015
109,2840250000,0.9991878841220642,0.9957004373772151,0.9979678806203358,1.0003534919010224,0.9957743290494407
110,2840525000,1.0004021907363774,0.9942662650149127,0.9975843340252918,1.0002892719446188,0.9966863174950127
111,2840800000,1.000976902703024,0.9956888625007106,0.9980505430087557,0.9982824708279675,0.9984748291223389
112,2841075000,0.9995932735929184,0.9948484633828006,0.9972011479477453,0.9990519901379498,0.9929569760643119
113,2841350000,0.9984710727549568,0.9959578247994684,0.9982653862196352,0.9985324430831439,0.9948514324622615
114,2841625000,0.9986942950038102,0.9952373326721086,0.998431897765645,0.9995947745690463,0.9982338461406609
115,2841900000,0.9997951349356313,0.9952194918930216,0.9981517451116766,0.9992529381730924,0.9898111430857478
116,2842175000,0.9988703122640311,0.9949380487943118,0.9977314455000011,1.0005785616914025,0.9949706241980574
117,2842450000,0.9984642344959402,0.9952247331028569,0.998132650654878,0.9997958225988208,0.9942747667194975
118,2842725000,0.9991852656660024,0.9944554020487472,0.9976519082870692,0.9986556851625746,0.9889655964152531
119,2843000000,0.9998359197699374,0.9941049844467021,0.9966784858169523,0.9997398653791744,0.9972751174938403
120,2843275000,0.997973234814334,0.9944429044983214,0.9974165058915423,0.9993235517239398,0.989039073769586
121,2843550000,0.9991135887997329,0.9941582865090167,0.9984423626280968,0.9984912497027222,0.9954234888330507
122,2843825000,0.9991003780841211,0.9938361442925558,0.9966453236271731,0.999483071283778,0.9902387965084791
123,2844100000,0.9974028667593962,0.9936616833923857,0.9972488614358997,0.997866387158018,0.9897773955165525
124,2844375000,0.9983802918305699,0.9941511631533898,0.9970612566331871,0.9984219070384435,0.9954678545493121
125,2844650000,0.9989119063672602,0.9931186400595189,0.9971350995514885,0.999423237264604,0.990442973275057
126,2844925000,0.9978076008786827,0.9930570513638319,0.9956429034050575,0.9990159592771032,0.9959192116113971
127,2845200000,0.9990983326164031,0.9932046649679179,0.9970942530712346,0.9979567594998671,0.9959007149382976
128,2845475000,0.9977039610590495,0.9931634766039937,0.9969807931971211,0.9987463382372985,0.992354575232945
129,2845750000,0.9982672567762176,0.991692431094415,0.9968314370129417,0.9986207393196329,0.9919405398812395
130,2846025000,0.9995769776302834,0.9928921624336147,0.9961027203887015,0.9980275380230135,0.986988602591941
131,2846300000,0.9971742315854156,0.9925545390855192,0.9956540465035387,0.9982888344419217,0.9946217081214752
132,2846575000,0.9989194832082576,0.9935353820350261,0.9964430526517668,0.998029389201616,0.9896334404611351
133,2846850000,0.9999667898039772,0.9919389359213753,0.9956185963536113,0.9990318218087401,0.9939362011571654
134,2847125000,0.9995180336753806,0.9934568020031074,0.9960412554089118,0.9970834545242915,0.9899979045892658
135,2847400000,0.9986957857570253,0.9931622020090508,0.9956309368716069,0.9983706138863782,0.9902613963364568
136,2847675000,1.0008568654865817,0.9917467628751023,0.9965844062075877,0.9979643833971374,0.9911147039968502
137,2847950000,1.0001948789443904,0.9920957726341052,0.996225208568961,0.9973601909717796,0.9947880103541532
138,2848225000,0.9989683602628432,0.9906374227164356,0.9956389251105956,0.9986037430191284,0.9871073870146162
139,2848500000,0.9996050475953278,0.9919714799007145,0.9957608267475421,0.9969937998438054,0.9812802862077983
140,2848775000,0.9976034828090189,0.9907904468412215,0.995480422551324,0.9974959572336365,0.9925492964625813
141,2849050000,0.9983148266043059,0.9913843115877777,0.9945700612908164,0.9980674367606103,0.9912077445982446
142,2849325000,0.9995773451053435,0.9903100217586666,0.9952349157420071,0.9972777310509195,0.9900802935670034
143,2849600000,0.9974456727768694,0.9902876859616474,0.9952996210043322,0.996710568558101,0.9856665854615558
144,2849875000,0.9967354004825237,0.9896292766755992,0.9942690297953276,0.997233579786513,0.9893416912610784
145,2850150000,0.9990964140571782,0.9903422389776229,0.9947047005246478,0.9970750223472336,0.9864451390567808
146,2850425000,0.9971622809693326,0.9902502283124499,0.9941857380585399,0.9973963615573025,0.9861483423693072
147,2850700000,0.9980688944111537,0.9885842794245053,0.9941394426935639,0.9966275083589823,0.9901776805654676
148,2850975000,0.997234230324195,0.9883523500644769,0.9934495183678801,0.9954986773416825,0.9866898899079615
149,2851250000,0.9981676386061771,0.9888088684008552,0.9935718916504118,0.9966129059228257,0.9859080264772938
150,2851525000,0.9970028264907329,0.9872138636753323,0.9928720719825271,0.9950156809824852,0.9872214329875015
151,2851800000,0.9968630955487094,0.9871991081784145,0.992721656051423,0.9959772989644173,0.9867861741678619
152,2852075000,0.9968101096401168,0.9868450544391956,0.9919598283665232,0.9950284793516844,0.9860471372128143
153,2852350000,0.9957283002253293,0.9855636387266697,0.991574772781003,0.9955040233724132,0.9868634217315455
154,2852625000,0.9961610953742648,0.9848971817794171,0.9910017637243951,0.9953553390932244,0.9837825162407694
155,2852900000,0.9961520872597243,0.9846026165149198,0.9909775273451609,0.9951601548956788,0.9817597042734421
156,2853175000,0.9944763015243681,0.9844300594039678,0.991073748279295,0.9949749940004767,0.9804242674582586
157,2853450000,0.9955383013486951,0.9840878972850579,0.9900128080406797,0.994554444694607,0.986496011866011
158,2853725000,0.9944486721416732,0.9827290161273013,0.9898581138502089,0.9940084924679313,0.9810350370628871
159,2854000000,0.9953551351880593,0.9835932703981899,0.9901682235884652,0.9921051760451531,0.984122615691267
160,2854275000,0.9947505858118719,0.9829654647833231,0.9900841160244883,0.9938031257983772,0.9768543495950821
161,2854550000,0.9944063603594884,0.9820917639483971,0.9883059665615168,0.9929832018223247,0.9814891927393773
162,2854825000,0.9943531881684917,0.9816651831728676,0.9882189069393411,0.9921975541556369,0.9839079926088505
163,2855100000,0.9929888512298625,0.980472291287573,0.9879041220545695,0.9932817570992872,0.9785993979154761
164,2855375000,0.9929667253982121,0.981460433572286,0.9874933314269484,0.9913326445248106,0.9832992500219848
165,2855650000,0.9932734260836907,0.9805654165196112,0.9862568935382651,0.9913195161510797,0.979050920459845
166,2855925000,0.9923424271398821,0.980833576576152,0.9872290228502026,0.9900340451103214,0.9816271670246812
167,2856200000,0.9926120124798297,0.9797216697974425,0.9864328461133173,0.989386422921306,0.9728463621119405
168,2856475000,0.9897432128493971,0.9786704382029492,0.9843037830807339,0.9892164748986809,0.9802880958540718
169,2856750000,0.9913142527308112,0.9785862178603354,0.9841876089817402,0.9874262614069688,0.9776023742984554
170,2857025000,0.9924487419258474,0.9781379929960445,0.9835142919048002,0.9881396302936223,0.9792528652174537
171,2857300000,0.989523634508932,0.9771578123550839,0.982768368179278,0.9869326068892027,0.980241879516715
172,2857575000,0.9877281259418922,0.9764734514559652,0.9828873360109885,0.9866058600654477,0.9749481244397127
173,2857850000,0.9901985089146358,0.9770943143670013,0.9823156696795016,0.9863759963684157,0.9735441072141162
174,2858125000,0.9879121933988741,0.9770502028521701,0.982068379711939,0.9847751078297486,0.9725578494977519
175,2858400000,0.9890576968576106,0.9756567332585763,0.9808761440370993,0.9843556182299189,0.9752064829978474
176,2858675000,0.9869428981822448,0.9748654630867704,0.9804496830008839,0.9851644603724992,0.972967796479048
177,2858950000,0.9876784314128992,0.9739382413462383,0.9785370508995497,0.9837112423748454,0.966709250801021
178,2859225000,0.9842577152997055,0.9726327869900957,0.9783979670891683,0.982991321055695,0.9662883150092492
179,2859500000,0.9837042200264744,0.9727500188681037,0.9770773337243476,0.9829972593635811,0.9695368176455318
180,2859775000,0.9860965676061785,0.9716720246037965,0.9781234806807091,0.9815045955277878,0.9672621441041686
181,2860050000,0.9816046856780731,0.9708482976461752,0.9772334734579095,0.9802901199531739,0.967422955883974
182,2860325000,0.9818649686435762,0.9702685107994146,0.9772232970602525,0.979136290180872,0.9690815901876821
183,2860600000,0.9824981030981389,0.9698848825005849,0.9755797790477443,0.9796084259828665,0.9594016880724914
184,2860875000,0.9815151904312304,0.9686973814055322,0.9739225922006763,0.9783147382085414,0.9657543851910434
185,2861150000,0.9812513004552418,0.9670049794263786,0.9736874020676702,0.9770221854213681,0.964333202923767
186,2861425000,0.9799941323406,0.9673166172529143,0.973248030371385,0.9756760437786322,0.9631441053850256
187,2861700000,0.9792081186956034,0.9667759842836366,0.9714058242793524,0.973801413266655,0.9582639855379542
188,2861975000,0.9779065163791302,0.9651555483350194,0.971244747635332,0.972713150859704,0.9651934936670477
189,2862250000,0.9770678447548183,0.964470764184223,0.9718074477471201,0.9737864348106513,0.9609081760896487
190,2862525000,0.9756458846411208,0.964340555877085,0.9699963876479469,0.972247799965944,0.9538866252172735
191,2862800000,0.9745956540409286,0.9621998149698338,0.9685404007353208,0.9708346862126989,0.9583042235852592
192,2863075000,0.9736599833051922,0.9636670453400566,0.968382330002508,0.9699088970647135,0.9604040207939222
193,2863350000,0.9723607349961186,0.96237109377119,0.9672448369294798,0.9711931324573024,0.9652431643811784
194,2863625000,0.9697227816155369,0.9627790301015311,0.965579539121244,0.9707062554467691,0.966179807071643
195,2863900000,0.9712281320510984,0.9612147188179424,0.9654651543565963,0.9697097785106178,0.9573454611074559
196,2864175000,0.9712739855233166,0.9607911708704959,0.965433458099166,0.970748156820288,0.9596182605840116
197,2864450000,0.9681608515189117,0.9617628186733086,0.9659166979109659,0.9705567638235967,0.9593835764905492
198,2864725000,0.9693676783692423,0.9615912753130129,0.9662099273676809,0.9699671969505123,0.9619524775991954
199,2865000000,0.969197408859338,0.9621707950488225,0.9659304809258216,0.9731603900813703,0.9603162898198605
200,2865275000,0.9704137512195394,0.9613458000504741,0.9653049519473846,0.9726911853013652,0.9677689943104559
201,2865550000,0.9698341785214739,0.9615930049000737,0.966461900782813,0.9750430906323957,0.9680356957559062
202,2865825000,0.9701269772840361,0.9626420165938296,0.9674561135356994,0.9765924329666582,0.9661912548683509
203,2866100000,0.9720573500769015,0.9636037188879233,0.9670904037017649,0.9776667211658262,0.9706739953518944
204,2866375000,0.973055162673839,0.964903212022021,0.9685083679520254,0.9796994621424889,0.9673056276633706
205,2866650000,0.9736163050456348,0.9650999903447639,0.9698301164763304,0.9810376755828264,0.9658833383941623
206,2866925000,0.9735312801446726,0.9647321374716762,0.9706952042674167,0.9818355164564574,0.9666304728095985
207,2867200000,0.9753268166655946,0.9660000796243833,0.9717668956718605,0.9808681394310819,0.9653282662946392
208,2867475000,0.9779921363023234,0.9658909697827076,0.9722737970822076,0.9818498631806517,0.970133071613838
209,2867750000,0.9811598673339844,0.9660228045374272,0.973205380224061,0.9812603699411211,0.9646917751330886
210,2868025000,0.9807385803439524,0.965579016863743,0.9735664173739894,0.9798099994811024,0.965850618333287
211,2868300000,0.9821076655775698,0.966082325991991,0.9727824246066321,0.9775138410191027,0.963940023656022
212,2868575000,0.9813062675402838,0.9654216978649814,0.9733161067988964,0.9763584297907462,0.9632454618329858
213,2868850000,0.9808673779979438,0.9656846989794584,0.9725866826959474,0.9745203565529922,0.95918493409057
214,2869125000,0.9803715284895302,0.964504550461989,0.9720018778462213,0.972244628375379,0.9635211980103358
215,2869400000,0.9785844242277266,0.9643967047009693,0.9716778730899371,0.9720142740515008,0.9633983012317768
216,2869675000,0.9782226853359003,0.9637433735977882,0.9699646472687189,0.9698743379158368,0.9607147918730932
217,2869950000,0.9750313220244724,0.9646598781275714,0.9688595348629874,0.9706470265349887,0.9618448626653765
218,2870225000,0.9746551229301741,0.9634287814044258,0.9691059411142865,0.9693375558694209,0.9634461314301166
219,2870500000,0.9727786138041699,0.9615699737997545,0.9664606189878469,0.9688525970505938,0.9616089957068122
220,2870775000,0.9710748722316085,0.961303586963749,0.9652454972681862,0.9693551056263255,0.9646396777002195
221,2871050000,0.9715327974147007,0.961021988859782,0.9663364750615056,0.9700801036903393,0.9563414523077718
222,2871325000,0.9694250129162585,0.9611365461819011,0.9655448738381824,0.9702587984522404,0.9647579771888493
223,2871600000,0.9697688143308266,0.961626502604394,0.9651504007588896,0.9704659767526662,0.9684197653688522
224,2871875000,0.9700522712145876,0.96184511567334,0.9660444438921942,0.9717132736740866,0.9672758268572912
225,2872150000,0.9687630188913332,0.9620964880836699,0.9656282847186737,0.9724275313199191,0.9645356481414313
226,2872425000,0.9707516644144626,0.9615402119612516,0.9662160739509453,0.9737381418281114,0.9688140335408268
227,2872700000,0.9711679210299297,0.963744455898766,0.9677510810727605,0.9745159761124415,0.9667655429441107
228,2872975000,0.971533906966803,0.9615950672083877,0.9671586221424726,0.9759788871226169,0.9661439023767466
229,2873250000,0.9710199123767473,0.9633574762770202,0.967936979942872,0.975791959853718,0.9733443199117757
230,2873525000,0.9731151322332385,0.9639893739727787,0.9692753917999063,0.9765181346090205,0.9721653014388894
231,2873800000,0.9734108342751856,0.9645210423582468,0.9699672526955342,0.9781871154606213,0.9699464465398132
232,2874075000,0.974471119531664,0.9655607127670439,0.9702340542296739,0.9789704747502876,0.9697729477862767
233,2874350000,0.9766866497966389,0.9660762374707413,0.9706735410748898,0.9800048399128064,0.9701520501162261
234,2874625000,0.9767254194361504,0.9667153941077368,0.972032642593988,0.9808795846440818,0.9725458309810433
235,2874900000,0.9762056462976625,0.9679404647841046,0.9732731277462581,0.9813873377734122,0.9688625850827945
236,2875175000,0.9784559977713194,0.9677218333417517,0.974253488720326,0.9821406389738365,0.969978195204716
237,2875450000,0.9779728117329812,0.9690279732306989,0.9745288268755548,0.9836998958947508,0.969790910965153
238,2875725000,0.9798078123990088,0.9696081558769494,0.9757458234892838,0.9840191667735335,0.9783435075981829
239,2876000000,0.9783606686687512,0.9718400483658257,0.976068911401296,0.982620452551634,0.9750626179223691
240,2876275000,0.9808306365040265,0.9708591723247926,0.9771776413112311,0.9852835842391195,0.9726069722219506
241,2876550000,0.9811907834480772,0.9729679849066922,0.9777790219040267,0.985213180418711,0.9761894617687176
242,2876825000,0.9818500483072683,0.972939911580179,0.9781325357162735,0.9878011370531168,0.9787749998031487
243,2877100000,0.9830541142825199,0.9729710232054937,0.9790386611649899,0.9862844955797913,0.9813275580191954
244,2877375000,0.9841131321112957,0.97413161607535,0.9790090884978204,0.9873610320760688,0.980039255623658
245,2877650000,0.9855999697880129,0.9746454073891241,0.9807124018642018,0.9883828453202916,0.973923089176518
246,2877925000,0.9852477103896018,0.975391174418484,0.9799942092918945,0.989370761862618,0.9758518750942392
247,2878200000,0.9844819521764367,0.976292162930887,0.9808091291312645,0.9892300140800123,0.9759579676647234
248,2878475000,0.9863819416504448,0.9761323607115588,0.9818832511628244,0.9885986949923682,0.9769584152067396
249,2878750000,0.9882142654433712,0.9774109194641507,0.983084877067658,0.9884432368596918,0.9823513023389538
250,2879025000,0.9881531713380305,0.9779107931814527,0.9829376761901797,0.9906626763570869,0.9779734298664702
251,2879300000,0.9894854772468378,0.9782387903092254,0.9830914800379386,0.9923935779344722,0.979161658565186
252,2879575000,0.989561721246163,0.9787500943079486,0.9836733208665247,0.9922400412795188,0.985806917947198
253,2879850000,0.9905909599101099,0.9788846996690636,0.9845563017081163,0.9925217307798262,0.979600720032332
254,2880125000,0.9906959445766512,0.9802537962602896,0.986273400966451,0.9933202656449531,0.9813011888940473
255,2880400000,0.98887374976283,0.9795590825689914,0.985921806056663,0.9926464489200061,0.9832537043824441
256,2880675000,0.9915299150393231,0.9811313665852185,0.986358796408617,0.9944584966698325,0.9784114696397734
257,2880950000,0.9920136896386358,0.9808525879546999,0.9861829989899477,0.9933762881675998,0.9839306712367437
258,2881225000,0.9935654377282438,0.9813806413450231,0.9869889102706434,0.9937348239237981,0.9803489672356254
259,2881500000,0.9916447702039607,0.9820323697408426,0.9867848223052549,0.9948979650869243,0.9843608922033464
260,2881775000,0.992036816316403,0.9830465135485774,0.9881499531292435,0.9946719667380706,0.9833370734978516
261,2882050000,0.9947712632248606,0.9823493632724497,0.9879393813939414,0.9954232183172813,0.9854100348916337
262,2882325000,0.9933238005928084,0.982518497372748,0.9878970812510346,0.9952256173103985,0.987934142653863
263,2882600000,0.9931526182377521,0.9838572450077935,0.9895099682697653,0.9949984868828552,0.9878458940050402
264,2882875000,0.9934196211834594,0.9836257029753096,0.9899081996207957,0.9945492658658528,0.9836605027138277
265,2883150000,0.9929912368790177,0.9841915461925,0.9892423365460726,0.9954121905715765,0.9896473240299393
266,2883425000,0.995384829337846,0.9838901235339896,0.9908293825692808,0.9962991558765262,0.9882380989844373
267,2883700000,0.9944323186247868,0.9842938419906172,0.9902534480102746,0.9962380317059141,0.9878098081125579
268,2883975000,0.9943737450692934,0.9850567871110927,0.9901803493136893,0.9971627184485692,0.9847274106289827
269,2884250000,0.9955924622014928,0.9857331615859113,0.9914632641285408,0.9968444534900843,0.989487878186287
270,2884525000,0.9953793337946468,0.9865858150853364,0.9913893472395567,0.9981863054441714,0.9857565220008428
271,2884800000,0.9961724873503577,0.9867504485593384,0.9914582455795682,0.9957436244338028,0.9875362406562687
272,2885075000,0.9954180739086226,0.9880381212364783,0.9915002173438219,0.9985240370206531,0.9891296293891667
273,2885350000,0.9956385787139939,0.9881836612808815,0.9929332220900666,0.9966618595174767,0.9905441882259018
274,2885625000,0.9969876311492051,0.9885626019062319,0.9925116401542381,0.9970941964271764,0.9878962433401663
275,2885900000,0.9956310334269478,0.9887323210375115,0.9934362063881366,0.9967940785729665,0.990514569887048
276,2886175000,0.997469354626638,0.9894963508072352,0.9940952606506264,0.996829666251646,0.9899065125950943
277,2886450000,0.9964805079419221,0.9901734180323973,0.9934820985852129,0.9972822618666113,0.9976127842268698
278,2886725000,0.9984630988676049,0.9900880990664628,0.9940239544423711,0.9990330175271949,0.9936936128345797
279,2887000000,0.9975529320756443,0.990693628945813,0.9937223225559864,0.9975559581584729,0.9892075705020629
280,2887275000,0.9954450047945018,0.9898330692130669,0.9947662264829625,0.9985011577819615,0.9924470447649048
281,2887550000,0.9961490119976952,0.9910753560005425,0.9949683739391263,0.9983811718260821,0.9916784902993697
282,2887825000,0.9982822773638574,0.9912056827139668,0.993497760037386,0.9989898609889393,0.9881168597348668
283,2888100000,0.9996551920848425,0.9902128279772543,0.9949885707611567,0.997681601304628,0.9935030799810728
284,2888375000,0.9963752502174368,0.9920498935642016,0.9946289844009505,0.9989063740287497,0.9924968971791139
285,2888650000,0.9984311298013371,0.9913799371747538,0.9948910542616228,0.997487646619196,0.9930539654091544
286,2888925000,0.9977127036670078,0.9918496968849507,0.9947094992247589,0.9977074511106478,0.9887065365963243
287,2889200000,0.9970066740285322,0.9921151892025779,0.9956273760846425,0.9983300156826451,0.9920601307681234
288,2889475000,0.9973203560590995,0.9918787347335694,0.9952537947151889,0.99898845427725,0.9935719426586835
289,2889750000,0.9957871899179906,0.9917446449379282,0.995330554479636,0.999098947419814,0.9950767189558072
290,2890025000,0.9964555524292769,0.9916836022228515,0.994800072795933,0.9983538775278807,0.9930865393212029
291,2890300000,0.9993147324925526,0.9918053857984208,0.9950191756711149,0.9983452980182284,0.9950505091852626
292,2890575000,0.9986623038445182,0.9916090821601042,0.9949539009415563,0.9978902231158994,0.9920570120240142
293,2890850000,0.9992989323309704,0.9918905261219849,0.9955672817867177,0.9994137849447562,0.9964160817546657
294,2891125000,0.9987078374042093,0.9919832495253413,0.9961980123722245,0.9986795490688591,0.9962025763213812
295,2891400000,0.9973169314544142,0.991972864417074,0.9964347088684578,0.9992119283140435,0.9941265559551355
296,2891675000,1.0008556859645947,0.9933788213011221,0.996011751100464,0.9989219527727633,0.9922203199072617
297,2891950000,0.9981551850978617,0.9924467328941469,0.9962592600763641,0.999014558927283,0.9915772976368471
298,2892225000,0.9985255215775123,0.9935063661564888,0.9968696222878036,0.998265404889766,1.0007770554482742
299,2892500000,0.9993323945731779,0.9940385438656528,0.9957149777300569,0.9981677750439418,1.0011853133702342
300,2892775000,1.0002450983351676,0.992534680227703,0.9965468327715528,0.9985568135943119,0.9933606210244654
301,2893050000,0.9975501614370863,0.9936779281968833,0.9963934778248746,0.9983264704701484,0.9889650612873024
302,2893325000,0.9988942976555594,0.9939147078212822,0.997286938697047,0.9997580341290034,0.9908937081349649
303,2893600000,1.0000903246661097,0.9943603186979257,0.9968029242520164,0.9998344816080108,0.9944954743512344
304,2893875000,1.0003815694059277,0.9945301448546712,0.9962026704650192,0.9989168509856944,0.9939190866457868
305,2894150000,0.9993756737519035,0.9945108347534114,0.9969329213538533,0.9986195646238107,0.9972414220652082
306,2894425000,0.9984980936488131,0.9952357675728314,0.9976311536747993,0.9991371170216882,0.9974299288680456
307,2894700000,0.999426492676854,0.9944582669691193,0.9980101633391989,0.9999833668831005,0.9974669156272928
308,2894975000,0.9995302573649367,0.9948014262250399,0.996281404136873,0.9985863582003655,0.9959524801343766
309,2895250000,1.000280374255626,0.9955031773401265,0.9978760923622978,0.9994109784696135,1.00138096580275
310,2895525000,0.9987841075112158,0.9949216247351775,0.9976145835581682,0.999652822250996,0.9933994863003199
311,2895800000,1.0003990260981388,0.9958500730091057,0.998146393034448,0.9983829723808257,0.995572712417395
312,2896075000,0.9998027477756466,0.9959317656817612,0.9980243392959816,0.9985800788014839,0.9990137134214357
313,2896350000,1.000359417123724,0.995866706212294,0.9975134915162804,0.9982756079900972,0.9951796141127027
314,2896625000,0.9982276378634986,0.995836730252218,0.9980449092074859,0.9990391499507835,0.9998754690169848
315,2896900000,1.0004144251229063,0.9964091916498758,0.998112032595412,0.9995934481379661,0.9963747761762328
316,2897175000,0.9971375241110696,0.9955255576330067,0.9977795978778407,0.998946734960725,0.9958821846071109
317,2897450000,1.0006441616953783,0.9960331353227597,0.9983195617533709,0.9985007650610493,0.9973403574230884
318,2897725000,0.9970193659998945,0.9968788738931308,0.9987327832469366,0.9993156779644787,0.9947524971928354
319,2898000000,0.9966604407660503,0.9969302564992114,0.9980397752042852,0.9999127892012938,0.9990348203589781
320,2898275000,0.9995265451770903,0.996519525129527,0.9980685741978725,1.000151277001055,0.9936607911900206
321,2898550000,0.9982486576190359,0.9967564822393495,0.997929153874484,0.9986759886415073,0.9962174420684545
322,2898825000,0.9987031256180945,0.9972483594767018,0.9991102090209698,0.9988849635991719,0.9951012317298412
323,2899100000,1.0002321946369304,0.9967119495268986,0.9983045176616058,0.9990914943689062,1.0001847552666383
324,2899375000,0.999183389406831,0.9973479651458645,0.998663056319986,0.9995411563644577,0.9992461587562114
325,2899650000,0.998352103921221,0.9974632223827049,0.998217061367831,0.9999080662772073,0.9938281701197744
326,2899925000,1.0013262835177303,0.9972250128693578,0.9982885077678273,0.998052946707795,1.0002284468290215
327,2900200000,1.0003471676419573,0.9971462337309827,0.9988852512598324,0.9995167592276317,0.9954009451686033
328,2900475000,1.0009631361007663,0.9977788051564724,0.9985309378772953,0.9993718098221717,0.996914742558313
329,2900750000,1.0001876727431323,0.9987871913276031,0.9989667310505849,0.999769968162441,0.9990178951649296
330,2901025000,0.9995021800121922,0.9978721822522765,0.999941438451917,0.9991371501441518,0.9945794135165349
331,2901300000,0.997978387255368,0.9978600057491823,0.9992407247166938,0.999211289210402,0.9943387060800186
332,2901575000,0.999309228277036,0.9968154851404532,0.998912027547612,0.9993065006773747,0.9955538430051143
333,2901850000,1.0007499350263294,0.9978590594531357,0.9986702003535716,1.0003641755172517,0.9992750204777753
334,2902125000,0.9995837179505331,0.9978035092713538,0.9985157226345094,1.0005528444840346,0.992223257350954
335,2902400000,0.9982257529124328,0.9988914878008996,0.9984912057211238,0.9996562948441846,0.9984882226237084
336,2902675000,1.0002107563760343,0.9972657845636086,0.9989932967966939,1.00039587414746,0.9950185680454717
337,2902950000,0.9995605036371893,0.9972702517989687,0.9995121573092542,1.0010058084928557,1.000289165950372
338,2903225000,1.0010347132479027,0.9985231950912222,0.9993204522926462,1.0001236406340834,0.998007143540843
339,2903500000,0.9993094601507284,0.9984469736274798,0.9990747693385701,1.0009011687261922,0.9983736627170934
340,2903775000,1.0001262044770005,0.997497988379555,0.9998787245339075,1.0004260632987259,1.0016852220729802
341,2904050000,1.001055820554251,0.9991692107946585,0.9986747348291404,0.9996360306865267,0.9982073233131317
342,2904325000,1.0006069843183532,0.9982530738378417,0.9993401148880833,0.9997662303286801,0.9943287317232394
343,2904600000,1.0000690581232037,0.9974067856534299,0.9993976885606147,0.9991614965577482,0.9977412388077886
344,2904875000,0.9995351161164031,0.9981313659515836,0.9989009936372746,1.0007906780089053,1.0004402981715357
345,2905150000,1.0002328556568982,0.9985155697422589,0.9985420285200604,1.0002718939149056,0.9965749391411374
346,2905425000,0.9999037720182112,0.9997935082837693,1.0000248556593718,1.0000557273935538,1.0018367468129532
347,2905700000,0.999428051855792,0.9983943785165164,0.9991215916292708,1.000752205928154,0.9982764207062113
348,2905975000,1.0007481976823855,0.9985830355298984,0.9986753594852464,1.0004253739774698,0.9989703469129552
349,2906250000,1.001241103581347,0.9989249322434866,0.998285567191545,1.0006298837819134,0.9999833464006928
350,2906525000,1.0003376782995468,0.9990163785368701,0.998817645162451,0.9993697988373358,0.9937847006293097
351,2906800000,0.9995943495462637,0.996991507403462,0.99846571615848,0.9995220744857911,0.9951568429629893
352,2907075000,0.9986192154884719,0.9994302924087934,0.9983541629647928,1.0001357935925768,0.9984071665369223
353,2907350000,1.0010799604992238,0.9980954486417231,0.9987341829161361,1.0000797604438252,0.9956013894617965
354,2907625000,1.000716465568108,0.9990381182241742,0.9987225486046796,0.9990545727607133,0.9995990515799107
355,2907900000,1.0002389987732765,0.9980620387013108,0.9996016175928101,1.0000316539049128,0.9970265423328792
356,2908175000,0.99833437925308,0.9990122557678595,0.9990408246467046,0.9996176532962698,1.006717258926793
357,2908450000,0.9991707970211376,0.9995148629597225,0.9992958688668812,0.9997170608136168,0.9989510670280761
358,2908725000,0.9999843146821593,0.9994552447120842,0.999739179952645,0.999919178413292,0.9962959598307572
359,2909000000,0.9986361500214096,0.9983779332701226,0.9993675857949076,0.9994738142627823,1.00292480996939
360,2909275000,0.9998630652948943,0.9985841591601402,0.9997293016859912,0.9997438526159651,0.998983921715275
361,2909550000,0.9991880556888892,0.9985605571976156,0.9990446619566588,0.9999547538856687,1.0001997740197957
362,2909825000,1.0010172292850201,0.9982409158728491,0.9995596028236429,0.9984464916765946,1.001778500592894
363,2910100000,0.9988038034878611,0.9990352597979154,0.99989532670094,1.000188773926359,1.007279675292158
364,2910375000,0.9998717874142935,0.999573640885292,0.999368603287364,1.0003973516148932,0.9994584188919442
365,2910650000,0.999105797344418,0.9985605357077466,0.9994347634599877,0.9997250643493443,1.0022873423233858
366,2910925000,1.0002836514784823,0.9983091331471118,0.9980597765565539,0.9999726028668331,0.9970816581166662
367,2911200000,0.9993639600545883,0.9987490886098085,0.9991887479552485,1.0004152307847607,1.0025777099057003
368,2911475000,1.0005836701759299,0.9973834651371638,0.9997152357759173,0.9992681026097594,1.0017534833266475
369,2911750000,1.0005211561036824,0.999152008148681,0.999959251174692,1.00169706915454,1.0008560807225046
370,2912025000,1.0006976878433893,0.9993020308849685,0.9988258607211372,1.0000731497783004,0.9962992827946032
371,2912300000,0.9998830440726325,0.9982942718747744,0.9995764309253222,0.9997642302542451,1.0020252277547517
372,2912575000,0.9999993514313406,0.9978622509541517,1.0002142683199893,0.999753958076306,0.9980730304332897
373,2912850000,0.99834930177162,0.9989640957624194,0.998687485411976,1.0004828516624689,1.0048694621151957
374,2913125000,0.9990208429691405,0.9996679595904258,1.0001683021307302,0.9999629211277469,1.003372137656633
375,2913400000,0.9994225488754174,0.9988828885133865,0.9999272381231153,0.9995122714199282,0.9950612816598936
376,2913675000,1.0006377088539977,0.9990033755887586,0.9997277388159626,1.0007480944424276,1.0027543861927297
377,2913950000,1.000501225471107,0.9971241779244728,1.0000634812849785,0.9996940928220797,0.9964035285305245
378,2914225000,0.9994549867194692,0.9987182547098188,0.9987010374022697,0.9993903132112928,0.9981767760808953
379,2914500000,0.9993898633997402,0.9991805725543977,0.9998730429433708,0.9992531041635321,1.002406600393481
380,2914775000,0.9993827496921449,0.9997956865974758,1.0004525758546203,1.0009490036600126,1.0030883228768723
381,2915050000,1.0025807853568556,0.9996256767850152,1.0006974254348484,1.0003569159894825,1.0008951128477936
382,2915325000,1.0000154339804814,0.9991801025107631,0.9994098509222629,0.9988540583810365,1.0001446580666098
383,2915600000,0.9995408228665928,0.998274794906807,0.9993367840291286,0.9994746338041299,0.9974475578932827
384,2915875000,0.9995342945319281,0.9994820968955577,1.0003763789728384,1.0014158739871664,1.0009550600521102
385,2916150000,0.9996272312930848,0.999030388795199,0.9998268898666877,0.9992602202825905,0.9986438384116669
386,2916425000,1.0005128905660672,0.9991220957812831,1.000019358569142,1.0000987849983947,0.9969779087989279
387,2916700000,0.9993180058631715,0.9996348398763065,1.0000152836378537,1.0003699199698348,0.995311355233254
388,2916975000,0.999684634478559,0.999349705365824,0.9993663584931936,0.9999158696245917,0.9994334110904655
389,2917250000,0.9996176917676284,0.9989459258169431,0.9994337349127007,0.9999949888048586,1.0015250436921235
390,2917525000,1.0001556047629219,0.9994453736596323,1.000517547509291,1.0003788160684801,1.0006188575245156
391,2917800000,0.9998486902639374,0.9990405250623194,0.9998870579302681,1.0002075220411273,1.0007450643756985
392,2918075000,0.9995206667414106,1.0004748711916065,1.0006506392083077,0.9996746248734613,1.0015755996944256
393,2918350000,0.998773173359434,0.9997457034450263,0.9996988683710234,1.0001861955159936,1.0005846586001814
394,2918625000,1.0004113530525076,0.9990188715273899,0.9996110173878472,0.9998104878569023,1.000728511239435
395,2918900000,0.9998997228781086,0.9997559514365015,1.0001711342791337,0.9999510870960888,1.000039174217722
396,2919175000,1.0015883616863719,0.9998994619887758,0.999285660164074,0.9991525362514903,0.9978117981862307
397,2919450000,1.000507305916098,0.9996812141275988,1.0005662942702804,0.9998628871072232,0.9987805567764736
398,2919725000,0.998427527464985,1.0001617501196045,1.0002122215868328,1.0005007193859639,1.0001868745946192
399,2920000000,1.0001064614296624,0.9993763828578243,1.0005539207865797,0.9993770279328016,0.9989976227923769
