,frequency,25,30,35,40,45,45.1,40.1,35.1,30.1,25.1,25,30,35,40,45,40.1,35.1,30.1,25.1
0,2820000000.0,1.000457853853372,1.0010785513633451,1.0008413650353527,1.0012870113575472,1.001209461115891,1.0007345449999143,1.001197640751463,1.0013393248563554,1.0014082055409586,1.001359234679703,1.0010007125340468,1.0011744468134414,1.0010453785506994,1.0011988473941316,1.001029984738406,1.0015085851500198,1.0020044971384858,1.0015207010591796,1.0015814799651823
1,2820502512.562814,1.0015093767855645,1.0011427564211035,1.0010716128810702,1.0015619950357348,1.0011585063778825,1.0013179156506355,1.0011400776374368,1.0012298376576956,1.0010590238401655,1.0012071877283295,1.0012493508666729,1.001466513002964,1.001427984279038,1.0012846456477105,1.0011038690246277,1.0012776195906363,1.0018256099887657,1.0017773488539965,1.0015079433391247
2,2821005025.125628,1.001707306696724,1.0016063475443566,1.0013482220280534,1.0011162606629391,1.001130475894939,1.0008307839730408,1.0009454768063455,1.0019208207624708,1.0014222754846414,1.001206427660311,1.000954876581969,1.0014971434352342,1.0014593304966413,1.00136625308661,1.001211700490952,1.0016399417264854,1.0015336621722395,1.0020140109892297,1.001847473353934
3,2821507537.688442,1.0013458538336588,1.001403578479677,1.0009435415440038,1.001601213464146,1.001358195053661,1.001112894515816,1.000827511999407,1.0016050871225064,1.0012718612654066,1.001640041110602,1.0016701114319646,1.001456016785394,1.0016366535770778,1.0010999833909096,1.0011122883259085,1.0016737380631666,1.001858479772786,1.00198086011225,1.0017937886701105
4,2822010050.2512565,1.0015877170611749,1.0014988136935448,1.0009386981060844,1.001220268292011,1.0010490307093725,1.001317388016033,1.0010996775476568,1.001508748501261,1.001703511796235,1.0012638109613607,1.0013467289857412,1.0011759357734058,1.001232809954642,1.0012848893111528,1.000874377956168,1.0013929250842255,1.001830965727682,1.001969263889279,1.0022464512359404
5,2822512562.81407,1.0013517906420624,1.0009859731687774,1.001479091687668,1.0012383470188324,1.0009509289842835,1.00094664169778,1.001426774943918,1.001596442503471,1.0012243622084005,1.001293717738844,1.0013905507310126,1.001691007872477,1.0014159054434346,1.0013071528109214,1.0010271720421828,1.0017997611674103,1.0020340325428512,1.0020381421474127,1.0022349260494103
6,2823015075.3768845,1.001582397964312,1.0018648741803886,1.0013503504111871,1.0009975274571248,1.0010452145495403,1.0013651490028117,1.0012834581037493,1.0017320300608448,1.0016562209340776,1.001714156463782,1.001409758844985,1.0017760029434917,1.0015765229819589,1.0013463985220843,1.0012773591871709,1.0018564811774502,1.0020924563422815,1.002219802155539,1.0021574827356274
7,2823517587.9396987,1.0022130558254048,1.001488569491507,1.001373212014094,1.00157759781468,1.0011428381946883,1.0014185401222262,1.000959900912903,1.001496133146603,1.001851967594174,1.0017343656006128,1.0017793506067147,1.0016177666718862,1.001328428208743,1.0013402044621973,1.0006955150485148,1.001464800659534,1.0022118529076844,1.002155804575995,1.0019344533994496
8,2824020100.5025125,1.0014532432995549,1.0012303893261612,1.0010026832878134,1.0013072246505628,1.0007598848721695,1.0011947573791216,1.001228623207621,1.0015874401555331,1.0014428175043897,1.0015388761320716,1.0012248737109508,1.0016186765967734,1.0016163393258792,1.001390022868167,1.0014624886473409,1.0018487949397918,1.002114995193676,1.0023847013834932,1.001887891982128
9,2824522613.065326,1.0019660671332489,1.0016567586813612,1.001216327393939,1.001418891119794,1.0014521577512565,1.001016098082535,1.0012559181346217,1.001665351992494,1.002140161343426,1.0015457427394556,1.0016405029168958,1.0016807283736686,1.0015407508648717,1.001378253719755,1.0011921370231052,1.0016623812332466,1.0022803803683986,1.0019337918146296,1.0019453539531318
10,2825025125.628141,1.0023363669586585,1.0011693015407863,1.0013358817411668,1.0014417152718051,1.0011438622281026,1.001300428662503,1.0015166097366843,1.0015527603487313,1.001826700721781,1.0011362255761336,1.0015385684082805,1.0015241428228587,1.001578794799595,1.0013263103414132,1.0011002128901303,1.0018742427208698,1.001783003915275,1.001929086612794,1.0020174202703245
11,2825527638.190954,1.001313669109833,1.0018596090520957,1.001199873016893,1.000978689772371,1.0012935843573043,1.0010731759506646,1.0010160695899166,1.0018501078675683,1.001978053512306,1.0011156715994198,1.0015374676230242,1.0016530616788328,1.00147752714319,1.001183307878034,1.0010819812336254,1.0014001145115998,1.0021339017992397,1.002075064512843,1.002185810013213
12,2826030150.753769,1.0026538370605107,1.0014352869535974,1.001082717564912,1.00151712337095,1.001261225771176,1.0012908275032524,1.0015331639949807,1.0019429345738975,1.0016872823669816,1.0014720058539326,1.0015657220904863,1.0017303530180752,1.0017904004352642,1.0010835760037964,1.0012084069783769,1.001878940789492,1.0019871115131476,1.002244751072626,1.0024645774063865
13,2826532663.316582,1.0021693362164206,1.0011509027452148,1.0013574958704852,1.001361648706463,1.0011606257098933,1.0015642157200852,1.001118262905435,1.001771248390235,1.0023609666538502,1.0014849116083933,1.0016565901748191,1.001756832086324,1.0017229691795355,1.0012235612298972,1.001274953433207,1.001684195706658,1.0018219127088823,1.00213855315002,1.0021157727754235
14,2827035175.879397,1.0017377957497362,1.001767453760552,1.001310178690276,1.0009645701371772,1.0010905699555406,1.001154349738291,1.001298838107759,1.0017826544319437,1.0016118124915896,1.0010168072402674,1.0017578025038456,1.0015136110493534,1.001414154286592,1.0016328411459132,1.001646997041194,1.001893640916372,1.0020864992465042,1.0022521315972035,1.0024331123834274
15,2827537688.442211,1.0016253019349255,1.0012818618167556,1.0014542733088831,1.0015428230127463,1.0012570621349983,1.0011768508400718,1.0011927308099,1.001884625092644,1.0018187093933235,1.001790179365855,1.0016867302651744,1.0018216284560866,1.0016373045426163,1.0014705367138612,1.0008787125306209,1.0020250508642223,1.0021504153294083,1.0019729721077413,1.002025762160766
16,2828040201.005025,1.0009738171907523,1.0016096350171384,1.0007864890363791,1.0011846435391074,1.0012928947866673,1.0012761946501885,1.0013185018864994,1.0016345501762056,1.0017384842928905,1.0015859093740016,1.0016834128520562,1.0015991022093216,1.0017601130559848,1.0013757296584147,1.0011519604776895,1.0013086416563557,1.0021461668161489,1.002088432065507,1.0023034247989295
17,2828542713.567839,1.0018019766703643,1.0016031135757464,1.001725141585029,1.0015774212002515,1.0013219187554407,1.0009808270696294,1.0011924369994285,1.00152364663029,1.0018816110739963,1.001549233632287,1.0016675271378397,1.0014883100628156,1.001386216174886,1.0014247939884695,1.0017610706080933,1.001683304167077,1.0019757854660905,1.00221326363737,1.001804652006083
18,2829045226.1306534,1.0014495095305038,1.0011657692023916,1.001543211684333,1.001397496029641,1.001177189035912,1.001372562428131,1.0011557293928892,1.001828684446494,1.0019108293717518,1.0014430823364031,1.0016169585715036,1.0016562992083198,1.0015301907296694,1.0012927605459827,1.001098731697493,1.0018238959192542,1.0021874886503368,1.0019872584145342,1.0026051322617773
19,2829547738.693467,1.001800814822856,1.0014580031998237,1.001356613518174,1.00148286142767,1.0010187434785836,1.001019902001879,1.0012999005761485,1.0015163664293878,1.0016773989186147,1.001387132677317,1.0014184248189817,1.0017159232002166,1.001683446658068,1.0016626919673686,1.0011254086161328,1.0018951755607668,1.0019162565996742,1.0017636377451222,1.0023932783540688
20,2830050251.2562814,1.0020002433576378,1.0010617526990897,1.001260130878376,1.0010464275732096,1.0011404578781842,1.001164198885476,1.0014247597396766,1.001602867774883,1.001568422445853,1.0017823434457904,1.0015087723299296,1.0015771674284344,1.0016853678030189,1.0016180536086567,1.001273131934051,1.0018046932046958,1.0017338105922868,1.0022656453501029,1.0024867100390251
21,2830552763.819096,1.0018326099077512,1.001577114022924,1.0013337736628791,1.0007686187942249,1.0014942827584787,1.0011817717183469,1.001457411785312,1.0016386043640169,1.0012957809245084,1.0016552668062153,1.0013843894597858,1.001796356920447,1.0016049807305123,1.0015576227791922,1.0009577012269313,1.001346168330288,1.0017357782360394,1.0022417674578254,1.0022016923522763
22,2831055276.3819094,1.001510354733947,1.0012143329695102,1.0013117204460245,1.0011585275900734,1.0010600191995236,1.000995102615933,1.0008695192884791,1.0019389126045726,1.0015527433779,1.0013711005401515,1.0012478860923522,1.001540831656953,1.0018370310294216,1.0012091452147074,1.001282577679452,1.0017366051671164,1.0019049544152852,1.0022371298155148,1.002067624784003
23,2831557788.944724,1.0010505935926408,1.000948249293177,1.0015557984892285,1.0012397897216725,1.001240732271825,1.0009012168455658,1.0011929573966951,1.00181859763717,1.001490387200151,1.0013892775027882,1.0017284821883925,1.0016067329816205,1.0016036017605288,1.0017206406676256,1.000936979969978,1.0017439261776384,1.0019442673600285,1.0021392274319012,1.0021514103990912
24,2832060301.5075374,1.0015949457270223,1.0011128374569034,1.0012460283816549,1.001240433978586,1.0012869441584562,1.0014709519711296,1.001115469488383,1.0018132860326043,1.0019603619580668,1.0017193250550434,1.0016257804510478,1.001658384983403,1.0014739283806515,1.001288336635343,1.0011728891462983,1.0016795308259685,1.0018794552660368,1.0020513738393744,1.00230986106992
25,2832562814.070352,1.0011485771310622,1.0013558716489928,1.0007749785564315,1.0013707615979184,1.0010916961341507,1.0011107104100443,1.001258782794265,1.0016916004553251,1.0018102350457672,1.0014070832643798,1.001794290540975,1.0016649059255749,1.0013114189505474,1.0013717823568544,1.0015307720947273,1.0016322714418575,1.002022285866759,1.002207913981494,1.002006255447213
26,2833065326.633166,1.0018927172443193,1.0011026057993813,1.0013791608057645,1.0010188781573983,1.0013644223865183,1.0013669746031306,1.0017352230192402,1.001472485977885,1.0015024141632574,1.0012906757917928,1.0014105031240632,1.0018274700353105,1.0014289944765458,1.0012486959533538,1.0013927342062912,1.0013198320847432,1.0018925969045327,1.001912678847583,1.0020474592233035
27,2833567839.19598,1.002076978106763,1.001373406146571,1.001167386009905,1.0013758729265447,1.0010569127330649,1.00104608301194,1.0010190086292154,1.0018246827143924,1.0016343769574405,1.0010745912254246,1.0014307718482789,1.0014979444873018,1.0014068388900008,1.0014281036382122,1.0011037463871757,1.001850475212589,1.0019243013190375,1.0020787843654533,1.001812632531608
28,2834070351.758794,1.0018029176607848,1.0012799298812018,1.001547250832426,1.001326581886853,1.0010321274316611,1.0009638194395074,1.0008091670702792,1.0013392963969092,1.0017033086437035,1.0009949264887217,1.0015934925704455,1.0015264506848534,1.001489571533262,1.0009250745013831,1.0017878468517756,1.0016651066013411,1.0018829726656575,1.0019067217068192,1.002135159600064
29,2834572864.321608,1.0021662468167754,1.0021132941762183,1.0009348307579216,1.001268402626958,1.0011262487750827,1.0009551231803575,1.0012111059019548,1.0012423866763445,1.001971388576169,1.0014627253585675,1.0018603003852025,1.001689249196634,1.001687805490854,1.000983560716555,1.0009797832096397,1.0015052369731634,1.001456424521873,1.001612209720735,1.002180233126858
30,2835075376.8844223,1.0018153553340947,1.001486892295424,1.0012415484155517,1.0014631365382054,1.0011115300090458,1.0013219749171174,1.001308859068532,1.0016195262675496,1.001929675316518,1.001653151315742,1.001579332729699,1.00197375513751,1.0012176391801133,1.0011019164430726,1.0012232274095263,1.001707943665204,1.001708521836281,1.0022640998656185,1.0019835325468966
31,2835577889.447236,1.0015326255639998,1.0012525028560786,1.000961655047414,1.001120257741689,1.0008701386453378,1.001004778994021,1.000963404917043,1.0014835465126462,1.0015452439704886,1.0016591581819672,1.0012573655958472,1.0017853923802549,1.001296479569659,1.0014634187697244,1.000816980365769,1.0017233678862598,1.0021210098025235,1.0021638290468702,1.001424457318397
32,2836080402.0100503,1.0022491518708987,1.0011000546119104,1.0012480797388084,1.000985217747143,1.0009738077004835,1.0008314720500215,1.0010749182149432,1.0013024550028913,1.001419228058959,1.0010948181916657,1.001546910177909,1.0013701122863798,1.0015938835757132,1.001001753832097,1.0011314302568282,1.0018004086872778,1.0018175822277189,1.0020732242037178,1.0016837800175415
33,2836582914.5728645,1.0012844202604467,1.0013046593772343,1.0014255856771632,1.0013808707250962,1.00088777280218,1.0010209921888131,1.00107259296436,1.001493702997692,1.0006537757125316,1.0012107799073648,1.0011780321859651,1.0014229237084495,1.001142338949642,1.0012262427536132,1.0009673561899572,1.0012841957962983,1.0018535961952315,1.002100981042949,1.001316628009626
34,2837085427.1356783,1.0016394638402084,1.0017056507666242,1.0014666897960984,1.0013155768534778,1.0011707951345052,1.0009353198981237,1.0008741929587464,1.0016862516316127,1.0015662906584468,1.0014524721190825,1.0016044143542926,1.0010651804219917,1.0016581841762997,1.0010798860153225,1.0014445798072884,1.0009487318853376,1.0017511230225131,1.0018852398781386,1.002337679772897
35,2837587939.6984925,1.000998906344702,1.0013755984719137,1.0008332358511047,1.0011410966143166,1.0009672049459493,1.0012667538391653,1.000839080738323,1.0016599851750496,1.0017081512504618,1.0016995759612206,1.0012252905967958,1.001151717443622,1.0013290915910351,1.0013466131759918,1.000690937574508,1.0016510964196277,1.001875868360346,1.0019490189153932,1.002152043029979
36,2838090452.261307,1.001363908206965,1.0015928397978766,1.0007344981595518,1.0012083980214943,1.0006127027652412,1.0007495236501358,1.000955085140986,1.0011784687825391,1.001531017699404,1.0010465747818786,1.0013079281437347,1.001335739647425,1.0014015818882744,1.0012745292241303,1.0010245961570574,1.001831711773418,1.001817856143108,1.00204171184004,1.0015587882187236
37,2838592964.8241205,1.001371113000928,1.000960552411979,1.0007836097802736,1.0013923523648276,1.0010330122032884,1.00085568383184,1.0008088375241797,1.0016444615411957,1.0012790306938986,1.0007358526244132,1.0008988999769914,1.0013967448062098,1.0012261351769312,1.0011202407645117,1.000922422398249,1.001391517605423,1.001776640365703,1.0018036873250322,1.0017524979560746
38,2839095477.3869348,1.00139802827459,1.001014470908745,1.001127845168108,1.0010821509314043,1.0011686322881383,1.000840009478169,1.0010088181950818,1.0014378044061822,1.0013199464842486,1.0012231174218236,1.0014798866336845,1.0014011952057422,1.0009915249994286,1.0010537363691845,1.0009472487680375,1.0012262340460547,1.0020039725296572,1.0020036336468556,1.001762400347516
39,2839597989.9497485,1.001131380501308,1.0010352173074628,1.000738747064609,1.0008710306862798,1.0009572402253013,1.0005990804043683,1.000739477996549,1.0012735340885646,1.0013906374680268,1.000721528800113,1.0012432797727666,1.001573818044726,1.0009758788615153,1.0008923764055022,1.0010829144405995,1.000881460527592,1.0015259079239256,1.0018900623426128,1.0020730335145211
40,2840100502.5125628,1.000925842054064,1.0011724983578445,1.0008744791459256,1.000840347279151,1.0006567698589244,1.00053695949561,1.001003735246265,1.0013565084541098,1.001035234984433,1.0010472552016392,1.0014719386690183,1.0014623373890967,1.0012442880242434,1.000904026937122,1.0007837244002162,1.0013526293560355,1.0017060886625224,1.0017936940832437,1.001870287553086
41,2840603015.075377,1.0012027224710065,1.001008016146786,1.0008223917494985,1.0005710068181657,1.0008524778209409,1.00025900042666,1.0007842945622984,1.001383737736498,1.000995003477187,1.0014174824201372,1.0007687939229195,1.0012197881590168,1.0012684968510794,1.0006967213182765,1.00072839254789,1.0016414298269032,1.0016004271413808,1.0017335011416468,1.001732144214725
42,2841105527.6381907,1.0017559938731155,1.0008543171195456,1.001083783311557,1.000871388073063,1.000958668819104,1.0007894737055665,1.0007726388123723,1.0010015025216394,1.0013168429803003,1.0008672836930248,1.0013041790278665,1.0014509264600229,1.0014511860561446,1.0009867784680662,1.000392387883799,1.0014793760747809,1.0016724427815136,1.0020680598005554,1.001707290404409
43,2841608040.201005,1.0006766404050385,1.0010200452616254,1.0006463774355785,1.0011618148248382,1.0007618378549783,1.0006103024154158,1.001052668908798,1.00150001855612,1.001352217078737,1.0010823794543489,1.001163841589372,1.000830518328144,1.0011669560645329,1.000916855195484,1.000706441429145,1.00152176072329,1.0017754903625156,1.0018449197128896,1.001622978905761
44,2842110552.763819,1.000996384277998,1.0007315925946814,1.0003731883716152,1.0008412656254044,1.000407440274789,1.0006333029423424,1.000806500362707,1.0012064289045668,1.0011584481054832,1.001063892526029,1.0008686117983658,1.001007349142672,1.0011515332462986,1.0005626229397229,1.0004783529256909,1.0012915990701885,1.0014954466386756,1.0018694930814664,1.0018029844240994
45,2842613065.326633,1.0005478096505709,1.000388516529658,1.0011124042122088,1.0006144072107042,1.0006271293919924,1.0005739601078854,1.0007263870134664,1.0010663986809991,1.0011145884770911,1.000665884539533,1.0010836035945991,1.000999315694863,1.0011643646607007,1.0012629763261125,1.0007687058862005,1.0011434937887915,1.001394880036669,1.0015976079585285,1.0016057369216256
46,2843115577.889447,1.0009993556471888,1.001203302559845,1.000715498000381,1.000666356594257,1.0002868275094488,1.000665890243014,1.0006711153792205,1.000930117682305,1.0012233176995526,1.000726231229216,1.001384565377604,1.0012304987580345,1.0013272052803317,1.0008737457342212,1.0007137591890802,1.0011545384193927,1.001257689999577,1.001406790264059,1.0014471059992736
47,2843618090.452261,1.000826349757398,1.000762904145533,1.0003728157741298,1.0004188384525268,1.0005104861374048,1.000695189695355,1.000837157627629,1.0009243902808314,1.0008276284997522,1.0003920738773322,1.0010509649279873,1.0011039049401562,1.0004306821608548,1.0008999446187752,1.0007271091790269,1.001216103789641,1.001391444043534,1.001168608200485,1.001618633888792
48,2844120603.015075,1.0011523114892458,1.0008092892563842,1.0008670223045653,1.0005476440157004,1.0004051534813057,1.000504886221942,1.0006531364698117,1.0007197252813471,1.0011317137438631,1.0009584347565073,1.0010908825213685,1.0009124840253796,1.001094957870467,1.0007539207821492,1.0004382522815711,1.0009052332825128,1.0014275150815837,1.0015620726482424,1.001460952892742
49,2844623115.577889,1.001130135329109,1.0008721113856989,1.0001659221459387,1.0004342837174367,1.0002812310373257,1.0002139298334347,1.0005551735849632,1.0008029796504616,1.000987270677944,1.0001791095262922,1.00109267020601,1.0011464641903132,1.000156610206852,1.000169816995682,1.000638326054062,1.0011238678101568,1.0010078403407603,1.001568487427213,1.0012136667921376
50,2845125628.140704,1.000379806076288,1.000364794554211,1.0002662032474878,1.0004547546742466,0.999958400432451,1.00026986939577,1.0002079672507678,1.0010894169998557,1.001166435838556,1.0009356913974186,1.0008616816097784,1.0007900324328138,1.00061186889141,1.0005027947555325,1.0007295340759033,1.0012852454412,1.0011625840613978,1.001301627186862,1.0009919803515304
51,2845628140.7035174,1.0011768988470189,1.0003874693418089,1.0003333861365045,1.0001223520136198,1.0000924325567864,0.9999270972939152,1.0003378733516306,1.000813547483544,1.0009458494554175,1.0005836336995928,1.0008367226924346,1.000772630920854,1.0002194354769562,1.000619006818137,1.0003985793175096,1.0008179228449563,1.001268761388736,1.0010783410709807,1.0015937022575916
52,2846130653.266332,1.001136353522763,1.0004553759288963,1.0003824901594471,1.0002786478917565,1.0004188136747854,0.9998733578505958,1.000238634531995,1.0007330688953948,1.0004075640014858,1.0002851123965093,1.001108091556699,1.001004370787858,1.0006182427244132,1.0003617197202002,0.9997953009486934,1.0011319195044612,1.0012889236357323,1.00131385729621,1.0013674093960794
53,2846633165.8291454,1.0013782687810706,1.0003574269555768,1.0002752014551048,1.0002193425347,1.000336478615024,0.9997130440526898,0.9997767111202917,1.000433248332631,1.0006407042360383,1.0001274885440132,1.000766092213617,1.0006284247909778,1.000519997303283,1.0004032951096478,1.000341955476929,1.0002715863062477,1.0012298696609965,1.001134029726764,1.0011571786499964
54,2847135678.39196,1.0004785357852084,0.9999041454654668,1.0003194673683529,0.9999932512570175,0.9999152504229948,1.0003284923710365,0.9999160294786722,1.0003810271314086,1.0000523320458148,1.0001114931968151,1.000482309193674,1.000535707561548,1.000586960147937,1.0003140813446458,0.9995948790487996,1.0004431276797106,1.0010957464474186,1.0007848398638937,1.0007164363594585
55,2847638190.9547734,1.000374356590385,1.0005473242548648,1.000275411119594,1.0002543549148777,0.9999634893905986,1.0000428928720937,0.9998823614732948,1.000371288691229,1.0005962081928146,1.0001496344438068,1.0004426976927585,1.0006081862628304,1.0004551748004489,1.0000855495387626,0.9998589076685912,1.000488347593567,1.0003919241126256,1.0011740088573569,1.0005432887533074
56,2848140703.517588,0.9999027744637814,0.999951246674894,0.9999063258357108,0.9997588190331111,0.999307786930165,0.9997104695287404,0.999539800853039,1.0005914743389814,0.9999549712968816,0.9998596754978126,1.00066265639297,0.9999928892052528,1.000358566159033,0.9997898628347908,0.9999283156310508,1.0001552366771411,1.000948971527733,1.0010392825152847,1.0011028946405518
57,2848643216.0804014,1.0005679133483232,1.0003097922044812,0.9999417425156646,1.0000299760725306,0.999694398691264,0.9994005966349098,0.9996230054218156,0.99972488635918,1.0004043164991747,1.0001569561562855,1.0006375789761277,1.0002806603407977,1.0003340772665188,1.0001056718858872,0.9998404784467751,1.0001070486644932,1.0007306819051764,1.0011575523125804,1.0006611909523897
58,2849145728.643216,0.9999155059496322,1.00004367141242,0.9995242352084164,0.9998792422817774,0.999228283705522,0.9996600171893528,0.9996341525182378,1.0001612549872008,1.0003739303526265,1.0000496774710494,1.0002655980308583,1.00010232325329,0.999716159656017,0.9999603372651176,0.9997039216432256,1.0001616147937358,1.0006528471790246,1.0005798067289704,1.0008568344743909
59,2849648241.2060304,0.9998133598185236,0.9997070527211476,0.9995413058807286,0.9999022786301416,0.9995303548376298,0.9992883490545488,0.9993299992977892,0.9998225783218602,1.000336072711367,0.9996004732394486,1.0007355856837652,1.0001067650866788,0.9999336067681543,0.9995780304292374,1.0000660459417112,1.0000351920609627,1.0003901667541022,1.0005881066699671,1.0004700980669063
60,2850150753.768844,0.9998896853474356,0.9999742049369212,0.9992197819497888,0.9996496414490286,0.9992232521620372,0.999376622553436,0.999398183516362,1.0000503533477691,1.0001672748182502,0.9993741202710572,1.0003947953322916,1.000175450328655,0.9996015370598856,0.999834771170405,0.9993867251323514,0.9999073693027672,1.000191435530108,1.000694135253562,1.0002326070351015
61,2850653266.3316584,0.9997322798200586,1.00007670646309,0.999173351172161,0.9993535157757074,0.9993904830254734,0.9991158159991352,0.9992387201125112,0.999453116638544,0.9991624141810472,0.9995332629125536,0.9999868745390916,0.9999394345944236,0.9997318348181032,0.9994779371946404,0.9994436668480478,0.9999020660666535,1.0002750797082476,1.0002965301662294,1.0004631966732895
62,2851155778.8944726,0.999380282540171,0.9992524432425592,0.9986643767055874,0.9991621836608376,0.9989569335222632,0.998688262040428,0.9992256470707732,0.9996968973316946,0.9994495589730684,0.99927756233549,0.9999164262904754,0.9997094943212134,0.9995121910222396,0.9993416331603358,0.999522319825888,0.9997086832783032,0.9999972842126982,1.0001791271548883,1.0002799496759405
63,2851658291.4572864,0.9999383513289511,0.9992118053791518,0.998910535606925,0.9988528089160706,0.998796446621218,0.9990668955552742,0.9990397704675248,0.9997944180783768,0.999311190473311,0.999509004859808,0.9995973748005228,0.999818521462346,0.9990258647484812,0.9990230036621566,0.998833062708023,0.999128448461894,0.999820817239988,1.0002067804492674,1.0002717356274486
64,2852160804.0201006,0.99956726988615,0.9990144519296942,0.99834069746809,0.9987707206187728,0.9985054309812448,0.9987136340347004,0.9987242924497632,0.9991103042637272,0.999792010668484,0.999246006631034,0.9994517126652424,0.9993098413652794,0.9988491820225311,0.999117661841679,0.9990767709382306,0.9992120808421828,0.9992646913788904,1.0000441386889545,0.999904831434195
65,2852663316.5829144,0.9997032490741328,0.9984468869337132,0.9982913565312134,0.9982731776546844,0.998407007773094,0.9977572189957512,0.9983504383333632,0.998740155855918,0.9991777924734688,0.9987673532277892,0.9992642659772906,0.9990214239741968,0.998923002118567,0.9987188567316464,0.9990790539422948,0.9991889528028264,0.9993282995459531,0.9995652103657732,0.999763145708205
66,2853165829.1457286,0.9993024878908502,0.9987685464745382,0.9983392005395094,0.9981791559224504,0.9979178020917044,0.9982516640735924,0.9981080888982872,0.9988674074910696,0.9987493954098208,0.9982936379047438,0.9990679896892094,0.998765203435527,0.9981955169285754,0.99852584504924,0.998434062533479,0.9986645870701154,0.999127901754336,0.999341610311134,0.9998879217984898
67,2853668341.708543,0.998473481815963,0.998213888352053,0.9978041115792884,0.9980052087990962,0.9977215347255964,0.9975768868269436,0.9980795695236572,0.998423712874462,0.998745339102976,0.9980289229405191,0.9991191427264052,0.9984877457176125,0.9980823509882812,0.9981677398508793,0.9984736472319364,0.9986213409302168,0.9990241131150605,0.9992560810877036,0.999337704042232
68,2854170854.2713566,0.9986539360123502,0.9983100809860498,0.997654619114072,0.9975922451895658,0.9973863059536424,0.9976579892910872,0.9975172877694116,0.9981650291441284,0.9979799823860772,0.9972592695679906,0.998681672332943,0.9981722992346936,0.998209673540839,0.9983656858054106,0.998161405200476,0.9979761743459564,0.9982224602123831,0.9988294690227396,0.998683077925274
69,2854673366.834171,0.99836403523326,0.9974074659117383,0.9975908286364734,0.997341074697527,0.9972912078764395,0.9971299511279864,0.99755405917262,0.9979419734482268,0.9979814677161052,0.9970981309192372,0.9987738691809404,0.9981002515665728,0.9973710240243416,0.9978704969248656,0.9981058214378032,0.9973863148102424,0.9983703088011728,0.9987053150184316,0.9989483645392324
70,2855175879.3969846,0.9974515631042056,0.997229398751668,0.9968381056374048,0.997043928446177,0.9968936297565596,0.9965809423191644,0.9970237588294116,0.9976147492545808,0.9974509446136528,0.997658002757205,0.99825298665498,0.997877095552136,0.9973261318581716,0.997645101061563,0.9978431971675502,0.9969194025475562,0.9979400572285112,0.9980551573051148,0.998340754150428
71,2855678391.959799,0.9976015136185444,0.996490576375716,0.9965156870850446,0.9968627464359672,0.9962982139333882,0.9962932853362976,0.9967867592424612,0.997341131060156,0.996959009576769,0.9964384082718468,0.9977837440797016,0.9971884974460844,0.9969258654599068,0.9970381307290306,0.997646425888894,0.99656788629283,0.99732168778595,0.9978558437532374,0.9976542300552348
72,2856180904.5226126,0.9970747891828948,0.99646969446381,0.9961861817230494,0.9964253147005236,0.9959834617188542,0.99621537112245,0.9966054783095656,0.9965695115852712,0.9968140979361036,0.9960791431612364,0.9975775575677448,0.9968883207718048,0.9965562462788948,0.996632603928256,0.9970117766920517,0.9961876763325422,0.9969185586419508,0.9972128361985438,0.9975737476337008
73,2856683417.0854278,0.9962170196051782,0.9959739873812866,0.9956650805564652,0.9954128304121158,0.9954156749282924,0.9954584100857492,0.9960319960534196,0.9961608399085384,0.9966882075209164,0.995933986255628,0.9971359232350944,0.9966963496136376,0.996243154999588,0.9967226741718284,0.9968892600221906,0.9962727226540592,0.9963957265220408,0.9971717966548206,0.9972648308126124
74,2857185929.6482406,0.995982699927892,0.995458333163022,0.995081650066594,0.9953779236664568,0.9952538015240396,0.9952177530540224,0.9956024248688522,0.9959523660651974,0.9952115033354076,0.9956686612293644,0.9969600604106008,0.995692659328914,0.9954704247339752,0.995939343454112,0.9965219030327404,0.995831103622146,0.996191576008543,0.99672104883758,0.996241861216258
75,2857688442.2110558,0.9956693225129168,0.995158127077857,0.9947700136913468,0.9948935253432878,0.9947993982205608,0.9944876859855636,0.9950977685406268,0.9953771730179932,0.995526208242069,0.9949814443061494,0.9966148997474576,0.995099828523976,0.9950030056009054,0.9956634832058842,0.9960649604773254,0.994773858072586,0.9952858914020362,0.9960323521806844,0.9958621622904172
76,2858190954.773869,0.9950312791721052,0.9945964561957434,0.9945783954402384,0.9947261430572756,0.9940724396246654,0.9945726952145668,0.9950186373702052,0.9946478603485082,0.995074901575552,0.9947734346501376,0.996345987507007,0.9947600087357122,0.9944733832811348,0.9949975191127488,0.996054224128902,0.9944747192539533,0.995058353795974,0.9959116315676646,0.9952000593042164
77,2858693467.3366838,0.9946106160269428,0.9946733167616236,0.993616460744553,0.9941675280050984,0.9939841592880696,0.9939390831997076,0.9944045119991324,0.9942155757780982,0.9943623709505882,0.993925765873019,0.9957118815795828,0.9939834967411524,0.9942462756214472,0.9947242267621292,0.9955965541607356,0.9938400611557856,0.9946971089128332,0.99531196774888,0.995350909965618
78,2859195979.899497,0.9939072530398742,0.9936990924601924,0.9936847366970946,0.9936440060814524,0.9936273118430782,0.993512506578036,0.994104927889206,0.9936965292569092,0.9942100267872148,0.9937335592492196,0.995238399448169,0.9936171604023892,0.9938344742502874,0.9941992724496675,0.994705221460322,0.9930685413025028,0.9939279015951764,0.994767294334886,0.9941936955799502
79,2859698492.462312,0.993584602310262,0.993552396896204,0.9925903560539971,0.9931999185468308,0.9932338831609004,0.9929314526940504,0.9935911048816364,0.9932252365407456,0.9932454947752236,0.9928258205999554,0.995250959142412,0.9932237050420846,0.992943956674912,0.9939901522138012,0.9948630377177948,0.9928756244309008,0.9936878130778792,0.9940559997795078,0.9937458730472918
80,2860201005.025125,0.9932171488940296,0.9930069654218536,0.9923821076265232,0.9923604703656036,0.992712165818082,0.9922667521591134,0.993061689193126,0.99286495048894,0.9925812214254796,0.9927488879436952,0.9943537355603772,0.992662012226454,0.9926327090637904,0.993689450862748,0.9942905919414128,0.992042177064746,0.9929263891983012,0.99356037234954,0.9932174972905036
81,2860703517.58794,0.9928842574277662,0.9928179059089552,0.9921896877028502,0.9923090795089,0.9924602082767172,0.9923345335194742,0.9926004317358536,0.9924664225580608,0.9920445044939584,0.9922939867900012,0.9944322776518344,0.9920310451352604,0.9923055669124612,0.9930814747724466,0.9943013823411746,0.992244880041395,0.992278122852514,0.9931614099175164,0.9925394422656144
82,2861206030.150753,0.9922668159712538,0.991991632208773,0.9918325797606508,0.9921295574963026,0.992076616328576,0.9921066952470384,0.9926440188881755,0.9919573430095668,0.991886065554471,0.991850369203837,0.9937209299383112,0.9918905249019784,0.9918730373416522,0.9927857955738212,0.993728361410756,0.9909706562916404,0.9920176346048218,0.9924040935873168,0.9926805743233408
83,2861708542.713568,0.9919375692098312,0.99183492645061,0.9910844468706592,0.9916807248607916,0.9914433274470948,0.9914017542818114,0.9926383380615074,0.9911257263926084,0.9908962009891726,0.9913200793083567,0.9932730094520862,0.9914280294790532,0.991510799170784,0.9925912109132718,0.9935492629402206,0.991318465322484,0.9917189350359916,0.9921477344579656,0.9916966737563582
84,2862211055.276381,0.9914412963674244,0.9907000166178804,0.9909899147490772,0.9916124399726478,0.9912428908466088,0.9912794620595216,0.9916450170154404,0.9911943518437756,0.9902987119556004,0.9908237764788632,0.9930820307927952,0.9909007406078842,0.990389931975736,0.9922537873529368,0.9937127597107622,0.990544220009114,0.9912906685617426,0.9916243065278898,0.9914249438800888
85,2862713567.839196,0.9909298481997444,0.9907482986040812,0.9906574939822128,0.9908762675692896,0.9910302902232946,0.9908875560186894,0.991895071866071,0.990313762797414,0.9902418936170788,0.990389970546141,0.9926717992551912,0.9906193484154596,0.9907476156569032,0.9919165856806426,0.9933738555040236,0.9898473192456104,0.9911382360714428,0.9913133144061804,0.9906927764574098
86,2863216080.402009,0.9904578456933092,0.9906425941484266,0.9900755821102768,0.9907969758177436,0.9910220233599414,0.9907525718792904,0.9916269195125076,0.9900499729677836,0.9900164960676808,0.9897235086391444,0.992804820363464,0.9899576544690082,0.9903334944412008,0.9915120146293958,0.9931571189475228,0.989677860479952,0.9905821483953088,0.9905696889623544,0.990472177488866
87,2863718592.964824,0.989340109701722,0.99022072515213,0.9905195634433877,0.9905852317469352,0.990536199272886,0.990172556139316,0.9910500848078028,0.9898216522886514,0.9895321209610668,0.9898513159106408,0.9921494058321502,0.989762014835578,0.9892563121445156,0.9915208649079456,0.9927148435050416,0.9894092668628692,0.9903288057483876,0.9903532767630276,0.9897360021867172
88,2864221105.5276384,0.9899837660484672,0.9897097420443448,0.9898657358112198,0.9901570369202044,0.9903759529449686,0.9904734184930306,0.991164537093242,0.9897368117335432,0.989091676313395,0.9895366979964032,0.991479250240235,0.9893089223788512,0.9894582509865368,0.991264582789066,0.9925733979590812,0.9892883261726996,0.9897889819924824,0.9902118517343304,0.9897751106758506
89,2864723618.090452,0.9891118229014352,0.988912335404298,0.9896000123031296,0.989889631656452,0.9903349529125,0.9900431210102064,0.9909795835268316,0.989511186523894,0.9891141134924728,0.9893399552723264,0.9918960833288998,0.988877463726589,0.989439535703702,0.991121492053496,0.9925291851818384,0.9887966527865626,0.98982592282988,0.9897983506315474,0.9891828787979038
90,2865226130.6532664,0.9889891679607964,0.9895028962039508,0.989538451083222,0.9897876890057172,0.9902715127780168,0.9900302877929849,0.990956449735643,0.9892396442793736,0.9886904566473372,0.9887918452552678,0.9915323392687372,0.9885121998888906,0.9888409368227512,0.9908900084570316,0.992305051307468,0.9884587933029771,0.98937624024886,0.9893682804590608,0.989044667949298
91,2865728643.21608,0.988584018352466,0.98891916893755,0.989321896340233,0.989946797823252,0.9902904358947736,0.9900843700258772,0.9907349854018526,0.9892038700615392,0.9886292662028536,0.9886966294080952,0.991283433311148,0.9884463774326137,0.9892074391368388,0.990904650456105,0.9925784058014132,0.9884470854452144,0.9894869178501406,0.9893250743223536,0.9888291850420716
92,2866231155.7788944,0.9893747096811174,0.9893048993229356,0.989054124900826,0.9901611240539422,0.9904890019300114,0.9899370402679508,0.991136322163746,0.9888758807066677,0.98846665121802,0.9883419388618274,0.9912749590372396,0.9885924634722302,0.9891058300415138,0.9911054935626452,0.9927765982013426,0.9887310268563893,0.9894220997268396,0.989380306657921,0.9888815980369348
93,2866733668.3417087,0.98861480949354,0.988980308915476,0.989710920131809,0.9900381062002832,0.9908624170259468,0.9907927588250752,0.9912954848431108,0.9891785316615124,0.988808607904364,0.9889808378351468,0.9913264390314528,0.988550044494844,0.9892341701338148,0.9915248122491154,0.9930510696836304,0.9893803543899276,0.9898146227350768,0.9891441188770193,0.9890728803123714
94,2867236180.9045224,0.9888021681140144,0.9894386573693849,0.990076346653468,0.9909181647104688,0.991119036546155,0.9912581695268,0.9920731520267678,0.98971710768994,0.9889284404030227,0.988544917076867,0.9918413072255704,0.9892622072120004,0.9899451883188172,0.9919646326562532,0.9932994920618728,0.9897755102562148,0.9897954931392748,0.9902518021962978,0.988919487414812
95,2867738693.4673367,0.9898291778290677,0.9901320253543852,0.9903523758876877,0.9914307293118992,0.9921041415807856,0.9920264523329896,0.9923012190708564,0.990578872159171,0.9896727721912396,0.9892922566746072,0.9921776789876712,0.989137587558087,0.9902878745468632,0.9923776775692372,0.9942277755431852,0.9907351963288435,0.9910751225854588,0.9905432560563304,0.9896469395693712
96,2868241206.030151,0.9903796376214355,0.9901382366659702,0.9911152922398774,0.9921939278973844,0.9928451440636838,0.9929377494004996,0.9930902906392444,0.9911666681364224,0.9901244964162862,0.9897829465867616,0.9927498019132104,0.9905549095767726,0.9915988557907603,0.9930841087691842,0.9949042998616856,0.9916665744809068,0.9918151898363182,0.9913962226134324,0.9901272448756888
97,2868743718.5929646,0.9905171923799438,0.991862171162015,0.9923988543294324,0.9930886791110728,0.9935503557423516,0.9939346485149192,0.9937469711973954,0.9921722508276284,0.9914874576662112,0.9911559096203272,0.9931105888416129,0.9917993465459498,0.992322712934376,0.9942328216554132,0.9951661057843258,0.992949724487808,0.9933697949470122,0.9925422856401236,0.9917493857131064
98,2869246231.155779,0.9923892727534712,0.9928463915085562,0.9934833806352656,0.9936477260348489,0.9938525142184904,0.9942845180659912,0.994327257763624,0.9929407013106968,0.9922314379110276,0.9918049559426946,0.9939503217688612,0.992630913050646,0.9934724392380522,0.9946096215033116,0.9958184274051988,0.9936866432519238,0.9939387403147268,0.993601833943214,0.9925401743800468
99,2869748743.7185926,0.993419598594766,0.9936763884382814,0.993775734924844,0.9936751103380478,0.9939361073642758,0.9936017174757268,0.994490556316346,0.9935272259347816,0.993034745961565,0.9926156111840456,0.9951255855566216,0.9937268009934498,0.993753238353388,0.9944319044298288,0.9952025735147316,0.993982088467612,0.9944256874931886,0.9943034502497878,0.9937766372937736
100,2870251256.281407,0.9934838740117596,0.9933055646613732,0.9932617827099088,0.9932362769702284,0.993098997241164,0.9929192162274048,0.9941160232098574,0.9934459717784851,0.993224045810628,0.9935080910636276,0.9952307416073976,0.9938574340748034,0.9936995741395188,0.994484259831498,0.9947233807965395,0.992848597560896,0.9939218365384468,0.9941623951063102,0.9938806867340192
101,2870753768.8442206,0.9936561973140736,0.9937008360268358,0.9925830864439168,0.9927881676344305,0.9924650777427518,0.9920620159128354,0.9933816841833678,0.9929361196028904,0.9934471939778,0.9933111910390416,0.9948191420604666,0.9932162742683152,0.9927671765346208,0.9933345928250426,0.9945278636858632,0.9920539680081892,0.9930443699129676,0.9938951493936738,0.9938544960582372
102,2871256281.407036,0.9923662256803464,0.9924956281990502,0.991721352941105,0.9915321584234748,0.9914761923261276,0.9914164286856546,0.9922528506684616,0.9922084861283152,0.992026852635514,0.9924129868346968,0.9944630154447796,0.992327655040667,0.9917914634240224,0.9926536100677364,0.9936103749476348,0.9912066071710188,0.9920499732476606,0.9926743347051508,0.9930393764217188
103,2871758793.9698486,0.9915277942347642,0.99131979291382,0.9908557422934228,0.9908107510339595,0.9905750250216578,0.9910104673345628,0.9918900941468825,0.9908374776592233,0.990928960452408,0.9913591994416164,0.9931580764010663,0.9910634411255134,0.9903970418874434,0.9915785157889254,0.9923306077964504,0.9899578685756552,0.9914092827177352,0.9914412573702678,0.9919892380508268
104,2872261306.532664,0.9907931455282154,0.9898386467780328,0.9901827852911504,0.990498027039847,0.9908580155813588,0.9901813906515096,0.9913031628622468,0.989602191041258,0.989586575112296,0.9902344804298928,0.9928203525920176,0.9901330140173156,0.9897573731896144,0.991286771700981,0.9927057531580488,0.9894190715162328,0.9903968051154116,0.9905799286777676,0.9903430686800244
105,2872763819.095477,0.9896716623896838,0.989835663233396,0.9893188663326468,0.9896216820304348,0.9900935312121816,0.990179953756151,0.9909597508454342,0.9893682941690666,0.989045601914068,0.9896802032007248,0.992330765231402,0.9889135891711048,0.9893593874495106,0.9910016198567352,0.9920083758041623,0.9887302542844308,0.9898912642273324,0.990057356277534,0.9897312033415784
106,2873266331.658292,0.9892153850396465,0.9887505244110784,0.9889771127906196,0.9898385536755132,0.9899492032908322,0.9897772714526282,0.9908290412382512,0.9894660475109508,0.988495893569701,0.9891601867616616,0.9917512455991278,0.9887236677700244,0.989238671386727,0.990698969179791,0.992641602493835,0.9886544799598208,0.9893178180454196,0.9894000630566028,0.989240674115802
107,2873768844.221105,0.989227572535252,0.989111956217,0.9892215194737932,0.9896000530645356,0.990310021071193,0.9892997976365986,0.9905806316162488,0.9891631554665822,0.9884735208561582,0.988490269225555,0.991357175527766,0.9885519150568316,0.9889827581880084,0.9909134552511708,0.9930218058267164,0.988801031923824,0.9893465625326628,0.9889506756383428,0.9890398300016496
108,2874271356.78392,0.9892857177590128,0.9887697430763444,0.9890599630157352,0.9897435359495664,0.9901295499816808,0.9900023074683502,0.9909709257266008,0.9893332509563882,0.9885234078610736,0.9889714709161068,0.99120285849951,0.9884896334657304,0.9889697092667687,0.9909363242601624,0.9925168335059786,0.9885275464603628,0.9895441585956004,0.989255175671805,0.9886348721444704
109,2874773869.346733,0.9884096528122934,0.9885805289434976,0.988921990007245,0.9900169062160592,0.9904762008900616,0.9901194866816876,0.9910416345794208,0.9893441365937102,0.9886178989099642,0.9886554559142742,0.9910756018436973,0.9882762169490266,0.9890964850489092,0.9909021731184976,0.9925883133252096,0.9887059993169584,0.9891620896919288,0.9893971851624236,0.988761477774838
110,2875276381.909548,0.9880717531043112,0.9896067279052576,0.989886307433756,0.9900181557458588,0.9906656083404742,0.9901034098204254,0.9912018123341452,0.9895760036858048,0.9884855554448464,0.9889439291188256,0.991244274259912,0.9887542205784258,0.9893864954676224,0.9915650766064305,0.9927365810627288,0.9890443573015936,0.9899339717022092,0.9896615825292212,0.9888859722880644
111,2875778894.472362,0.9896202837257028,0.9894661399829836,0.9900758703263408,0.9906374942007682,0.9909086471345202,0.9906209905757908,0.9914949131197476,0.9895936150114968,0.988552011326894,0.9886445553129452,0.9914609068800598,0.9892255824804664,0.9896678348831104,0.9917421216166648,0.9933736257364996,0.9895153120048388,0.9900298584481269,0.9898335686199086,0.9893015570890245
112,2876281407.035176,0.9899431348005516,0.9895348934080008,0.9900954469471808,0.99088805006011,0.9912926019487848,0.9910127475969748,0.9918119293867776,0.9901040453906824,0.9895143975863918,0.989013514537361,0.9919904120043836,0.9892264289647474,0.9901603409561353,0.991745995334626,0.9934409889252817,0.990094670908641,0.990510496373434,0.9903677541839464,0.9894557722526302
113,2876783919.59799,0.9903221204956548,0.9902198823437924,0.990581498995054,0.9909170060921262,0.991663137653728,0.9914794726255814,0.9920807054833388,0.9903794223105896,0.9893330196248944,0.9893982882747822,0.9921318956124434,0.9898553762309518,0.9903451068333592,0.9918923288735833,0.9933425737221836,0.9903369081599404,0.9908220870145884,0.990378294762463,0.990099497097014
114,2877286432.160804,0.9903855444768372,0.9908342080384992,0.9910224836314344,0.9912874182876454,0.9920767455709132,0.9917801718259572,0.992247355726436,0.9909938483658316,0.9897813135662794,0.9902636311011376,0.992366379595103,0.990446552336524,0.9907689218569578,0.9923360211074091,0.9944014617239284,0.9903064739672764,0.9911337068366448,0.9906372382418704,0.9906532731795756
115,2877788944.723618,0.9901720216730138,0.9908685238798588,0.9909533440458348,0.9918696372044876,0.9921963095832442,0.9919322953825322,0.9923524150317248,0.9909049668022832,0.9904427384077128,0.9897929128705896,0.992785907848418,0.990230301751741,0.991053210861536,0.9925092500533372,0.9936557788754246,0.9912266204921434,0.991288376966436,0.9914495459396648,0.9906588858361924
116,2878291457.286432,0.9914106959489396,0.9911358721835384,0.9914989689399754,0.9921390923214524,0.9924951879334332,0.9924312445657052,0.9925327119810804,0.991729952332613,0.9912661060327465,0.990812655852262,0.9929598578182002,0.990960800335791,0.991407783782899,0.993087224574866,0.9945084683948466,0.9916651996181064,0.9921591346339104,0.991887195463978,0.9910271093838052
117,2878793969.849246,0.9913333126904847,0.9913489377640542,0.9915663496984494,0.9925171412614878,0.9926807100515838,0.9927436975169316,0.993330794271811,0.9917933718553916,0.99109853416854,0.9909860325023414,0.9933190199660396,0.9914586426067816,0.9918908830764244,0.9931976185315105,0.9945138859971514,0.9920303643789368,0.992172702256934,0.9924328212953852,0.991764210755722
118,2879296482.41206,0.991192322780738,0.99182771212629,0.992293976298726,0.9927538377945478,0.9932552364067406,0.9931999636758372,0.993185070777028,0.992367772523804,0.9918747920162144,0.9914021048986392,0.993697817754475,0.991970128992813,0.9922015394245632,0.9935580333978014,0.9950735837661214,0.9926604872154172,0.9929459012623636,0.9929562240971676,0.9923521992270972
119,2879798994.9748745,0.9923370185577844,0.9928356221465832,0.992499067659704,0.9933057945397,0.9935796719732805,0.9936077183717908,0.9937587293959308,0.9927489573246056,0.9923098803501348,0.9913490971520972,0.993865547201008,0.9921298858028128,0.9924023846223016,0.9941664062575112,0.9951405949948928,0.9929368942403228,0.9935188323554526,0.9932358317965474,0.9927632385991356
120,2880301507.537688,0.9927156072173188,0.9925108232279526,0.9928633120369972,0.9940729836006256,0.9941021783752724,0.994175190752958,0.9941191133541152,0.99311690688398,0.9928320869241104,0.9925188895998702,0.9941601218398896,0.9927934099911612,0.9930964970908568,0.9943031985280671,0.995691612064397,0.9934184385035963,0.9938931145462454,0.9936050763044776,0.9933991967995424
121,2880804020.1005025,0.9933851641349362,0.993509197370995,0.9936777277098596,0.994399415883563,0.9945018046058126,0.9946712743964354,0.9947342998087858,0.993915994384643,0.9932703668240004,0.992512148024382,0.9950105513515268,0.993588823156254,0.993645900736445,0.9952163400845516,0.996113123525067,0.994275116473002,0.9943617267564552,0.9944568693815892,0.9938743055970252
122,2881306532.6633167,0.9935828100891836,0.9940023116623926,0.9940315700929176,0.9946653012196848,0.995027778121567,0.9944259517476698,0.9953324753818208,0.9944764265758156,0.9936425573122007,0.9932459393025408,0.9952469506905752,0.993346942726392,0.9946205808633852,0.9951566141714016,0.9963535258111984,0.994606215276456,0.9949506312225964,0.9949479226121672,0.99434600868104
123,2881809045.2261305,0.9948537588470796,0.994634000955362,0.9945873395574308,0.9952457930771972,0.99511948184065,0.9953228837035932,0.9953679199267532,0.9946454771014086,0.9942699073579624,0.9939498375674252,0.995761040142314,0.994364698459135,0.9947321449661236,0.995790522315035,0.9965403934218844,0.9953754569123732,0.995355082677415,0.9951722164326734,0.9944027008393234
124,2882311557.7889447,0.9953528051934564,0.9949121983835384,0.9950939566757048,0.9950704944353644,0.9956713249537952,0.9959542019078728,0.9958161055494108,0.995406047920238,0.9952769301727992,0.9943264930138018,0.9961100980836106,0.995103556484814,0.994995372861129,0.9960594158236444,0.9966562756560944,0.9956625958562264,0.9961294029148868,0.9960401234774904,0.9954178678215856
125,2882814070.351759,0.995099248895942,0.9956468807700104,0.9953791311443084,0.9960153329720078,0.9962696694985124,0.9962065569106352,0.9962700880837208,0.9956734590804786,0.9954965921494612,0.9949381328149502,0.9965715523809356,0.9957100150429602,0.9954296952019304,0.9966386178452395,0.9967155187029392,0.996045293112307,0.9962678048849783,0.9964254298565094,0.9958675322148391
126,2883316582.9145727,0.9957465918784127,0.9957115737515828,0.995585078876814,0.9963245338731588,0.9967207594798952,0.9966669175017872,0.996379869709646,0.9963026568477392,0.9960387969243648,0.9951083468500604,0.996602062061592,0.996052170225206,0.9961592089591224,0.996974832466624,0.9978657415100156,0.9968375976024748,0.9969783943455084,0.9968548485008598,0.996310000849542
127,2883819095.477387,0.9965099907783356,0.9959350857214724,0.9962532360571638,0.9965537830795934,0.9968720286090188,0.99707899368603,0.9969803086582972,0.9966927935963452,0.9960093038190893,0.9961391151859896,0.997297575400378,0.9967674937431604,0.9966879023529104,0.9973016256426231,0.99786845529172,0.9971228716238344,0.9972560415301276,0.997448889664082,0.9968666271623856
128,2884321608.0402007,0.9973015312382932,0.9959934570326084,0.9969017436666692,0.9970255003554344,0.997355896978041,0.9973917788285732,0.9973030660682496,0.9971160383077736,0.996995728188674,0.995603497830688,0.9976704450300118,0.9971677341207086,0.997095933985812,0.9976169475868434,0.9978800335055028,0.9972780022824594,0.9978761773374014,0.9975707250249162,0.9971350221277184
129,2884824120.603015,0.9973722174386808,0.9970346220239978,0.9967469520623108,0.9971478532416802,0.9979052407722316,0.997458864163021,0.997719799954382,0.9976180163543076,0.9973036726897112,0.9963625905482209,0.9977914555895152,0.997181147292641,0.9974778231630308,0.9981116220149456,0.99819191663565,0.99803141763669,0.9981786365070896,0.9981211333584012,0.9977032968358632
130,2885326633.1658287,0.997303094815722,0.9972920374601164,0.9972716878236322,0.9977178451796233,0.9978119461938152,0.9978638937315928,0.9979408431578898,0.997820196506862,0.998049417999346,0.9970326068535528,0.9983515177178804,0.9978534300839976,0.9977720873934997,0.9980896867447396,0.9987121507389668,0.9980367500929404,0.9982218616847424,0.9986617811564832,0.9982259569188964
131,2885829145.7286434,0.9979933126704964,0.9978150250172242,0.9976497187200108,0.998184576317105,0.9981821879121586,0.9981876326336964,0.997843997267879,0.998194274174064,0.9975819229238604,0.9970235195161744,0.998214490999,0.9978076348826568,0.9981915953275362,0.9985983096148652,0.9982450122582524,0.9987490339639088,0.9988690614754646,0.9984617301520996,0.998652629924594
132,2886331658.2914567,0.9985212221754256,0.9983421540717092,0.998040667043693,0.9984774702482346,0.9983006590109692,0.9984008535136096,0.9984577328434684,0.9984904422467156,0.9981644403260036,0.9970848621248064,0.998787741786376,0.9983555578359744,0.9983699905779868,0.9984907618534444,0.9989178045080802,0.998749800689368,0.9990409340077084,0.998724742484429,0.9984717736449578
133,2886834170.8542714,0.998686463624348,0.998622399469736,0.9977781968707018,0.9984438280851,0.9984928707670606,0.9984334246435695,0.9987001694678354,0.9985803359194972,0.9985033031437636,0.998043370044316,0.9986444916036652,0.9986503752729488,0.9986547139627694,0.9988607439008448,0.9991757245853704,0.9990006217804952,0.9990821757435656,0.999422503395519,0.9988887587380704
134,2887336683.4170856,0.9984400293263624,0.9983767438710368,0.9983766860586496,0.9988075256548228,0.9991608404570438,0.9988334794575924,0.9989184111151772,0.9987752304987656,0.9988716887676182,0.9982651978659116,0.9992138425057274,0.999098228481898,0.9988622080248964,0.9990115063239584,0.9992289225367827,0.9992402794988908,0.9995456838524616,0.9996885661912546,0.999319630836915
135,2887839195.9798994,0.9991160848643648,0.9985129935573938,0.9988604642218478,0.9991863692105206,0.9991514934518946,0.9991384597919388,0.9989647490150246,0.9991668508100808,0.999262903531884,0.9977701648336388,0.99930219743002,0.999285896616304,0.9989255673687272,0.9994107441691424,0.9990801178694622,0.9993378429060428,0.9995761245390186,0.9997459027075616,0.9995868768719556
136,2888341708.5427136,0.9991324628192292,0.9991137996198696,0.9987488526774392,0.9993162417420554,0.9992263578969792,0.9988553425182564,0.9988939756286191,0.999068646023215,0.9993463842668284,0.9986572325769798,0.9997805987741972,0.9990676741660156,0.9993519524440104,0.9994876471351636,0.9992311827546008,0.9999457073208554,0.999496405437304,0.9999746229948842,0.9996144978514993
137,2888844221.105528,0.9992984951073038,0.9991384202901292,0.9991508706215732,0.9995190069283002,0.9994561544575844,0.9992058772786212,0.9993422097603224,0.9996848661116892,0.9991511377163528,0.9991454355476675,1.00010014526991,0.9997086502713396,0.9998982162076746,0.999739317959842,0.9995527457409168,0.9998538110906154,1.0000572478265652,1.0002341286833911,1.0002113798794383
138,2889346733.6683416,0.9997655633171968,0.999258166779408,0.9989330686619918,0.999807228962812,0.9995465951421824,0.9993903544867552,0.9993447834216856,0.9995731537016508,0.9993060142169732,0.998727999859046,0.9997936109349024,0.9996407908196916,0.9997394707424774,0.9999306910786908,0.9996679031503888,1.0002227500736354,0.9999449328376788,1.000199369771578,1.0000878045609118
139,2889849246.231156,0.9997715697374489,0.9995832780987352,0.999506673857182,0.999656841478591,0.9994402408585212,0.9994006586206752,0.999575598538293,0.999518546131515,0.9997907741241044,0.999313390662634,1.0001715855381426,0.9998317150795925,0.999458482583688,0.9999246259008784,0.9995187150860516,1.0004291785961883,1.0000356262457477,1.0003132675390651,0.9999873677339916
140,2890351758.7939696,1.000719648046466,1.0001496233441447,0.99971008505602,0.9995999952586452,0.9995718231696687,0.999633329910381,0.9994970198925626,1.0001706186438617,0.9998488951423284,0.9993627060283368,1.000017955359728,1.0002020699540326,0.9999695227290792,0.999873351570161,0.9992674742095377,1.0000434095112438,1.000122891433264,1.0006390985558358,1.0004302607056137
141,2890854271.356784,0.999473100471484,1.000136465156214,0.99972509673308,1.000176973463337,0.999902507436204,1.000095056733163,0.9998102814257456,0.9996851779050432,1.000192588223267,0.9994313960951308,1.000310632518072,1.0002943903224113,1.0002729636546557,1.0000762230267553,1.0002297731868717,0.9999267640744012,1.0005821455487116,1.0006916174645828,1.000453529156573
142,2891356783.919598,0.999636275284476,0.9996741140462116,1.000044331170627,0.999771837074338,0.9998481567180004,0.9995142270047718,1.000113955007976,1.000307854914298,0.99998367292638,0.9994044276617142,1.000056333490538,0.999949865820654,0.9999801805843436,1.0001137520148924,1.0002276631892997,1.000422688958528,1.0007382789210288,1.000795873340108,1.000231632200665
143,2891859296.482412,1.0005546166276809,1.0001167921759706,0.9997683244751748,0.9999654291518946,1.0001710711144096,1.000372043484742,1.0003462569635913,1.0003840945055893,1.0002886555015005,0.9997616663477704,1.00031394833918,1.0003661073771302,0.9999431418121096,1.0002419000849936,1.0001861255233633,1.0005569344902132,1.0009861558503266,1.0008091769375371,1.0009449858850408
144,2892361809.045226,0.9999698244525436,0.9997950370922358,0.99981877189565,1.0002146137262031,1.0001465798332618,0.9999122021271932,1.0000780091276102,1.000577145929063,1.000054618033117,0.9998130468889144,1.0004238714584726,1.0005478559662488,1.0005215885222445,1.0004840040071827,1.0000149747154452,1.0004572183060445,1.0010484928426158,1.0008282569342108,1.0009669935902954
145,2892864321.6080403,0.9997066836637252,1.0001953206867775,1.0000496357819448,1.0003992323544149,1.0000603015849416,1.0001887811974643,1.000206899093025,1.0002794148175949,0.9997592008903686,0.9997350528175512,1.00036944468011,1.0004627691885415,1.000390500355124,1.0002403326609597,1.0001683743876053,1.0006445305240377,1.0008579562985072,1.0011723492025937,1.0007481896469332
146,2893366834.170854,1.0005683494746045,1.0008919969077776,1.0002138581207691,1.0000487832394969,1.0003164687059498,1.0002094538498536,1.0002303986968388,1.0004912800243786,1.0003856395809283,0.9998156949211612,1.0003544177330503,1.0002737818763126,1.0004465153970574,1.0005283922817558,1.0007724681141583,1.000754990695764,1.0011447307393804,1.0010276861831284,1.000818474240575
147,2893869346.7336683,1.000666444004304,0.9998805997561336,1.0001263966247549,1.000045527354405,1.000090306316357,1.0003472864493577,1.0003072737250658,1.0008927792326596,1.000623611030894,1.000730885784774,1.0008550264980784,1.0005913688088115,1.0004293303746876,1.0002471184156905,1.0001813357936276,1.0004897423064618,1.0009844762287892,1.0009678645251527,1.001428379479917
148,2894371859.2964826,1.0010153392971426,1.0009347801803514,0.9998898636022798,1.0003868157943376,1.0005029529542222,1.0001771658550156,1.0003166720791676,1.000863547979604,1.000922953149802,1.0004089197092878,1.0004820109876125,1.0004684819075864,1.000749344003351,1.0006629286607578,1.0005387392938103,1.0010085186609403,1.0009399797297371,1.001311417687183,1.0014974655499764
149,2894874371.8592963,1.000792860171127,1.0002712590322225,1.0006731728121228,1.0006198672403084,1.000821259186902,1.0004529678988667,1.00023156234572,1.000480997736697,1.0006816987470133,1.0002665223436948,1.0006310664568343,1.0007288100211411,1.000554413950118,1.0006845382238088,1.0002590829664677,1.0008126088198472,1.0010452262888636,1.0011465342505437,1.0015878579651285
150,2895376884.4221106,1.0006733069063765,1.0007024079042963,1.0003385512223095,1.0004771415537344,1.0004932273793057,1.0004470559508856,1.0003085738570976,1.0008749418681513,1.001155465111911,1.000846092185378,1.000724801020105,1.0010577797942366,1.0008591410155363,1.0008751437871106,1.0007192572380443,1.0009223667638831,1.0011482461196115,1.0015435491282223,1.001717917509711
151,2895879396.984925,1.0008342963726775,1.0003498502322006,1.0005510935291952,1.0003630829362105,1.0004364779258017,1.0004933588547775,1.0006016906594577,1.0009395258827107,1.000783045504493,1.0003553673158767,1.0010880344900397,1.0008172416857215,1.0008019445754797,1.0007813073094822,1.0004052793213245,1.0011567406709818,1.0010793856952054,1.001573974148039,1.0015246938694298
152,2896381909.5477386,1.0013503990037642,1.000605173624728,1.000562375371626,1.0007665008978572,1.0008226196039371,1.0006346669442714,1.0006564240351798,1.0012636692006756,1.00111485541207,1.000691871923455,1.0008998929334836,1.0009887261957011,1.0010265028369902,1.0006602873249042,1.000610804210106,1.0009496801444415,1.001507269931191,1.0015167609354303,1.0012984995762564
153,2896884422.110553,1.0000716967524137,1.0005377435195677,1.0000933445852311,1.0009937741569086,1.0003611665111265,1.000328689565772,1.00055942526592,1.0005659268686744,1.0011891269824225,1.0002735842107868,1.0008170357713475,1.0006979153339506,1.0011050860035209,1.0007992034530342,1.0006088840639629,1.0014320202404252,1.001425045590111,1.0015862767829384,1.0015402430514897
154,2897386934.673367,1.0011353401818277,1.0010232497953897,1.0007689178998804,1.0004563754408164,1.0004972773055587,1.0005934695330767,1.0004305442288912,1.0011372243141277,1.0010171960410814,1.0009146198282584,1.0007365838675195,1.001271917263129,1.0013108773553514,1.0009558220553223,1.000462260866277,1.0010848679833697,1.0011640556350576,1.0017444898586576,1.0017585790167245
155,2897889447.236181,1.000705489250648,1.0016617425915073,1.000836207704875,1.0007023067927272,1.0008409007634014,1.0008324840873073,1.0007227159564305,1.0011849325260995,1.0011635800161558,1.0011008901836378,1.000974463646883,1.000955563100615,1.001412536471822,1.0008638654286015,1.0005420364571154,1.0013100180037848,1.0014711854544318,1.0014310184896804,1.0014497661913726
156,2898391959.798995,1.0012185943728968,1.00066435940794,1.00049675309987,1.000902507703264,1.0006083552271616,1.0006224043987195,1.0008396291127484,1.0009896906239095,1.0012759985261503,1.000809263484924,1.001388542150078,1.0011156263337744,1.0008854997314185,1.0007611514101262,1.0008069785536235,1.0011068699550447,1.001128550488689,1.0017864502109768,1.0012318302223078
157,2898894472.361809,1.0014137998819883,1.0009874810296453,1.00054993193592,1.001040552731012,1.000819780012273,1.0005494989954404,1.000935427247843,1.0010049841142503,1.0008155668938394,1.000906201465913,1.001007396540587,1.0011271812389266,1.001163246618734,1.0010309144398015,1.000231647844091,1.0015528477468458,1.0016530785149915,1.0017227940250573,1.0019485440135332
158,2899396984.924623,1.0014769065975684,1.000653021929695,1.00108035313529,1.0008605246057034,1.0007739311894817,1.0007387255954348,1.0008868412980894,1.0009444000786225,1.001474692931564,1.0011156006298223,1.0012598258592236,1.0012553891476637,1.0013539247252288,1.0008992265435197,1.0011971974416236,1.0015034791191026,1.0013257684492276,1.0018003415485488,1.0018013070102263
159,2899899497.487437,1.0009942766633133,1.0011175539311965,1.0010337963050786,1.0006411428553406,1.0010449926869969,1.0007980957823095,1.0007215751278673,1.0009277859043189,1.0009072170423308,1.0011216818347146,1.0010991847503905,1.0014026657482302,1.0013095267136711,1.001186723790757,1.0011161374725022,1.0014395650740284,1.0015509250310293,1.001516442493499,1.0018206071602087
160,2900402010.0502515,1.000998196755802,1.0017488337594984,1.0003120340767302,1.0010139335573878,1.0011008868802234,1.0009375888995822,1.0005639201844692,1.0013737786371844,1.000957252406836,1.0011075537449357,1.001626369427303,1.0013361092395985,1.001537064019829,1.0016776678393864,1.000586067837547,1.0013938417293275,1.0015440793514214,1.001738435372474,1.0016999455508957
161,2900904522.613065,1.0014564849060212,1.0005274471181116,1.0010714740996174,1.000963160554322,1.0011776341487926,1.0011174646175105,1.0006919150707807,1.0013234403993665,1.0012784378788653,1.0012003317728435,1.0009820215038696,1.0013231162502865,1.0012644217640838,1.001174982352209,1.0008024559230526,1.0017606768482574,1.0014967137105852,1.0018789996669304,1.001482517105447
162,2901407035.1758795,1.0011067737379116,1.0014074863108928,1.0010536850803402,1.0009477409829255,1.0008788012866503,1.000700466068805,1.0012544742681095,1.0017863520220267,1.0010560095692933,1.00080926517643,1.0013036025872102,1.0013718542150407,1.0010557851189297,1.0010266456343506,1.0008670789685836,1.001221779922696,1.0018215116211828,1.0018104180660288,1.001317170140427
163,2901909547.7386928,1.0013142864444324,1.001440907005701,1.0013625838652782,1.0008078342892115,1.001180001939766,1.000888849962343,1.0008591261379118,1.001310489446638,1.0012834710013456,1.0013590266720929,1.0012563122604343,1.0014021521455687,1.000816045007843,1.001053699708515,1.0014893706933816,1.0015741592918934,1.0014958776236564,1.0017783353081002,1.0019342191990466
164,2902412060.3015075,1.0010554902995437,1.001346551792498,1.0009382703280418,1.0011993872243112,1.0008381867969585,1.0010281361145137,1.0010886762765352,1.0013250925902824,1.0015999313968764,1.0013387015053163,1.001297607586898,1.0014486041225412,1.0013155153274087,1.001428729087087,1.0006486154811982,1.0012232283911158,1.001959592139672,1.001866091337703,1.002215172242702
165,2902914572.8643217,1.00239806262455,1.0010057253647142,1.0013293042846476,1.0008810549359053,1.0013597745209517,1.0011311854052485,1.0010495075515975,1.0013699929537343,1.001543940723855,1.0011433767883111,1.001300835028375,1.0015976723813318,1.0015666649165846,1.0012426405405024,1.0013383791922736,1.001496271219173,1.0018999503334889,1.002020228779102,1.0023219819905622
166,2903417085.4271355,1.001203996738171,1.0013079792340256,1.0009451145327972,1.0011325349113986,1.0012199142015326,1.0008436554333058,1.0011349164173,1.0016271101276435,1.0015180723809625,1.0015266361314143,1.0014781723558857,1.0013523702565634,1.0009839768736,1.0011902054351776,1.0011371696174023,1.001526652198098,1.00174552046679,1.0019546555607612,1.0019260383963575
167,2903919597.9899497,1.0015492371923236,1.0013683500858213,1.001426513105541,1.00106902757961,1.0012156622119897,1.0009284328610606,1.0009135520401622,1.0014940243457588,1.001416662914879,1.0011867038748308,1.0013558785179453,1.0013656982169936,1.0013654848430684,1.0012656265246729,1.0010381845738894,1.00154630588762,1.00169339769718,1.0020751917509232,1.0020257681727995
168,2904422110.552764,1.0016011187774594,1.001077033168365,1.0011820953484916,1.0012019207751897,1.001141408876809,1.0008716629922598,1.0006503212075517,1.0012368227675617,1.0014001999089968,1.001024647969354,1.0013760278360624,1.0018221370632778,1.0013892695483926,1.0011110763889322,1.0007954654713236,1.0015991823974024,1.002067743175932,1.0019236457022545,1.0021761521023718
169,2904924623.1155777,1.0018079105216444,1.00168652334607,1.0011389446924908,1.001176654299757,1.0010246618463374,1.001053728092366,1.0010521069284946,1.0015258320673013,1.0011589047065883,1.001327731289621,1.0011778540987195,1.0014695716058848,1.001342290228307,1.0014386557643833,1.0010629372165476,1.001565767938802,1.0015870300466774,1.002049622326796,1.0020407911260014
170,2905427135.678392,1.0015526175851142,1.0009787507591823,1.001578956072121,1.0011450792571686,1.0012839393457598,1.0010463167040524,1.001224084996795,1.0014560386288112,1.0014730375586205,1.0015346229428042,1.0017915475140242,1.0015645178401742,1.0012668758662535,1.000978743698088,1.0013347101454628,1.0014778499400905,1.00207047007394,1.0020418305183223,1.0019756509119768
171,2905929648.241206,1.0016462666361543,1.0011998383509275,1.0013340027022144,1.0013109846545625,1.0007770163673004,1.0015099240316745,1.0011952498064345,1.0012998865581912,1.0012027931501777,1.001133145091646,1.0014736626919274,1.0015398307989325,1.001527724429421,1.0014520638263542,1.0013102382097996,1.0015469002412534,1.0016915001937614,1.0016348042612049,1.0019826849355096
172,2906432160.80402,1.0016202954389717,1.0013841531977743,1.0016214837844115,1.001329776737828,1.0012350694807055,1.0010336048208412,1.0009526971566822,1.0016247062972183,1.0019762560397505,1.001345288310494,1.0012076624373163,1.001482882253385,1.0015945192053477,1.001141681037537,1.0010754753237294,1.0017030956787218,1.001901429812433,1.002164231086753,1.0021529411295438
173,2906934673.366834,1.0010223918835577,1.0011336506164958,1.00128418543897,1.001213785778534,1.0010782887673786,1.001014429435045,1.0008468020701722,1.001385505476341,1.0014708151023526,1.0010666399520554,1.001541384652766,1.001487714963634,1.0011582343473229,1.00124307546607,1.001151472885465,1.0016613526555789,1.0017129321531435,1.0021427844662736,1.0020712459676395
174,2907437185.9296484,1.001774998562463,1.0013361040268989,1.0013962695139769,1.0008928844073055,1.0012763659663972,1.0009589567679886,1.0009873356443817,1.0016599894211733,1.0015590152002765,1.0016554481054856,1.0020736366096457,1.001325394017349,1.001295319833198,1.0014500034703249,1.0011885522895914,1.0015439647511712,1.00204932042903,1.0022356311787437,1.0016419480761276
175,2907939698.492462,1.002053701008694,1.001229227714974,1.0011527227599983,1.0011044656178598,1.0013734521547155,1.0009264395599355,1.0012389980916354,1.001714414062508,1.0014924590744532,1.001298200887963,1.0015502057482002,1.001475399379452,1.0015008248358028,1.0012584399556677,1.0012966946856827,1.0017201453763,1.0018387889365648,1.0022497381403137,1.002117366011014
176,2908442211.0552764,1.0014316273604134,1.0014970231597242,1.0013832926813289,1.001091565795338,1.001076923103316,1.00113884751199,1.0011434993993742,1.0018788302318815,1.0014311034146204,1.0010896487005825,1.0013785072649992,1.001624589348143,1.0013977018680882,1.001472571271366,1.0011370132320747,1.0013700870484163,1.0021484509430982,1.002119576688109,1.0023931516606597
177,2908944723.6180906,1.0016206310699909,1.0010111633814218,1.0013935647043406,1.0010548463204083,1.0010220318838667,1.0011332058968991,1.0009635723376462,1.0011401232210593,1.0012195946578402,1.0016607843109206,1.0013343031122437,1.0015336998116384,1.001382861417757,1.0011507609934045,1.0012778403777585,1.001810629307465,1.0020298822041869,1.0020467462953675,1.0025402269324066
178,2909447236.1809044,1.0013155737003436,1.0013787838343773,1.0009695967020849,1.001253106719089,1.0014198833398216,1.000926401932039,1.001323321401386,1.0013860839746682,1.0016023688337106,1.0012968993376956,1.00180160544073,1.0016442309413018,1.001694075057825,1.0010197949394737,1.0014398079706663,1.0017397729388884,1.0021143713562215,1.001814689969861,1.0015290829292425
179,2909949748.7437186,1.0016064673086165,1.001845445644297,1.001175362301197,1.0012271712020635,1.0011922377306552,1.0011347718418369,1.001043616978066,1.0016983940701545,1.001986992804548,1.0014388208973457,1.0018259866270691,1.0017607546416103,1.0015049211088518,1.001449901455478,1.0008066129461897,1.001759634345468,1.002073942390752,1.0022830765211097,1.0017501315873871
180,2910452261.306533,1.0017355174725937,1.0012125972688608,1.0009711203568927,1.0010055351900178,1.0012243977634987,1.0012258860917649,1.0010624108946755,1.0014278501637024,1.0015553228529648,1.0016511121425788,1.0017002511939077,1.001792568798792,1.001294771129802,1.0014384379084385,1.0010688435097417,1.001963345012841,1.0023039070063733,1.0018624910651015,1.0018611587912425
181,2910954773.8693466,1.0016152871050736,1.0018841365070943,1.0011244563922004,1.0015140933602384,1.0012410683399835,1.0010514226155272,1.001356373013341,1.0017420928605305,1.0017125495694887,1.0016785744108223,1.001310906602315,1.001661965601855,1.001731412663661,1.0012931568182384,1.0010472887702733,1.0014497313423305,1.001984732585652,1.0018695723862463,1.0022165627363782
182,2911457286.432161,1.001466559817008,1.0014133444827722,1.0016734381605792,1.0013695727835974,1.001211818779591,1.0011733553705695,1.0015787585578015,1.0015612245228822,1.0023191381577248,1.000986333880661,1.0010330123759985,1.001566551138445,1.001335325330352,1.001271573986996,1.0012122805520385,1.0011338542073678,1.0022608698071895,1.0021907549820783,1.0022589233971388
183,2911959798.994975,1.0017523643594983,1.0015903749711537,1.0011468441870723,1.0012582218116457,1.001505752886474,1.00120641977954,1.0010792127986927,1.0016619722590776,1.0018652755860642,1.0016185720496462,1.0012475159747436,1.001692603345875,1.001995104333803,1.001059867974817,1.0012269632592778,1.0018068735013137,1.0016167987491216,1.0020278605061883,1.002092409203575
184,2912462311.557789,1.0012607991639002,1.001733676109095,1.000961801213378,1.0012520520091035,1.0014276173501775,1.0011658584111496,1.0012330430883472,1.0014870517129564,1.0018711816446817,1.001451278809053,1.0010384910663528,1.0017002828063362,1.0014371092602057,1.0014953586183402,1.0009448655850883,1.0019711117812902,1.0021347231643751,1.0021787242077147,1.00209084514255
185,2912964824.120603,1.0016312082584204,1.001690483624728,1.0014021876803594,1.0014127218253348,1.001371912462262,1.0011425576654316,1.0014469445061822,1.0013287806724105,1.0016789913463895,1.0011407778005923,1.0017439286000087,1.001695971933101,1.0014112617695252,1.0011907995107276,1.0012458453642472,1.0014882446734492,1.002015871243338,1.002234363370503,1.0026290723154132
186,2913467336.6834173,1.001579634195337,1.0018251408633414,1.0013071231712185,1.0014016589422672,1.0012067615521412,1.0014364142307317,1.001371133661633,1.0017270850228088,1.0019184209920788,1.0016325541548352,1.001495198911971,1.0015247724745036,1.0015684508916711,1.0014670989334276,1.0010205579731513,1.0017928528224838,1.0023161598489982,1.0022712613719151,1.002066250005608
187,2913969849.246231,1.0018934274349882,1.001704926726284,1.0011032504896529,1.0014075748197524,1.0012450521638103,1.0011892693772046,1.001194544965553,1.001559253092975,1.0017637826634964,1.0021125321625328,1.0015508388816508,1.0017279611664385,1.0012725699765013,1.00107892865713,1.001363985003927,1.0017591571389686,1.0020271999158352,1.002120113342028,1.0019117465749547
188,2914472361.8090453,1.0016785085553126,1.0012087617060363,1.0013562349906369,1.0013681600976363,1.0016136494507353,1.0012681198161466,1.0011952805427369,1.00166780994857,1.0010193446990054,1.0011520239797158,1.0018135948507558,1.001535053136004,1.0017268907532624,1.0013014467134582,1.0012293230818623,1.001757612422453,1.0021717012916818,1.0021791524246302,1.0023827991045466
189,2914974874.371859,1.0022312106651072,1.001698533949871,1.0019467298639675,1.0013540264202605,1.0011865373018825,1.001393369257842,1.0014674365136225,1.0015355137429491,1.001817383898431,1.0017495397929863,1.0014835400225277,1.0018394346429556,1.0017710139482583,1.0013511965007582,1.001450530261845,1.0017910667246592,1.0018916428122835,1.0021955772010809,1.001763544970824
190,2915477386.9346733,1.0014732790675038,1.0011799700356094,1.00112617093866,1.0015099924709243,1.001598959238475,1.000806836602603,1.0010295656918828,1.001685213396709,1.0016928418161264,1.0011896081455225,1.001603434485097,1.0017953232644323,1.0014649118034586,1.0014858123215995,1.001007883980442,1.0018537514510693,1.002000566944359,1.0021676432250883,1.0021492076357563
191,2915979899.4974875,1.0023560407068988,1.0019164493107318,1.0015416761607985,1.0013705124468582,1.001494438184954,1.0013348412157013,1.0016223108957845,1.001215711074129,1.0012001462194675,1.0016729722672406,1.0016635591757233,1.001943527775458,1.001484502154634,1.0009170772530944,1.0014211205281225,1.0019261631270715,1.0018376718403124,1.0023452048960455,1.0022201065255385
192,2916482412.0603013,1.0019975138896158,1.0015213483535317,1.0010868595403426,1.0011711578929037,1.0015626334634284,1.0013144106854062,1.0014507396905854,1.001768847204156,1.0016167520240555,1.0016556108210093,1.0018434951594444,1.0019280805224962,1.0014074537759514,1.0014032638794133,1.001339520609834,1.0020855568659348,1.0020949571073454,1.0022930596595427,1.002061461543404
193,2916984924.6231155,1.0017088691215084,1.0017496545956208,1.0017943640281552,1.0013703914703216,1.001492399264187,1.0012306744132224,1.0014690888637934,1.001732354794694,1.0021229034900574,1.0013880177791654,1.0013582892467043,1.0016756950295702,1.0016167609148297,1.0018405878793035,1.0012006240039155,1.0021133049759288,1.0021786654433702,1.0021905223999503,1.002414061741016
194,2917487437.18593,1.0019644169387951,1.0019631144553345,1.0014828454131384,1.00133372944398,1.0012472676298818,1.0011453681928395,1.0011759468520751,1.0015440427145423,1.0020941154591438,1.0017410989451645,1.0015096376007944,1.0016381306194866,1.0013577184576816,1.0016777605335447,1.0010127215235065,1.0015373284668017,1.00203283409683,1.0020860902074962,1.002348045236418
195,2917989949.7487435,1.0018443036177318,1.0014665585404734,1.0013486413342618,1.0016619551885302,1.001311951838514,1.0008794272140071,1.0014679816863243,1.0018954028757114,1.001594102339488,1.001670627125249,1.0016506880251048,1.0020192856004668,1.0016961891871816,1.001560027202171,1.0009239947125574,1.001758606684428,1.0021960603700917,1.0022054001331928,1.0023999418076828
196,2918492462.311558,1.0019414578740968,1.001572710231188,1.0017273347058384,1.0013120700368796,1.0014841925845126,1.0009670645502675,1.0016074059038904,1.0016644740983376,1.001596740597487,1.0016364827522146,1.0012275720141672,1.0018921308811612,1.001676939975693,1.0014172858804695,1.0007560445862238,1.002035721468709,1.0020371379202155,1.0022647713213206,1.002414980771905
197,2918994974.874372,1.00193461032344,1.001939306162326,1.0009989453211408,1.001488688093194,1.0012371871580412,1.0014203605830785,1.0012111606487806,1.0019256443168194,1.0017176111509911,1.0020571792281072,1.001511804202564,1.00187386562311,1.0014764393612248,1.001602989510043,1.0009016574477383,1.0017600917711356,1.0019992801102449,1.0024107882272533,1.0021229588036769
198,2919497487.437186,1.0021098766978214,1.0015338400679807,1.0012273582557094,1.0016843585333304,1.0011404798743877,1.001465297811259,1.001618314499085,1.001637537327769,1.0018375081118305,1.0012630681520405,1.0016111343291985,1.0018415467009634,1.0016769639933711,1.0014509896561234,1.0010259006711058,1.0017211387974354,1.0022786928270175,1.0020432266255397,1.0022275158420542
199,2920000000.0,1.001388093319652,1.001517721473416,1.0014113150768147,1.0014145958361584,1.0011733092136927,1.001088849897708,1.0014790117905925,1.0018024356276145,1.0014157158237866,1.001236295553049,1.0015445151972402,1.0019503052503906,1.0015400527025335,1.001387331024985,1.0014929961436347,1.0014190799484388,1.0021966658643948,1.002112087845363,1.0021648003631054
