,0.0,1711212771.0,1711216404.0
0,2810275000,1.000299317348731,0.9985654504285447
1,2810550000,1.00048433659621,0.9932007005763929
2,2810825000,1.000345560615019,0.9980974226910778
3,2811100000,1.0016356220189644,1.0000717111654949
4,2811375000,0.9987703822043339,0.9975134575572904
5,2811650000,0.998897452663556,0.9961992140773753
6,2811925000,0.9985853218559202,0.9943488632990951
7,2812200000,1.0002139684745055,0.9955742279298919
8,2812475000,0.9992806952947814,0.9974617654981492
9,2812750000,1.0009530528487058,0.9951223000870718
10,2813025000,0.9924932233650814,1.002438536327928
11,2813300000,1.0004225253696564,1.000931257567066
12,2813575000,1.0000142739587037,0.9965525721032212
13,2813850000,0.9969842899973861,0.9985009584566465
14,2814125000,0.9966933879783285,1.001847335495096
15,2814400000,0.9958616147613991,1.004887985695291
16,2814675000,0.9955879677712728,0.9910069982731765
17,2814950000,0.9955377247021001,0.9955721892322933
18,2815225000,0.9996746336627922,0.991672020124492
19,2815500000,0.9973199928519831,0.9937018842872982
20,2815775000,0.9963059088309492,0.997424102474383
21,2816050000,0.9994211214603735,0.9965623005905132
22,2816325000,0.9924500868354117,0.9988535237609567
23,2816600000,1.0018250681196599,0.9959309450168582
24,2816875000,1.0008062995380473,0.9993865703687457
25,2817150000,0.9979018046918087,1.0081406323384297
26,2817425000,0.9932814957461948,1.0069559879423813
27,2817700000,0.9972772605614354,1.001970410186599
28,2817975000,1.0013514503083876,0.9944113000280451
29,2818250000,1.002421731981175,0.9911241801028267
30,2818525000,0.9995439084302062,1.0009496332229397
31,2818800000,1.0010594823615295,0.9995311174554607
32,2819075000,0.9936877867974007,1.0036466113934377
33,2819350000,0.9976863079245744,1.0028637444298665
34,2819625000,0.998099865381504,1.005039356019267
35,2819900000,0.996844599091607,1.0023645019004237
36,2820175000,0.9997987965113089,1.0040798178835322
37,2820450000,0.9989087503702654,1.0007782021035405
38,2820725000,0.9966886821270478,1.0002579162771252
39,2821000000,0.9971047696307215,0.9964223580645934
40,2821275000,0.9983312447468813,0.9992087987635055
41,2821550000,1.0009247726209178,1.0023129239143502
42,2821825000,1.0013852476782537,1.002575213532327
43,2822100000,0.9990001228499484,0.9991920635147854
44,2822375000,0.9997900324778931,1.0037406232418238
45,2822650000,1.0027389368109574,0.9966088047336586
46,2822925000,0.9995507413104147,1.0079118743011946
47,2823200000,1.0012546759038434,0.9975380261446117
48,2823475000,0.9980680415334625,1.0039462930054808
49,2823750000,0.9992872658689035,1.0027105653187292
50,2824025000,0.9943058535179856,1.0005209697653763
51,2824300000,1.0051241467645196,1.00085099402764
52,2824575000,1.0016383180205943,0.9944819539587754
53,2824850000,0.9996709444435934,1.0009387511511436
54,2825125000,0.997236687558012,0.9993160545341447
55,2825400000,0.9921154416003208,1.0030460108205466
56,2825675000,0.9970910076001138,1.0086663142397982
57,2825950000,1.0032877276627499,1.0055761280900015
58,2826225000,0.9978087718752952,0.9996253805416554
59,2826500000,0.9973351737268705,0.996596267517755
60,2826775000,0.9999723287588225,1.0021329089378017
61,2827050000,1.003541952475096,0.9987764316318829
62,2827325000,0.9979839755771046,0.9955888435951463
63,2827600000,1.0022826778399807,0.9930158247786421
64,2827875000,0.9981919001495962,1.0010293361397973
65,2828150000,1.0023362031099552,1.0027040054705376
66,2828425000,0.9965953621510696,1.0026468827779764
67,2828700000,1.002819552642887,0.9972230659505301
68,2828975000,0.9978017441791153,0.9924685617714349
69,2829250000,0.9977424617084433,0.9933828118896987
70,2829525000,0.9962567170305291,0.9943251463157945
71,2829800000,0.9945450443103291,0.9985447624103735
72,2830075000,0.9981493311125653,1.0016520662683253
73,2830350000,1.001999764219776,0.9951981787717448
74,2830625000,0.9978266987185384,0.9988511741215165
75,2830900000,0.99634270292512,0.9973900313500605
76,2831175000,0.9956212612846371,1.0010586431261992
77,2831450000,0.9977061602401719,0.9897270663327948
78,2831725000,0.9948987155284098,0.9984052347323736
79,2832000000,0.9979879923327502,0.9926343631379579
80,2832275000,1.0001592969600281,1.0003145756815108
81,2832550000,1.0026269831376065,0.9931021728652951
82,2832825000,0.9983615690041947,0.9958619837366113
83,2833100000,0.9952313792992311,1.0047385620109213
84,2833375000,0.9996701830731182,0.992239413257605
85,2833650000,1.0028770691243625,1.0040142635049325
86,2833925000,0.9921120606819396,0.9925171236637989
87,2834200000,0.9979453573581719,0.9920714120109716
88,2834475000,1.0014007857159128,0.9995019634551469
89,2834750000,0.9948629275672706,1.0005719377273055
90,2835025000,1.0062344238078744,0.9962209509568517
91,2835300000,0.9971699134368794,0.995887548356316
92,2835575000,0.9990034383941832,0.9999465464418074
93,2835850000,0.9936441488011719,0.9991669503661397
94,2836125000,0.9956254319799851,0.9963165687115249
95,2836400000,0.9978706259395077,0.9953058908247968
96,2836675000,0.9947463088557535,0.9908304348187148
97,2836950000,0.9945803572885726,0.9934384748552282
98,2837225000,0.9962732151017957,0.9902875818663329
99,2837500000,0.9961679923541813,1.0008493242077565
100,2837775000,0.9943259853293058,0.9963964040650894
101,2838050000,0.9961196232566252,0.991868533968544
102,2838325000,0.9900844553101996,0.9972695213524674
103,2838600000,0.9905559131865493,0.99869234206513
104,2838875000,0.9964447414282362,0.9995184373866973
105,2839150000,0.9953071016438689,0.9975751815112213
106,2839425000,0.9926999254601028,0.992352909030897
107,2839700000,0.9969838283645232,0.9876390787169324
108,2839975000,0.9974557138635196,1.0064864205648831
109,2840250000,0.9961534876818522,0.9953951704170291
110,2840525000,0.9961557631368846,0.9972168718531409
111,2840800000,0.9998925097402335,0.9970571485044442
112,2841075000,0.9904468924390079,0.9954670596896158
113,2841350000,0.995552386587697,0.9941504783368259
114,2841625000,1.003608645124985,0.9928590471563368
115,2841900000,0.9906491154840668,0.9889731706874287
116,2842175000,0.9956151437686165,0.9943261046274985
117,2842450000,0.9952483813383395,0.9933011521006557
118,2842725000,0.9854721679001194,0.9924590249303866
119,2843000000,0.9942744370056775,1.0002757979820032
120,2843275000,0.987143843648374,0.990934303890798
121,2843550000,0.9956133882609042,0.9952335894051971
122,2843825000,0.9879235786470054,0.9925540143699527
123,2844100000,0.9859260883330399,0.9936287027000653
124,2844375000,0.9952666680920419,0.995669041006582
125,2844650000,0.9925973733211905,0.9882885732289237
126,2844925000,0.9969028967748685,0.9949355264479257
127,2845200000,0.9979417169032612,0.9938597129733341
128,2845475000,0.9890862851631892,0.9956228653027007
129,2845750000,0.9874317630468251,0.9964493167156541
130,2846025000,0.9902578012672937,0.9837194039165885
131,2846300000,0.9911071634130442,0.9981362528299064
132,2846575000,0.9872950659401433,0.9919718149821272
133,2846850000,0.9961790006671903,0.9916934016471404
134,2847125000,0.9961987980246922,0.9837970111538394
135,2847400000,0.9909997890014919,0.9895230036714217
136,2847675000,0.992416707101206,0.9898127008924944
137,2847950000,0.9983929223632113,0.9911830983450953
138,2848225000,0.9903479491391839,0.9838668248900483
139,2848500000,0.9860656466035775,0.976494925812019
140,2848775000,0.9946330886924908,0.9904655042326718
141,2849050000,0.9915320667393607,0.9908834224571283
142,2849325000,0.9923701975711076,0.9877903895628991
143,2849600000,0.9811258453328238,0.9902073255902881
144,2849875000,0.9905483659010593,0.9881350166210977
145,2850150000,0.9805918665764776,0.9922984115370839
146,2850425000,0.9897248602360965,0.9825718245025178
147,2850700000,0.9877114504162343,0.9926439107147009
148,2850975000,0.9877035804470323,0.9856761993688903
149,2851250000,0.9857780222283875,0.9860380307262001
150,2851525000,0.9843457807625302,0.9900970852124729
151,2851800000,0.9898111165219368,0.983761231813787
152,2852075000,0.9838626568933583,0.9882316175322703
153,2852350000,0.987577582757115,0.9861492607059759
154,2852625000,0.9802379237249036,0.9873271087566351
155,2852900000,0.9809013126955306,0.9826180958513537
156,2853175000,0.9800276809123734,0.980820854004144
157,2853450000,0.9885633581163711,0.9844286656156507
158,2853725000,0.9763252100354572,0.9857448640903167
159,2854000000,0.9826871269318717,0.9855581044506624
160,2854275000,0.9723752213994274,0.9813334777907369
161,2854550000,0.9819065903848675,0.981071795093887
162,2854825000,0.9872254505044186,0.9805905347132823
163,2855100000,0.9793724705493122,0.9778263252816399
164,2855375000,0.9857353098763585,0.9808631901676114
165,2855650000,0.9805056780245268,0.9775961628951633
166,2855925000,0.983213645090472,0.9800406889588904
167,2856200000,0.9775346481823001,0.9681580760415812
168,2856475000,0.9791496011230006,0.981426590585143
169,2856750000,0.9785222309320462,0.9766825176648647
170,2857025000,0.9783452733583294,0.9801604570765781
171,2857300000,0.9771528660891012,0.9833308929443288
172,2857575000,0.9758828894482641,0.9740133594311614
173,2857850000,0.9713170230849736,0.9757711913432587
174,2858125000,0.9745569962559983,0.9705587027395054
175,2858400000,0.9747646352402064,0.9756483307554884
176,2858675000,0.9700839505102729,0.9758516424478233
177,2858950000,0.9655176551350184,0.9679008464670235
178,2859225000,0.9646692860789062,0.967907343939592
179,2859500000,0.9716013641487024,0.9674722711423611
180,2859775000,0.9670764657581647,0.9674478224501724
181,2860050000,0.9661719312366562,0.9686739805312916
182,2860325000,0.9693439332874104,0.9688192470879541
183,2860600000,0.9597900171968754,0.9590133589481074
184,2860875000,0.9725817850525827,0.958926985329504
185,2861150000,0.9620075648938141,0.9666588409537199
186,2861425000,0.96187746568822,0.9644107450818312
187,2861700000,0.9558516549948457,0.960676316081063
188,2861975000,0.9651108384332826,0.9652761489008128
189,2862250000,0.9622091564521025,0.959607195727195
190,2862525000,0.9526350063242324,0.9551382441103146
191,2862800000,0.9580608253649496,0.958547621805569
192,2863075000,0.9571603596872057,0.9636476819006388
193,2863350000,0.9658949827975721,0.9645913459647849
194,2863625000,0.9596666285745988,0.9726929855686871
195,2863900000,0.9566645007933792,0.9580264214215326
196,2864175000,0.960499351078956,0.9587371700890671
197,2864450000,0.9618814248162646,0.9568857281648337
198,2864725000,0.9631600799043131,0.9607448752940776
199,2865000000,0.9578872884288651,0.962745291210856
200,2865275000,0.9695853053556929,0.965952683265219
201,2865550000,0.9653395236662999,0.9707318678455124
202,2865825000,0.965934565062539,0.9664479446741627
203,2866100000,0.9732679185571019,0.9680800721466868
204,2866375000,0.9674107666917493,0.9672004886349921
205,2866650000,0.9658312383578503,0.9659354384304741
206,2866925000,0.9659971497691754,0.9672637958500214
207,2867200000,0.9698279797151623,0.960828552874116
208,2867475000,0.9745123198601532,0.9657538233675227
209,2867750000,0.9634211229291689,0.9659624273370083
210,2868025000,0.9649177686393631,0.9667834680272108
211,2868300000,0.9634443652882368,0.9644356820238071
212,2868575000,0.9612967204627424,0.965194203203229
213,2868850000,0.9615362202239077,0.9568336479572324
214,2869125000,0.9662003279300548,0.9608420680906168
215,2869400000,0.9626089372601169,0.9641876652034369
216,2869675000,0.9578349240676446,0.9635946596785415
217,2869950000,0.9635734278223324,0.9601162975084206
218,2870225000,0.961595681671376,0.9652965811888571
219,2870500000,0.9640430014753135,0.9591749899383109
220,2870775000,0.9680512434906791,0.9612281119097601
221,2871050000,0.9561041768926505,0.9565787277228932
222,2871325000,0.9699565276779282,0.9595594266997703
223,2871600000,0.966532217799707,0.9703073129379977
224,2871875000,0.9672808414202997,0.9672708122942829
225,2872150000,0.9644178916111579,0.9646534046717048
226,2872425000,0.9719786255068938,0.9656494415747601
227,2872700000,0.9629795496848879,0.9705515362033332
228,2872975000,0.9653042516247571,0.9669835531287362
229,2873250000,0.9729953790668938,0.9736932607566576
230,2873525000,0.9670330181278187,0.97729758474996
231,2873800000,0.9677095386408667,0.9721833544387595
232,2874075000,0.9669471101655008,0.9725987854070526
233,2874350000,0.9715743381991834,0.9687297620332689
234,2874625000,0.9714861664130431,0.9736054955490434
235,2874900000,0.9680590621795103,0.9696661079860788
236,2875175000,0.9707322916992597,0.9692240987101723
237,2875450000,0.9693764953027545,0.9702053266275517
238,2875725000,0.9788326665036221,0.9778543486927438
239,2876000000,0.9731002779613968,0.9770249578833416
240,2876275000,0.9748178380259469,0.9703961064179544
241,2876550000,0.9794985394563305,0.9728803840811048
242,2876825000,0.975911274637475,0.9816387249688224
243,2877100000,0.9812541807417707,0.9814009352966199
244,2877375000,0.9782830033031953,0.9817955079441207
245,2877650000,0.9787274336801689,0.9691187446728674
246,2877925000,0.9745493093208686,0.9771544408676098
247,2878200000,0.9726653172512209,0.979250618078226
248,2878475000,0.9759301298680484,0.9779867005454309
249,2878750000,0.9826143784757034,0.9820882262022043
250,2879025000,0.9732484199710428,0.9826984397618977
251,2879300000,0.9760622956100009,0.9822610215203713
252,2879575000,0.985473852007268,0.9861399838871279
253,2879850000,0.97681972967934,0.9823817103853241
254,2880125000,0.979491508151429,0.9831108696366654
255,2880400000,0.9842771169063862,0.9822302918585019
256,2880675000,0.9816403965653935,0.9751825427141531
257,2880950000,0.9878077437272867,0.9800535987462009
258,2881225000,0.9774898148425374,0.9832081196287134
259,2881500000,0.9814182866797732,0.9873034977269198
260,2881775000,0.9821366471416421,0.9845374998540612
261,2882050000,0.9882154476468313,0.9826046221364362
262,2882325000,0.9894537767841797,0.9864145085235464
263,2882600000,0.9910143987295316,0.9846773892805487
264,2882875000,0.9785624034996359,0.9887586019280191
265,2883150000,0.9882739329810617,0.991020715078817
266,2883425000,0.988338434349249,0.9881377636196257
267,2883700000,0.9908373637738034,0.9847822524513123
268,2883975000,0.9819886817279943,0.987466139529971
269,2884250000,0.9894686440593662,0.989507112313208
270,2884525000,0.9849609357573438,0.9865521082443418
271,2884800000,0.9864544053453214,0.988618075967216
272,2885075000,0.9866453426696649,0.9916139161086687
273,2885350000,0.9954922007985015,0.985596175653302
274,2885625000,0.9829742474705212,0.9928182392098116
275,2885900000,0.9920643017788874,0.9889648379952086
276,2886175000,0.9891911127295252,0.9906219124606634
277,2886450000,1.0002279925896398,0.9949975758640998
278,2886725000,0.9901789429966504,0.9972082826725087
279,2887000000,0.9904355663311436,0.9879795746729819
280,2887275000,0.9898252676985645,0.995068821831245
281,2887550000,0.9910874859326302,0.9922694946661091
282,2887825000,0.9906749214004915,0.985558798069242
283,2888100000,0.99315269794717,0.9938534620149756
284,2888375000,0.9906006763600872,0.9943931179981409
285,2888650000,0.9962084570105111,0.9898994738077977
286,2888925000,0.9855497785772495,0.9918632946153993
287,2889200000,0.9923276311068859,0.9917926304293608
288,2889475000,0.9936322021793593,0.9935116831380081
289,2889750000,0.9955168441392804,0.9946365937723339
290,2890025000,0.9864258722921766,0.9997472063502293
291,2890300000,0.9952303593524484,0.9948706590180767
292,2890575000,0.9941292275794091,0.9899847964686191
293,2890850000,0.9959014358927104,0.9969307276166207
294,2891125000,0.9973624524698675,0.9950427001728948
295,2891400000,0.9943102950262194,0.9939428168840518
296,2891675000,0.9922904628556758,0.9921501769588474
297,2891950000,0.9891254986847097,0.9940290965889848
298,2892225000,1.0004281723561899,1.0011259385403586
299,2892500000,1.0001264986790122,1.0022441280614565
300,2892775000,0.9971653208401803,0.9895559212087505
301,2893050000,0.9930129785547308,0.984917144019874
302,2893325000,0.9894602029281307,0.992327213341799
303,2893600000,0.9974340299931869,0.991556918709282
304,2893875000,0.9933080014512056,0.9945301718403681
305,2894150000,0.994144375468459,1.0003384686619574
306,2894425000,0.9979125316118308,0.9969473261242603
307,2894700000,0.9954453052654053,0.9994885259891805
308,2894975000,0.9942036845063217,0.9977012757624318
309,2895250000,1.0020407538240024,1.0007211777814975
310,2895525000,0.9917118325109023,0.9950871400897374
311,2895800000,0.9941124847318248,0.9970329401029653
312,2896075000,0.996006947326393,1.0020204795164784
313,2896350000,0.9917666562118229,0.9985925720135829
314,2896625000,1.0013573716845507,0.9983935663494188
315,2896900000,0.9963844356193403,0.9963651167331253
316,2897175000,1.000004119390965,0.9917602498232567
317,2897450000,0.9964980158334841,0.9981826990126926
318,2897725000,0.9929882996289049,0.9965166947567659
319,2898000000,1.0004648122546334,0.9976048284633228
320,2898275000,0.9987320647690867,0.9885895176109544
321,2898550000,0.9914731944417738,1.0009616896951352
322,2898825000,0.995427831658647,0.9947746318010354
323,2899100000,1.0034949845539465,0.99687452597933
324,2899375000,0.9984974389768754,0.9999948785355472
325,2899650000,0.9961403783893438,0.9915159618502053
326,2899925000,1.0045809884726364,0.9958759051854063
327,2900200000,0.993215219327489,0.9975866710097175
328,2900475000,1.0003973797480517,0.9934321053685744
329,2900750000,0.9988730447839691,0.9991627455458901
330,2901025000,0.992043653528582,0.9971151735044878
331,2901300000,0.995546528455058,0.9931308837049793
332,2901575000,0.990882310921528,1.0002253750887005
333,2901850000,0.9955514379455869,1.0029986030099638
334,2902125000,0.9915821817146104,0.9928643329872974
335,2902400000,0.9980032280954843,0.9989732171519323
336,2902675000,0.9956778094190483,0.994359326671895
337,2902950000,1.00084013169632,0.9997382002044242
338,2903225000,0.9974968253089033,0.9985174617727827
339,2903500000,1.0015233155029186,0.995224009931268
340,2903775000,1.0000302598478439,1.0033401842981162
341,2904050000,1.001051722178833,0.9953629244474304
342,2904325000,0.9963561940639472,0.9923012693825318
343,2904600000,0.9957616701167588,0.9997208074988185
344,2904875000,1.0017265126816302,0.9991540836614411
345,2905150000,0.9915225467998932,1.0016273314823816
346,2905425000,1.0041255088590562,0.9995479847668501
347,2905700000,0.9981351167128691,0.9984177246995533
348,2905975000,0.9998636033815117,0.9980770904443987
349,2906250000,0.9997824006160269,1.0001842921853588
350,2906525000,0.9947230556810697,0.9928463455775498
351,2906800000,0.9979062353937713,0.9924074505322075
352,2907075000,0.999408080100114,0.9974062529737309
353,2907350000,0.9960603122249682,0.9951424666986247
354,2907625000,0.9989545741830463,1.0002435289767748
355,2907900000,0.9951798475922581,0.9988732370735006
356,2908175000,1.0034794588389528,1.0099550590146333
357,2908450000,0.9931568100915407,1.0047453239646116
358,2908725000,0.9992425822910435,0.9933493373704708
359,2909000000,1.004666049835189,1.001183570103591
360,2909275000,1.0000943050059878,0.997873538424562
361,2909550000,1.006873360677266,0.9935261873623251
362,2909825000,1.0073650706171036,0.9961919305686848
363,2910100000,1.0051677508148529,1.0093915997694631
364,2910375000,1.0012750983162972,0.9976417394675912
365,2910650000,1.0014746110537103,1.003100073593061
366,2910925000,0.9944010412880947,0.9997622749452375
367,2911200000,1.0058039645194623,0.9993514552919384
368,2911475000,1.0000788138595873,1.0034281527937077
369,2911750000,0.998212023181199,1.0035001382638105
370,2912025000,0.9977225160794727,0.9948760495097335
371,2912300000,0.9950505986088171,1.008999856900686
372,2912575000,1.0013110636387044,0.9948349972278749
373,2912850000,1.0039971723960677,1.0057417518343241
374,2913125000,1.0060256364427291,1.000718638870537
375,2913400000,0.9948184868528773,0.99530407646691
376,2913675000,1.0039628835408256,1.0015458888446336
377,2913950000,0.9964278092762209,0.9963792477848282
378,2914225000,1.002020737170179,0.9943328149916117
379,2914500000,1.00184681512748,1.0029663856594822
380,2914775000,1.00436169437705,1.001814951376695
381,2915050000,0.9985734944410349,1.0032167312545524
382,2915325000,0.9974036501726202,1.0028856659605996
383,2915600000,0.9952115805372188,0.9996835352493466
384,2915875000,1.0018732449055716,1.0000368751986488
385,2916150000,1.0010693951743554,0.9962182816489785
386,2916425000,0.996857264833003,0.9970985527648527
387,2916700000,0.9997789806573364,0.9908437298091716
388,2916975000,1.002920028835477,0.995946793345454
389,2917250000,1.004030567611265,0.9990195197729821
390,2917525000,1.000210221464619,1.0010274935844126
391,2917800000,1.002476756322456,0.9990133724289413
392,2918075000,1.000226325736156,1.002924873652695
393,2918350000,1.0021103825525166,0.9990589346478463
394,2918625000,0.9959253501880798,1.0055316722907903
395,2918900000,0.9993683274835222,1.0007100209519217
396,2919175000,0.9931318217185375,1.0024917746539235
397,2919450000,1.0010157088490483,0.9965454047038987
398,2919725000,0.9961676074571091,1.004206141732129
399,2920000000,0.9992815843978606,0.9987136611868933
