freq	PL_sig1	PL_ref1	PL_sig2	PL_ref2	PL_sig3	PL_ref3	PL_sig4	PL_ref4	PL_sig5	PL_ref5	avgPL_sig	avgPL_ref
2720000000.00000000	4831.57800000	4826.27600000	4843.05400000	4836.16800000	4818.27600000	4815.72400000	4850.72400000	4844.17400000	4885.02000000	4876.13800000	4845.73040000	4839.69600000
2721003344.48160553	4839.88200000	4837.51000000	4857.50800000	4853.00800000	4810.10800000	4805.07600000	4855.21600000	4851.65600000	4910.00600000	4899.60600000	4854.54400000	4849.37120000
2722006688.96321058	4836.92200000	4833.80200000	4837.20600000	4834.92000000	4817.29400000	4814.59400000	4855.55400000	4848.80400000	4911.86600000	4905.31400000	4851.76840000	4847.48680000
2723010033.44481611	4831.87400000	4834.45000000	4836.64600000	4832.60400000	4832.44800000	4821.21800000	4844.56600000	4845.00000000	4838.47600000	4826.17000000	4836.80200000	4831.88840000
2724013377.92642164	4799.14800000	4793.44000000	4823.28200000	4815.16400000	4857.01400000	4851.90400000	4855.24800000	4848.71800000	4848.36000000	4844.76600000	4836.61040000	4830.79840000
2725016722.40802670	4837.56000000	4834.90200000	4837.81000000	4828.00000000	4819.62800000	4820.48000000	4866.72800000	4865.52400000	4833.72600000	4827.70000000	4839.09040000	4835.32120000
2726020066.88963223	4796.65200000	4796.70600000	4849.11200000	4840.36600000	4851.88400000	4844.40200000	4850.43800000	4842.87400000	4878.91600000	4865.88800000	4845.40040000	4838.04720000
2727023411.37123728	4844.09800000	4840.33400000	4839.49000000	4836.81000000	4836.86600000	4832.97400000	4855.52600000	4848.34600000	4836.40600000	4831.37000000	4842.47720000	4837.96680000
2728026755.85284281	4840.75800000	4838.27800000	4842.03400000	4835.41000000	4839.66800000	4832.36400000	4854.22800000	4845.13000000	4835.02200000	4825.98400000	4842.34200000	4835.43320000
2729030100.33444834	4846.45800000	4838.13000000	4834.58400000	4833.07600000	4836.75600000	4833.50800000	4853.38400000	4850.72200000	4884.98800000	4877.89200000	4851.23400000	4846.66560000
2730033444.81605339	4827.68600000	4824.88800000	4835.13800000	4834.82600000	4819.21200000	4809.20800000	4842.30600000	4843.05200000	4893.76200000	4889.76400000	4843.62080000	4840.34760000
2731036789.29765892	4828.36200000	4832.33200000	4835.83200000	4834.33600000	4813.23800000	4806.24800000	4844.81400000	4839.33600000	4907.78000000	4901.78000000	4846.00520000	4842.80640000
2732040133.77926445	4843.76800000	4837.23200000	4835.80000000	4832.07800000	4828.90400000	4817.73400000	4866.18000000	4859.67000000	4832.11200000	4821.32800000	4841.35280000	4833.60840000
2733043478.26086950	4836.00000000	4827.73200000	4832.05600000	4831.26000000	4819.35800000	4814.84200000	4856.24600000	4844.70000000	4905.82800000	4904.90400000	4849.89760000	4844.68760000
2734046822.74247503	4826.81400000	4821.95200000	4848.52200000	4848.85600000	4814.16000000	4815.65000000	4854.58400000	4848.40200000	4910.36600000	4897.13000000	4850.88920000	4846.39800000
2735050167.22408009	4842.50600000	4834.80000000	4834.26400000	4828.78800000	4835.60600000	4821.52000000	4842.18600000	4836.78200000	4857.93600000	4850.38600000	4842.49960000	4834.45520000
2736053511.70568562	4838.33200000	4834.33400000	4835.70600000	4828.27800000	4810.96600000	4798.82000000	4851.61000000	4857.56000000	4872.65200000	4876.39800000	4841.85320000	4839.07800000
2737056856.18729115	4786.25400000	4784.64800000	4826.79400000	4822.95600000	4864.61600000	4855.84400000	4854.03800000	4855.96800000	4837.40600000	4834.47200000	4833.82160000	4830.77760000
2738060200.66889620	4801.21200000	4792.65200000	4833.21600000	4830.21800000	4847.09600000	4838.86200000	4845.33000000	4840.88800000	4873.09600000	4867.07600000	4839.99000000	4833.93920000
2739063545.15050173	4834.48200000	4826.60000000	4837.10200000	4832.19800000	4808.67000000	4804.02000000	4852.28000000	4849.85200000	4885.86400000	4883.70400000	4843.67960000	4839.27480000
2740066889.63210726	4853.40000000	4850.08000000	4841.99800000	4842.99400000	4839.34600000	4832.80400000	4851.17600000	4841.15400000	4891.66800000	4885.68800000	4855.51760000	4850.54400000
2741070234.11371231	4829.40600000	4822.53000000	4842.81400000	4837.03000000	4812.24200000	4807.16600000	4858.91800000	4851.73200000	4885.81400000	4881.78000000	4845.83880000	4840.04760000
2742073578.59531784	4847.07000000	4847.14400000	4833.36000000	4829.40200000	4830.93600000	4823.63000000	4863.23000000	4861.30200000	4830.49200000	4830.91800000	4841.01760000	4838.47920000
2743076923.07692289	4839.90600000	4841.64000000	4837.78400000	4829.61400000	4825.33800000	4819.04000000	4877.39600000	4878.81000000	4836.43200000	4839.37200000	4843.37120000	4841.69520000
2744080267.55852842	4797.41400000	4790.64600000	4848.74600000	4842.02400000	4840.73200000	4842.24000000	4851.29800000	4845.61400000	4879.02400000	4872.29400000	4843.44280000	4838.56360000
2745083612.04013395	4802.00600000	4800.75200000	4863.03600000	4857.27000000	4865.26400000	4860.66000000	4858.75200000	4858.52800000	4831.26400000	4827.61000000	4844.06440000	4840.96400000
2746086956.52173901	4834.46000000	4831.90800000	4842.57200000	4837.93600000	4835.34200000	4832.46200000	4872.36000000	4862.78200000	4845.23400000	4838.97000000	4845.99360000	4840.81160000
2747090301.00334454	4792.73000000	4785.48000000	4830.08200000	4829.19600000	4872.76400000	4866.37000000	4857.32200000	4857.97000000	4832.28800000	4822.95200000	4837.03720000	4832.39360000
2748093645.48495007	4832.90800000	4835.14600000	4830.22400000	4831.40800000	4834.86000000	4827.18400000	4868.68800000	4860.93400000	4846.25600000	4840.84600000	4842.58720000	4839.10360000
2749096989.96655512	4840.69600000	4833.47200000	4838.22600000	4831.87000000	4830.65000000	4826.44600000	4857.72400000	4847.45400000	4824.65000000	4815.69600000	4838.38920000	4830.98760000
2750100334.44816065	4795.96600000	4794.56200000	4832.74000000	4832.31400000	4864.42800000	4856.35000000	4861.74000000	4854.42400000	4826.86600000	4814.03200000	4836.34800000	4830.33640000
2751103678.92976570	4827.34200000	4819.84400000	4855.24000000	4854.21200000	4841.22000000	4829.59200000	4868.02200000	4861.47800000	4833.56000000	4830.50000000	4845.07680000	4839.12520000
2752107023.41137123	4825.75200000	4816.86400000	4857.41800000	4855.38600000	4847.22800000	4835.29000000	4860.92400000	4854.27800000	4834.15000000	4823.27200000	4845.09440000	4837.01800000
2753110367.89297676	4842.07800000	4839.66800000	4839.16400000	4834.53200000	4836.82200000	4831.07600000	4856.65800000	4851.35600000	4826.61400000	4821.81600000	4840.26720000	4835.68960000
2754113712.37458181	4832.46000000	4830.02600000	4841.24400000	4836.83000000	4825.36400000	4821.46200000	4845.81200000	4846.28800000	4861.21600000	4854.08600000	4841.21920000	4837.73840000
2755117056.85618734	4830.99200000	4825.59400000	4842.62600000	4835.52600000	4819.34800000	4814.88400000	4853.88800000	4846.30000000	4888.17600000	4872.75400000	4847.00600000	4839.01160000
2756120401.33779287	4805.87200000	4794.50800000	4850.98000000	4845.82600000	4871.27400000	4867.99200000	4862.47800000	4855.59600000	4829.17000000	4824.94000000	4843.95480000	4837.77240000
2757123745.81939793	4832.46400000	4828.24400000	4833.80400000	4829.45600000	4839.97800000	4831.01200000	4849.78800000	4842.48800000	4850.27800000	4846.50400000	4841.26240000	4835.54080000
2758127090.30100346	4831.18800000	4832.21600000	4853.08400000	4850.03000000	4811.67200000	4812.28400000	4855.54800000	4851.55000000	4912.52200000	4904.02600000	4852.80280000	4850.02120000
2759130434.78260851	4822.62200000	4822.31600000	4835.45800000	4828.44200000	4838.28200000	4824.77600000	4845.95200000	4846.70600000	4848.13200000	4844.53000000	4838.08920000	4833.35400000
2760133779.26421404	4788.80200000	4787.07200000	4831.15400000	4821.91600000	4874.51600000	4869.67400000	4874.45000000	4870.19200000	4821.76000000	4819.01600000	4838.13640000	4833.57400000
2761137123.74581957	4833.37800000	4828.63600000	4844.72000000	4841.71600000	4833.36000000	4830.90600000	4843.52400000	4843.69400000	4883.16800000	4877.15400000	4847.63000000	4844.42120000
2762140468.22742462	4829.36800000	4828.35400000	4837.74600000	4826.49800000	4801.95000000	4791.49200000	4842.35800000	4836.09600000	4884.59200000	4876.17800000	4839.20280000	4831.72360000
2763143812.70903015	4787.37800000	4787.29000000	4831.77000000	4825.34200000	4875.03200000	4873.29400000	4873.92000000	4865.00000000	4823.58400000	4818.92000000	4838.33680000	4833.96920000
2764147157.19063568	4828.06600000	4824.41200000	4841.74200000	4830.98600000	4807.45000000	4800.17600000	4847.90000000	4840.20200000	4884.52600000	4877.08400000	4841.93680000	4834.57200000
2765150501.67224073	4829.02400000	4827.31800000	4853.56400000	4849.61800000	4837.83400000	4830.16400000	4858.20800000	4854.84400000	4841.20600000	4835.75200000	4843.96720000	4839.53920000
2766153846.15384626	4837.42400000	4830.51200000	4849.14800000	4845.23400000	4798.37400000	4799.71800000	4847.46600000	4849.64600000	4891.69800000	4882.71600000	4844.82200000	4841.56520000
2767157190.63545132	4836.57400000	4835.74200000	4845.28800000	4834.73600000	4828.85600000	4827.64200000	4852.98000000	4850.58200000	4835.98400000	4827.83800000	4839.93640000	4835.30800000
2768160535.11705685	4840.35600000	4839.25800000	4836.45400000	4827.45200000	4833.42800000	4829.73600000	4863.73800000	4857.06200000	4870.81400000	4867.93400000	4848.95800000	4844.28840000
2769163879.59866238	4787.42800000	4784.92000000	4821.94000000	4817.09000000	4859.64000000	4857.46600000	4857.41000000	4848.22400000	4832.55600000	4831.34600000	4831.79480000	4827.80920000
2770167224.08026743	4796.17200000	4794.88600000	4842.26400000	4836.70000000	4833.24600000	4829.90000000	4831.70400000	4827.52400000	4872.67200000	4866.25800000	4835.21160000	4831.05360000
2771170568.56187296	4826.77800000	4823.37200000	4851.77200000	4849.26800000	4812.72400000	4815.30400000	4851.03400000	4847.22400000	4906.61000000	4905.27600000	4849.78360000	4848.08880000
2772173913.04347849	4822.56600000	4819.27000000	4839.59600000	4833.15600000	4819.14800000	4813.30600000	4846.28800000	4846.77200000	4888.28400000	4886.67000000	4843.17640000	4839.83480000
2773177257.52508354	4790.17400000	4791.29200000	4838.22200000	4838.09600000	4840.57800000	4840.80400000	4831.05400000	4835.74800000	4869.19600000	4871.03600000	4833.84480000	4835.39520000
2774180602.00668907	4826.16600000	4821.70800000	4828.91000000	4825.43200000	4830.14200000	4822.52600000	4850.37200000	4841.20400000	4833.67800000	4837.15400000	4833.85360000	4829.60480000
2775183946.48829412	4805.17800000	4798.79000000	4858.36000000	4859.98400000	4870.99800000	4862.93800000	4862.12800000	4853.26600000	4833.48200000	4828.70200000	4846.02920000	4840.73600000
2776187290.96989965	4844.37200000	4848.80200000	4828.11200000	4828.44600000	4819.22600000	4822.34600000	4863.23000000	4865.93200000	4828.26800000	4827.56600000	4836.64160000	4838.61840000
2777190635.45150518	4789.56000000	4788.92800000	4826.48400000	4824.75800000	4845.38200000	4849.22400000	4854.50200000	4854.35400000	4834.13800000	4837.50400000	4830.01320000	4830.95360000
2778193979.93311024	4824.35400000	4829.93400000	4826.72000000	4833.78800000	4813.07000000	4815.67600000	4860.54400000	4863.82600000	4828.81600000	4835.72600000	4830.70080000	4835.79000000
2779197324.41471577	4787.06200000	4797.27800000	4855.79800000	4861.14600000	4846.94000000	4849.54600000	4842.30600000	4851.81200000	4829.10000000	4847.22600000	4832.24120000	4841.40160000
2780200668.89632130	4784.67600000	4800.83800000	4848.69600000	4859.03400000	4854.82800000	4866.41000000	4837.23600000	4851.69400000	4826.18200000	4840.35000000	4830.32360000	4843.66520000
2781204013.37792635	4780.13200000	4791.72000000	4821.48200000	4837.82400000	4817.14600000	4838.28000000	4832.85200000	4843.82000000	4853.04400000	4872.60800000	4820.93120000	4836.85040000
2782207357.85953188	4755.35400000	4778.11600000	4809.61200000	4838.35400000	4833.55800000	4858.16600000	4853.60800000	4866.13600000	4797.09000000	4825.02600000	4809.84440000	4833.15960000
2783210702.34113693	4815.40000000	4845.60400000	4798.75800000	4827.25400000	4788.93000000	4825.12000000	4823.20800000	4856.23200000	4798.34400000	4823.19600000	4804.92800000	4835.48120000
2784214046.82274246	4792.15600000	4824.50000000	4799.08600000	4838.50600000	4796.56200000	4830.52600000	4827.41800000	4866.46000000	4806.18600000	4843.63800000	4804.28160000	4840.72600000
2785217391.30434799	4805.83400000	4844.49000000	4802.42800000	4835.15400000	4793.14000000	4835.75400000	4802.94400000	4844.75200000	4857.07800000	4899.31600000	4812.28480000	4851.89320000
2786220735.78595304	4785.45600000	4820.41200000	4789.43000000	4831.12000000	4760.82600000	4798.26400000	4805.04400000	4844.75200000	4843.98800000	4888.17400000	4796.94880000	4836.54440000
2787224080.26755857	4788.92600000	4826.98400000	4781.88800000	4829.07000000	4758.80600000	4799.51600000	4800.41000000	4848.28000000	4834.91000000	4883.82600000	4792.98800000	4837.53520000
2788227424.74916410	4756.31000000	4793.10400000	4785.57800000	4823.66600000	4827.90400000	4868.84400000	4811.06400000	4850.82400000	4776.56800000	4816.78800000	4791.48480000	4830.64520000
2789230769.23076916	4782.92400000	4822.71600000	4800.43800000	4836.16200000	4762.85400000	4807.03800000	4798.60400000	4842.09200000	4850.83800000	4894.24000000	4799.13160000	4840.44960000
2790234113.71237469	4789.94000000	4824.70800000	4808.78400000	4848.43800000	4779.24200000	4815.18600000	4810.03000000	4850.23600000	4861.61400000	4900.34400000	4809.92200000	4847.78240000
2791237458.19397974	4765.69000000	4792.04000000	4801.70400000	4837.97600000	4809.46000000	4843.65400000	4804.66800000	4838.53600000	4829.38000000	4864.26600000	4802.18040000	4835.29440000
2792240802.67558527	4788.12800000	4827.72400000	4800.77000000	4830.85000000	4759.09600000	4797.91400000	4811.74400000	4843.54000000	4851.63200000	4888.40000000	4802.27400000	4837.68560000
2793244147.15719080	4807.94400000	4840.03200000	4793.41800000	4830.34400000	4778.82200000	4825.54200000	4813.68600000	4856.49600000	4790.21000000	4834.15400000	4796.81600000	4837.31360000
2794247491.63879585	4787.34800000	4827.06400000	4782.54800000	4830.41000000	4784.27200000	4828.88200000	4814.77000000	4859.00600000	4787.79400000	4837.89000000	4791.34640000	4836.65040000
2795250836.12040138	4744.54800000	4793.41000000	4778.24400000	4827.06200000	4817.26600000	4868.20200000	4801.32600000	4859.08800000	4773.91400000	4823.23000000	4783.05960000	4834.19840000
2796254180.60200691	4734.53600000	4788.40400000	4770.37000000	4817.93600000	4797.27000000	4856.96400000	4791.56600000	4852.58600000	4778.91800000	4829.75600000	4774.53200000	4829.12920000
2797257525.08361197	4733.15200000	4789.25400000	4771.75200000	4826.17600000	4800.49000000	4861.74400000	4793.84600000	4851.22000000	4771.39600000	4828.59200000	4774.12720000	4831.39720000
2798260869.56521749	4751.42800000	4811.27000000	4798.29400000	4852.42000000	4785.43800000	4852.82600000	4787.38400000	4850.66800000	4772.80400000	4828.62400000	4779.06960000	4839.16160000
2799264214.04682255	4741.83800000	4799.79200000	4763.96800000	4818.07200000	4795.75200000	4853.80400000	4787.44800000	4854.59800000	4784.85000000	4856.39600000	4774.77120000	4836.53240000
2800267558.52842808	4767.58000000	4825.69200000	4773.16000000	4840.95600000	4744.04200000	4814.81800000	4784.81200000	4849.35800000	4839.97600000	4905.42600000	4781.91400000	4847.25000000
2801270903.01003361	4760.37200000	4828.92800000	4768.04200000	4831.25600000	4738.76000000	4810.64400000	4766.67800000	4842.33600000	4824.88600000	4898.78800000	4771.74760000	4842.39040000
2802274247.49163866	4767.36400000	4828.57200000	4788.18400000	4854.26800000	4743.86200000	4809.68600000	4775.86400000	4840.55800000	4834.17000000	4901.02800000	4781.88880000	4846.82240000
2803277591.97324419	4739.23200000	4797.63200000	4785.07600000	4849.46200000	4795.67800000	4860.20800000	4792.11800000	4855.91400000	4759.06200000	4826.64600000	4774.23320000	4837.97240000
2804280936.45484972	4770.21000000	4829.91200000	4760.87400000	4824.30600000	4765.34600000	4833.04400000	4797.46200000	4862.24800000	4772.85400000	4832.51800000	4773.34920000	4836.40560000
2805284280.93645477	4748.33800000	4800.85200000	4789.57600000	4853.06200000	4788.57600000	4845.59000000	4784.80400000	4852.55000000	4773.61200000	4835.73600000	4776.98120000	4837.55800000
2806287625.41806030	4768.91000000	4825.34200000	4778.14000000	4828.71000000	4771.66200000	4826.80600000	4806.97400000	4866.48000000	4779.65600000	4845.85000000	4781.06840000	4838.63760000
2807290969.89966536	4752.60800000	4796.63600000	4797.15200000	4841.80200000	4795.21600000	4846.45200000	4794.91800000	4846.47800000	4827.74400000	4878.33200000	4793.52760000	4841.94000000
2808294314.38127089	4784.29000000	4824.51200000	4787.98200000	4829.09200000	4753.19600000	4802.46600000	4809.96200000	4858.57200000	4833.32000000	4878.94800000	4793.75000000	4838.71800000
2809297658.86287642	4759.32400000	4795.05400000	4799.42200000	4838.65200000	4798.89800000	4841.50200000	4793.44000000	4831.09600000	4826.92800000	4870.93800000	4795.60240000	4835.44840000
2810301003.34448147	4779.41000000	4821.74400000	4801.29000000	4851.91800000	4784.27000000	4830.99400000	4814.59400000	4861.99600000	4782.08000000	4827.78200000	4792.32880000	4838.88680000
2811304347.82608700	4789.50000000	4840.87200000	4779.71800000	4835.66200000	4771.16400000	4831.99800000	4793.99200000	4849.57800000	4833.33400000	4892.10600000	4793.54160000	4850.04320000
2812307692.30769253	4792.66200000	4844.73600000	4774.50000000	4830.11600000	4771.39200000	4823.35800000	4803.48000000	4866.44000000	4776.06200000	4830.28600000	4783.61920000	4838.98720000
2813311036.78929758	4779.01000000	4833.12200000	4780.99600000	4826.70400000	4767.84400000	4832.16400000	4786.86600000	4838.93400000	4764.69600000	4821.56400000	4775.88240000	4830.49760000
2814314381.27090311	4779.60800000	4831.29000000	4784.16200000	4840.38600000	4753.20600000	4806.00600000	4787.68200000	4845.33400000	4848.16600000	4901.47600000	4790.56480000	4844.89840000
2815317725.75250816	4789.14400000	4837.39000000	4791.82400000	4833.11400000	4783.87800000	4828.29400000	4798.59400000	4852.59200000	4769.77600000	4823.61400000	4786.64320000	4835.00080000
2816321070.23411369	4786.76400000	4833.81600000	4806.94800000	4849.98800000	4769.22000000	4811.91600000	4802.53000000	4843.70200000	4858.72600000	4898.56200000	4804.83760000	4847.59680000
2817324414.71571922	4803.10000000	4834.93000000	4801.86800000	4835.79800000	4776.27200000	4812.71600000	4825.31600000	4853.31800000	4832.32400000	4861.51400000	4807.77600000	4839.65520000
2818327759.19732428	4815.00200000	4838.20800000	4805.38000000	4838.45000000	4800.01200000	4825.33800000	4818.65800000	4851.36600000	4798.38000000	4830.21200000	4807.48640000	4836.71480000
2819331103.67892981	4766.85200000	4785.19800000	4807.12600000	4825.37600000	4837.29600000	4860.98400000	4830.81000000	4847.41000000	4809.09400000	4835.37600000	4810.23560000	4830.86880000
2820334448.16053534	4812.52000000	4825.04400000	4817.18600000	4832.82200000	4808.82000000	4824.19200000	4830.52800000	4837.29000000	4828.40200000	4835.20200000	4819.49120000	4830.91000000
2821337792.64214039	4818.72400000	4830.88200000	4835.01400000	4841.82000000	4825.69600000	4833.87000000	4857.06400000	4867.92000000	4826.23200000	4834.63400000	4832.54600000	4841.82520000
2822341137.12374592	4830.07200000	4832.12200000	4825.11000000	4833.03400000	4804.49200000	4807.85200000	4849.09600000	4844.69400000	4860.48600000	4862.00400000	4833.85120000	4835.94120000
2823344481.60535097	4830.18600000	4827.15200000	4839.29400000	4843.06400000	4829.57200000	4831.91600000	4833.12800000	4836.52600000	4879.82000000	4888.84200000	4842.40000000	4845.50000000
2824347826.08695650	4832.26000000	4830.53600000	4842.09000000	4841.08800000	4816.97200000	4817.87800000	4839.26400000	4841.50200000	4881.37400000	4883.00800000	4842.39200000	4842.80240000
2825351170.56856203	4799.63400000	4800.75000000	4851.61600000	4851.24400000	4867.49400000	4860.30400000	4853.41600000	4855.09000000	4829.95800000	4832.51400000	4840.42360000	4839.98040000
2826354515.05016708	4830.43400000	4825.72400000	4830.28000000	4831.48800000	4827.10400000	4827.51200000	4837.15200000	4835.91800000	4830.48000000	4831.51200000	4831.09000000	4830.43080000
2827357859.53177261	4841.25200000	4838.64800000	4836.93800000	4831.90600000	4825.00400000	4830.38000000	4843.79000000	4839.77600000	4813.29400000	4812.00800000	4832.05560000	4830.54360000
2828361204.01337814	4798.91200000	4798.01600000	4846.99000000	4842.21600000	4870.97800000	4867.20600000	4856.10200000	4848.85600000	4825.74400000	4820.74000000	4839.74520000	4835.40680000
2829364548.49498320	4828.45600000	4822.36000000	4837.38600000	4835.95800000	4815.92200000	4813.31800000	4841.63200000	4843.49200000	4889.74600000	4882.63000000	4842.62840000	4839.55160000
2830367892.97658873	4794.59800000	4793.24200000	4838.78800000	4834.47200000	4844.94000000	4840.93000000	4835.25200000	4832.32600000	4872.66400000	4869.56600000	4837.24840000	4834.10720000
2831371237.45819378	4839.79400000	4831.62600000	4834.18800000	4831.03800000	4820.42400000	4814.27400000	4859.61400000	4856.36200000	4859.55600000	4858.61600000	4842.71520000	4838.38320000
2832374581.93979931	4795.65000000	4792.79200000	4847.16600000	4841.16400000	4839.03000000	4833.28800000	4836.49200000	4827.44400000	4881.15400000	4874.62200000	4839.89840000	4833.86200000
2833377926.42140484	4839.31800000	4834.08200000	4839.34400000	4839.69800000	4812.45000000	4804.14000000	4860.90400000	4851.04400000	4862.09600000	4858.91400000	4842.82240000	4837.57560000
2834381270.90300989	4833.20600000	4833.14800000	4843.75000000	4834.13200000	4801.70600000	4800.20600000	4848.34200000	4845.54600000	4872.25600000	4870.31000000	4839.85200000	4836.66840000
2835384615.38461542	4790.71400000	4786.25200000	4826.50800000	4821.58600000	4862.82800000	4854.65200000	4860.25000000	4856.60800000	4845.20000000	4832.31600000	4837.10000000	4830.28280000
2836387959.86622095	4833.47600000	4828.57200000	4838.51600000	4833.42000000	4828.83600000	4821.95200000	4847.31800000	4844.02600000	4826.98200000	4826.00200000	4835.02560000	4830.79440000
2837391304.34782600	4803.63000000	4798.18600000	4834.63400000	4837.63200000	4869.36800000	4870.12800000	4860.03200000	4849.25400000	4829.11000000	4827.15400000	4839.35480000	4836.47080000
2838394648.82943153	4846.35600000	4848.06800000	4830.39400000	4821.58400000	4841.37800000	4835.33200000	4862.26400000	4855.30200000	4876.21600000	4872.78600000	4851.32160000	4846.61440000
2839397993.31103659	4835.23600000	4829.79600000	4841.06200000	4838.64600000	4840.25200000	4832.98000000	4846.28200000	4838.64400000	4889.62000000	4890.54400000	4850.49040000	4846.12200000
2840401337.79264212	4801.28600000	4795.02600000	4828.88200000	4822.66200000	4859.98800000	4849.46000000	4856.21200000	4850.79000000	4853.28800000	4847.96200000	4839.93120000	4833.18000000
2841404682.27424765	4802.87000000	4794.67400000	4870.76800000	4856.23800000	4868.34000000	4866.22000000	4854.68000000	4849.82600000	4843.44000000	4835.48800000	4848.01960000	4840.48920000
2842408026.75585270	4828.69800000	4823.71800000	4831.55800000	4829.97800000	4832.53400000	4828.36000000	4844.83600000	4834.90400000	4841.66000000	4836.79600000	4835.85720000	4830.75120000
2843411371.23745823	4833.08400000	4825.86600000	4837.44600000	4832.84200000	4809.89200000	4800.71600000	4849.35800000	4846.13400000	4893.95200000	4883.16600000	4844.74640000	4837.74480000
2844414715.71906376	4828.74800000	4819.12400000	4840.99200000	4833.70400000	4808.98600000	4804.01200000	4856.55200000	4853.98000000	4887.05000000	4881.86800000	4844.46560000	4838.53760000
2845418060.20066881	4836.08000000	4829.67800000	4834.67800000	4825.65000000	4827.84200000	4819.43800000	4858.35800000	4856.91200000	4831.23400000	4830.66800000	4837.63840000	4832.46920000
2846421404.68227434	4841.62400000	4832.34200000	4833.67200000	4831.98200000	4828.46200000	4825.18000000	4870.36400000	4868.48000000	4845.51000000	4838.31600000	4843.92640000	4839.26000000
2847424749.16387939	4829.27600000	4827.14800000	4836.80800000	4824.68600000	4837.46200000	4828.85800000	4855.08400000	4847.32800000	4849.47200000	4842.19000000	4841.62040000	4834.04200000
2848428093.64548492	4843.82000000	4838.41800000	4829.48400000	4823.89000000	4836.13200000	4824.32400000	4855.96400000	4854.07600000	4874.96400000	4870.99000000	4848.07280000	4842.33960000
2849431438.12709045	4835.77800000	4838.70000000	4845.90000000	4841.17600000	4808.15000000	4800.69600000	4858.45200000	4852.08400000	4884.58400000	4876.98000000	4846.57280000	4841.92720000
2850434782.60869551	4845.99600000	4845.16400000	4842.32200000	4839.37600000	4832.12600000	4825.16000000	4863.81800000	4858.85600000	4838.21400000	4832.89600000	4844.49520000	4840.29040000
2851438127.09030104	4830.15800000	4822.77200000	4843.34400000	4842.55600000	4818.78400000	4812.08000000	4845.98800000	4833.78800000	4900.14600000	4895.39000000	4847.68400000	4841.31720000
2852441471.57190657	4812.89800000	4805.94800000	4833.87800000	4823.48200000	4847.67600000	4839.89800000	4854.15600000	4847.08200000	4871.70000000	4858.99400000	4844.06160000	4835.08080000
2853444816.05351162	4842.82800000	4834.48800000	4847.50200000	4840.61600000	4831.52000000	4834.43400000	4847.40400000	4840.57800000	4892.08400000	4889.30000000	4852.26760000	4847.88320000
2854448160.53511715	4807.35400000	4797.42600000	4838.72200000	4836.40800000	4850.64000000	4845.60200000	4846.87800000	4844.64600000	4873.02400000	4871.43400000	4843.32360000	4839.10320000
2855451505.01672220	4834.92400000	4829.21800000	4843.47400000	4837.78800000	4808.04000000	4801.13800000	4860.78800000	4853.52800000	4877.84200000	4867.64600000	4845.01360000	4837.86360000
2856454849.49832773	4803.30600000	4793.22000000	4854.78200000	4842.25200000	4874.09000000	4867.05000000	4861.80400000	4858.92400000	4832.07800000	4834.45800000	4845.21200000	4839.18080000
2857458193.97993326	4844.71600000	4837.75200000	4835.09000000	4831.15000000	4833.70000000	4829.17000000	4862.77000000	4854.87200000	4873.71000000	4865.61600000	4849.99720000	4843.71200000
2858461538.46153831	4790.01400000	4783.10200000	4836.43000000	4836.26200000	4862.86600000	4854.98800000	4876.59800000	4861.92000000	4828.87200000	4820.32400000	4838.95600000	4831.31920000
2859464882.94314384	4830.33400000	4827.23800000	4829.73200000	4826.18800000	4830.51800000	4829.66200000	4852.26200000	4848.57200000	4848.48600000	4838.54800000	4838.26640000	4834.04160000
2860468227.42474937	4828.00000000	4823.56200000	4849.40200000	4838.22400000	4804.52600000	4798.70000000	4853.52000000	4843.82000000	4894.88600000	4886.47000000	4846.06680000	4838.15520000
2861471571.90635443	4845.30000000	4835.68600000	4841.76200000	4835.17800000	4831.64400000	4831.16800000	4855.06000000	4844.27800000	4826.54000000	4823.49200000	4840.06120000	4833.96040000
2862474916.38795996	4824.05800000	4822.78000000	4850.09600000	4850.83200000	4841.89000000	4835.97600000	4871.66400000	4865.70000000	4841.04600000	4834.82000000	4845.75080000	4842.02160000
2863478260.86956501	4808.06600000	4797.05800000	4840.41000000	4837.05200000	4841.05400000	4846.68800000	4851.91400000	4847.57200000	4869.47200000	4868.50800000	4842.18320000	4839.37560000
2864481605.35117054	4844.28400000	4846.15000000	4833.82800000	4831.18400000	4832.26200000	4826.45600000	4860.94400000	4857.38600000	4840.97000000	4831.86400000	4842.45760000	4838.60800000
2865484949.83277607	4796.54000000	4790.81000000	4844.08600000	4836.75400000	4840.69400000	4840.65200000	4849.04200000	4837.15800000	4876.14000000	4868.63200000	4841.30040000	4834.80120000
2866488294.31438112	4853.85600000	4849.30000000	4837.37600000	4830.26800000	4831.75000000	4824.23400000	4866.30800000	4857.81600000	4831.14200000	4828.86800000	4844.08640000	4838.09720000
2867491638.79598665	4800.57400000	4789.65400000	4851.02200000	4844.15800000	4841.06600000	4839.57200000	4847.39800000	4845.61800000	4888.57200000	4879.42200000	4845.72640000	4839.68480000
2868494983.27759218	4828.60000000	4824.37400000	4848.34400000	4846.21400000	4821.78600000	4819.61800000	4839.98200000	4844.61000000	4889.56200000	4887.87400000	4845.65480000	4844.53800000
2869498327.75919724	4799.67200000	4796.97000000	4839.00800000	4835.04600000	4845.45200000	4839.93400000	4851.01600000	4849.77800000	4878.56600000	4871.12200000	4842.74280000	4838.57000000
2870501672.24080276	4845.90400000	4834.17600000	4835.23200000	4826.86600000	4834.41600000	4829.03000000	4866.78800000	4861.84200000	4864.33800000	4860.65600000	4849.33560000	4842.51400000
2871505016.72240782	4803.24200000	4795.88800000	4865.86000000	4860.50800000	4868.35200000	4862.16800000	4852.97600000	4847.93200000	4837.75600000	4830.82200000	4845.63720000	4839.46360000
2872508361.20401335	4832.87800000	4820.34200000	4836.04200000	4827.40000000	4829.69400000	4830.20600000	4850.52400000	4848.99400000	4838.11200000	4835.13200000	4837.45000000	4832.41480000
2873511705.68561888	4847.41400000	4838.76800000	4838.20200000	4834.79000000	4838.05600000	4829.23800000	4854.71200000	4848.95000000	4832.43200000	4829.58000000	4842.16320000	4836.26520000
2874515050.16722393	4797.27000000	4794.42600000	4854.52400000	4854.32400000	4871.25800000	4865.88000000	4857.66800000	4858.58000000	4836.95400000	4826.74000000	4843.53480000	4839.99000000
2875518394.64882946	4846.52000000	4846.45200000	4832.34800000	4826.95800000	4825.21200000	4819.31400000	4864.45400000	4858.55600000	4833.93400000	4836.68800000	4840.49360000	4837.59360000
2876521739.13043499	4805.04600000	4791.11400000	4865.78000000	4865.77400000	4864.38600000	4859.29400000	4859.55800000	4849.63400000	4842.73800000	4837.74600000	4847.50160000	4840.71240000
2877525083.61204004	4831.94000000	4827.50600000	4837.81600000	4837.96200000	4806.01400000	4801.69400000	4841.73200000	4835.65400000	4888.85000000	4880.13200000	4841.27040000	4836.58960000
2878528428.09364557	4843.12400000	4836.34400000	4835.57800000	4831.24600000	4838.13000000	4827.04400000	4867.43800000	4862.48400000	4861.27200000	4857.85200000	4849.10840000	4842.99400000
2879531772.57525063	4831.90400000	4823.39400000	4842.79600000	4839.50200000	4839.54000000	4834.54000000	4870.40000000	4869.48400000	4842.67200000	4842.85000000	4845.46240000	4841.95400000
2880535117.05685616	4802.97400000	4800.43200000	4857.95400000	4858.27200000	4864.74400000	4861.36800000	4857.41400000	4856.37600000	4845.14200000	4837.33400000	4845.64560000	4842.75640000
2881538461.53846169	4786.72400000	4786.58000000	4842.25600000	4840.73200000	4858.95400000	4858.97200000	4872.64800000	4866.58400000	4827.99000000	4818.99000000	4837.71440000	4834.37160000
2882541806.02006674	4842.83400000	4836.58600000	4836.24400000	4832.78600000	4826.75400000	4826.45200000	4858.24400000	4852.94400000	4835.76800000	4827.59000000	4839.96880000	4835.27160000
2883545150.50167227	4798.59200000	4789.77600000	4848.49400000	4839.99000000	4839.08000000	4836.48400000	4838.57200000	4836.20400000	4886.16000000	4879.39000000	4842.17960000	4836.36880000
2884548494.98327780	4793.25600000	4791.51000000	4832.94200000	4827.75200000	4862.42600000	4854.54600000	4868.18800000	4859.97600000	4824.89200000	4821.17800000	4836.34080000	4830.99240000
2885551839.46488285	4802.71000000	4798.38000000	4863.31200000	4854.23600000	4872.24600000	4861.66600000	4860.49000000	4852.12600000	4845.44400000	4839.93000000	4848.84040000	4841.26760000
2886555183.94648838	4847.44400000	4849.16800000	4839.51800000	4826.97800000	4823.53600000	4821.02200000	4865.30400000	4854.85000000	4841.20800000	4833.46600000	4843.40200000	4837.09680000
2887558528.42809343	4824.28600000	4823.87400000	4848.81600000	4839.92800000	4816.08200000	4814.14800000	4855.93000000	4851.82800000	4902.16600000	4899.75000000	4849.45600000	4845.90560000
2888561872.90969896	4812.32000000	4810.08200000	4859.43000000	4853.12800000	4854.41400000	4848.75200000	4842.93600000	4843.19200000	4838.88200000	4831.61800000	4841.59640000	4837.35440000
2889565217.39130449	4801.97400000	4796.59400000	4838.75000000	4839.70400000	4850.27000000	4843.92600000	4844.63600000	4842.98800000	4876.54400000	4869.32800000	4842.43480000	4838.50800000
2890568561.87290955	4845.08800000	4837.36600000	4837.60400000	4827.77200000	4836.69800000	4830.80000000	4849.85800000	4844.65400000	4833.78800000	4827.14400000	4840.60720000	4833.54720000
2891571906.35451508	4832.79800000	4821.38400000	4838.48200000	4834.58200000	4816.03000000	4811.75400000	4845.79200000	4834.34400000	4892.20600000	4881.50200000	4845.06160000	4836.71320000
2892575250.83612061	4846.98000000	4842.34600000	4838.24400000	4835.78200000	4841.32000000	4832.47000000	4851.68400000	4843.21000000	4895.52800000	4896.28600000	4854.75120000	4850.01880000
2893578595.31772566	4790.12000000	4785.22400000	4827.23200000	4823.76400000	4858.87800000	4859.60600000	4855.59200000	4853.87000000	4828.83800000	4826.40400000	4832.13200000	4829.77360000
2894581939.79933119	4795.58600000	4795.53000000	4842.03400000	4839.27400000	4838.39000000	4832.54000000	4851.19800000	4841.88800000	4883.75800000	4871.61000000	4842.19320000	4836.16840000
2895585284.28093624	4804.40000000	4798.40800000	4820.09200000	4820.63800000	4866.71400000	4859.81600000	4859.26600000	4855.74600000	4855.82600000	4849.77000000	4841.25960000	4836.87560000
2896588628.76254177	4834.42800000	4827.28200000	4844.74400000	4841.63800000	4804.53000000	4798.05200000	4843.13200000	4843.56800000	4893.13000000	4885.46400000	4843.99280000	4839.20080000
2897591973.24414730	4798.60400000	4795.24200000	4822.68000000	4818.87000000	4862.41800000	4852.39800000	4853.63800000	4852.65800000	4852.78000000	4837.33200000	4838.02400000	4831.30000000
2898595317.72575235	4806.92200000	4801.07000000	4833.71800000	4828.28800000	4857.22800000	4847.19800000	4851.57200000	4850.41600000	4857.60200000	4856.19400000	4841.40840000	4836.63320000
2899598662.20735788	4797.20800000	4792.12800000	4846.75400000	4844.36200000	4873.73600000	4868.30800000	4859.13400000	4848.75000000	4829.33000000	4826.91200000	4841.23240000	4836.09200000
2900602006.68896341	4826.75800000	4819.94000000	4850.50800000	4844.35400000	4821.22800000	4813.71600000	4858.07600000	4847.87400000	4907.45600000	4905.26000000	4852.80520000	4846.22880000
2901605351.17056847	4798.23800000	4796.72400000	4845.26000000	4835.14800000	4840.43400000	4837.76600000	4840.44800000	4833.87400000	4877.29800000	4874.49000000	4840.33560000	4835.60040000
2902608695.65217400	4794.52000000	4790.56600000	4835.77800000	4830.46600000	4859.29000000	4850.09400000	4863.24200000	4848.67800000	4820.12400000	4818.53600000	4834.59080000	4827.66800000
2903612040.13377905	4842.04200000	4835.22600000	4844.03000000	4834.74600000	4831.89800000	4830.08000000	4854.86200000	4849.36000000	4839.49000000	4830.49600000	4842.46440000	4835.98160000
2904615384.61538458	4807.66600000	4808.29800000	4829.46400000	4822.94000000	4849.30600000	4843.73400000	4847.29800000	4852.57400000	4863.15200000	4855.42200000	4839.37720000	4836.59360000
2905618729.09699011	4843.99800000	4835.35400000	4848.03400000	4840.49600000	4837.74600000	4834.43800000	4852.04200000	4849.46200000	4903.18000000	4899.06800000	4857.00000000	4851.76360000
2906622073.57859516	4830.68600000	4826.50400000	4839.93800000	4835.41800000	4820.45400000	4819.61600000	4846.82400000	4838.85000000	4890.26800000	4883.12800000	4845.63400000	4840.70320000
2907625418.06020069	4789.85800000	4785.89400000	4827.36600000	4814.38400000	4877.01800000	4870.08800000	4876.10400000	4873.39000000	4825.02200000	4818.93800000	4839.07360000	4832.53880000
2908628762.54180622	4805.85000000	4799.41200000	4839.66600000	4838.03200000	4872.86600000	4868.41400000	4863.63600000	4856.03400000	4828.69400000	4824.56800000	4842.14240000	4837.29200000
2909632107.02341127	4805.45800000	4806.99200000	4872.63000000	4862.58200000	4877.25400000	4864.02400000	4858.75200000	4849.37600000	4843.62600000	4838.27000000	4851.54400000	4844.24880000
2910635451.50501680	4827.52400000	4825.76800000	4848.52800000	4840.43000000	4825.87600000	4816.63400000	4842.84800000	4840.95200000	4886.88200000	4879.38000000	4846.33160000	4840.63280000
2911638795.98662186	4835.86200000	4821.96400000	4834.72200000	4830.73800000	4832.10600000	4828.87400000	4848.82200000	4838.88600000	4838.37600000	4834.93200000	4837.97760000	4831.07880000
2912642140.46822739	4848.83000000	4841.54400000	4831.33600000	4828.81800000	4834.17400000	4825.68600000	4869.50800000	4866.12400000	4862.15400000	4857.41800000	4849.20040000	4843.91800000
2913645484.94983292	4835.71800000	4830.79200000	4849.27800000	4850.38600000	4807.41200000	4809.60000000	4853.11600000	4847.83200000	4904.87400000	4899.57000000	4850.07960000	4847.63600000
2914648829.43143797	4846.83800000	4844.27400000	4834.75800000	4830.92600000	4831.69000000	4827.43000000	4862.96000000	4856.03800000	4874.81000000	4862.07400000	4850.21120000	4844.14840000
2915652173.91304350	4798.98000000	4798.92000000	4867.71600000	4861.20200000	4862.32800000	4859.31800000	4861.90400000	4853.74800000	4859.11800000	4852.30000000	4850.00920000	4845.09760000
2916655518.39464903	4833.69200000	4827.03400000	4828.70000000	4823.47200000	4831.72000000	4828.76200000	4848.67000000	4844.56400000	4846.62200000	4845.64600000	4837.88080000	4833.89560000
2917658862.87625408	4811.47400000	4806.45200000	4830.63400000	4828.46400000	4850.24800000	4843.57800000	4855.74600000	4853.97200000	4857.07000000	4854.45400000	4841.03440000	4837.38400000
2918662207.35785961	4839.78000000	4831.30200000	4835.13200000	4835.56400000	4827.77000000	4818.33200000	4865.08200000	4854.49600000	4833.52600000	4827.20800000	4840.25800000	4833.38040000
2919665551.83946514	4834.05200000	4823.08600000	4848.53600000	4838.97000000	4823.43000000	4815.63600000	4851.61000000	4838.65000000	4879.46200000	4877.64200000	4847.41800000	4838.79680000
2920668896.32107019	4823.44000000	4823.87000000	4838.48800000	4825.09600000	4829.83000000	4821.90400000	4844.97200000	4843.54000000	4840.30000000	4839.28000000	4835.40600000	4830.73800000
2921672240.80267572	4839.39000000	4834.20400000	4839.68400000	4837.32400000	4837.16000000	4830.61400000	4876.54800000	4868.35800000	4850.97400000	4848.32400000	4848.75120000	4843.76480000
2922675585.28428078	4813.62800000	4805.02400000	4828.54200000	4822.59400000	4844.05000000	4840.77600000	4853.90800000	4850.33600000	4865.67000000	4861.10000000	4841.15960000	4835.96600000
2923678929.76588631	4804.61600000	4800.96600000	4870.12000000	4858.70800000	4874.05400000	4867.60200000	4863.53800000	4858.63000000	4842.89200000	4836.40200000	4851.04400000	4844.46160000
2924682274.24749184	4794.27800000	4791.94000000	4831.57400000	4829.11000000	4850.24600000	4852.90200000	4858.12200000	4851.51200000	4841.02800000	4836.72600000	4835.04960000	4832.43800000
2925685618.72909689	4807.37000000	4799.69200000	4866.64200000	4861.35200000	4864.38800000	4862.95200000	4858.73200000	4853.49000000	4853.95800000	4842.98400000	4850.21800000	4844.09400000
2926688963.21070242	4829.34200000	4826.95000000	4834.26400000	4832.06600000	4832.11200000	4829.57800000	4849.25600000	4841.10000000	4847.77600000	4843.79000000	4838.55000000	4834.69680000
2927692307.69230747	4795.50800000	4795.47000000	4839.39200000	4836.59400000	4844.28800000	4836.95400000	4834.71400000	4831.43200000	4876.29000000	4873.34000000	4838.03840000	4834.75800000
2928695652.17391300	4802.20600000	4794.17400000	4857.60800000	4846.26000000	4858.55200000	4857.93600000	4851.11800000	4845.20400000	4845.74400000	4841.45200000	4843.04560000	4837.00520000
2929698996.65551853	4834.12200000	4824.47400000	4845.43600000	4839.70800000	4813.34200000	4807.95800000	4850.26000000	4841.18800000	4906.78800000	4901.61400000	4849.98960000	4842.98840000
2930702341.13712358	4840.41000000	4832.30800000	4832.13200000	4828.99600000	4841.47400000	4836.07200000	4847.81800000	4846.91600000	4832.63400000	4827.06800000	4838.89360000	4834.27200000
2931705685.61872911	4840.46000000	4842.12800000	4841.76800000	4837.91000000	4832.43200000	4831.80600000	4851.62600000	4848.46800000	4828.02800000	4827.97800000	4838.86280000	4837.65800000
2932709030.10033464	4839.17400000	4833.99200000	4830.12400000	4831.50000000	4835.96400000	4836.37600000	4849.56800000	4853.79600000	4828.99800000	4834.75000000	4836.76560000	4838.08280000
2933712374.58193970	4825.67600000	4834.07400000	4824.19000000	4828.11400000	4817.34000000	4817.78400000	4863.55400000	4869.75800000	4829.35800000	4832.29800000	4832.02360000	4836.40560000
2934715719.06354523	4809.85800000	4816.16800000	4851.50200000	4856.17600000	4833.20600000	4840.53000000	4847.29200000	4846.75200000	4822.83600000	4831.89200000	4832.93880000	4838.30360000
2935719063.54515076	4821.40400000	4832.81400000	4824.00600000	4830.52200000	4804.36600000	4809.77200000	4836.22400000	4844.68800000	4891.89600000	4905.95400000	4835.57920000	4844.75000000
2936722408.02675581	4784.69400000	4796.57400000	4829.41000000	4836.48200000	4831.62400000	4835.30400000	4835.08600000	4850.24800000	4860.48600000	4871.76000000	4828.26000000	4838.07360000
2937725752.50836134	4760.54600000	4776.54600000	4815.20400000	4826.04200000	4842.32400000	4857.44400000	4852.34200000	4871.61000000	4805.49400000	4817.83800000	4815.18200000	4829.89600000
2938729096.98996639	4796.22200000	4827.33200000	4809.68400000	4837.58200000	4773.07200000	4798.94800000	4815.20000000	4834.53800000	4856.91600000	4887.16400000	4810.21880000	4837.11280000
2939732441.47157192	4800.51200000	4838.36000000	4800.46400000	4832.01400000	4786.52000000	4830.28400000	4815.72200000	4860.88000000	4787.03600000	4835.94200000	4798.05080000	4839.49600000
2940735785.95317745	4759.27000000	4798.87200000	4780.55200000	4822.27400000	4815.04200000	4858.24600000	4819.44200000	4861.49400000	4795.97800000	4840.76200000	4794.05680000	4836.32960000
2941739130.43478251	4786.70800000	4834.75800000	4786.79000000	4836.57800000	4779.86600000	4820.39600000	4823.34600000	4871.45000000	4787.77600000	4842.21200000	4792.89720000	4841.07880000
2942742474.91638803	4791.24200000	4843.84800000	4792.53200000	4835.86800000	4778.43200000	4834.04200000	4798.27000000	4849.83600000	4777.16200000	4823.24200000	4787.52760000	4837.36720000
2943745819.39799309	4745.95000000	4796.51600000	4775.01000000	4820.67200000	4807.11200000	4857.88200000	4807.43800000	4861.65000000	4773.38200000	4823.68600000	4781.77840000	4832.08120000
2944749163.87959862	4800.66000000	4843.45800000	4785.56600000	4824.78000000	4779.42400000	4818.11800000	4812.58400000	4858.92200000	4778.43400000	4826.78600000	4791.33360000	4834.41280000
2945752508.36120415	4800.26800000	4832.94600000	4804.47200000	4838.57200000	4769.76400000	4808.13800000	4817.33800000	4849.61400000	4831.52000000	4868.52600000	4804.67240000	4839.55920000
2946755852.84280920	4792.75200000	4827.22600000	4798.63800000	4841.17600000	4784.80400000	4826.89000000	4798.31400000	4840.56200000	4843.71000000	4885.76800000	4803.64360000	4844.32440000
2947759197.32441473	4749.19000000	4785.11400000	4778.18600000	4819.47800000	4817.64800000	4861.05600000	4809.46000000	4848.99200000	4786.67600000	4825.81400000	4788.23200000	4828.09080000
2948762541.80602026	4790.24000000	4833.47800000	4791.61200000	4836.31800000	4758.72400000	4802.09400000	4806.78400000	4852.87800000	4819.21000000	4872.71800000	4793.31400000	4839.49720000
2949765886.28762531	4749.68400000	4796.55800000	4806.22400000	4850.52200000	4807.22600000	4854.76400000	4796.48200000	4846.23000000	4782.29400000	4842.04400000	4788.38200000	4838.02360000
2950769230.76923084	4747.71200000	4794.07200000	4806.01200000	4856.28000000	4812.26600000	4866.88400000	4802.20000000	4853.94200000	4783.13000000	4840.13000000	4790.26400000	4842.26160000
2951772575.25083637	4750.47600000	4796.07600000	4773.43200000	4818.26400000	4800.21800000	4847.85200000	4803.87800000	4851.62600000	4792.45600000	4841.65400000	4784.09200000	4831.09440000
2952775919.73244143	4787.59000000	4836.63200000	4781.83000000	4839.98400000	4754.63200000	4804.19600000	4790.69400000	4854.06800000	4828.42600000	4887.42200000	4788.63440000	4844.46040000
2953779264.21404696	4779.84600000	4829.66600000	4786.80400000	4840.74200000	4745.09000000	4799.74400000	4792.92200000	4851.84200000	4827.31400000	4886.37200000	4786.39520000	4841.67320000
2954782608.69565201	4739.91400000	4787.91200000	4773.77000000	4818.65600000	4819.66600000	4865.47200000	4816.16800000	4858.36600000	4779.83200000	4824.21800000	4785.87000000	4830.92480000
2955785953.17725754	4792.41600000	4838.95800000	4779.75400000	4834.89600000	4783.40600000	4828.58800000	4822.61000000	4871.20600000	4796.62400000	4845.94800000	4794.96200000	4843.91920000
2956789297.65886307	4774.11200000	4812.95600000	4814.02000000	4856.19400000	4799.20200000	4844.37400000	4808.69200000	4852.75200000	4785.86800000	4832.46200000	4796.37880000	4839.74760000
2957792642.14046812	4801.31200000	4836.69000000	4802.49000000	4840.48200000	4764.68000000	4803.88000000	4817.36400000	4852.70800000	4835.69600000	4870.55800000	4804.30840000	4840.86360000
2958795986.62207365	4809.46200000	4845.69400000	4792.81200000	4830.61800000	4791.49000000	4830.08800000	4811.43400000	4856.20600000	4844.14200000	4882.95000000	4809.86800000	4849.11120000
2959799331.10367870	4804.41400000	4827.40200000	4803.39600000	4830.36800000	4790.98400000	4821.72200000	4838.43000000	4864.92600000	4805.07200000	4837.75800000	4808.45920000	4836.43520000
2960802675.58528423	4811.60200000	4840.10800000	4815.98000000	4836.55600000	4808.46000000	4831.44200000	4846.42800000	4870.24000000	4826.02600000	4850.83000000	4821.69920000	4845.83520000
2961806020.06688976	4762.83200000	4792.50200000	4820.90800000	4845.26000000	4843.31800000	4862.40000000	4827.36800000	4854.68800000	4804.36000000	4829.44600000	4811.75720000	4836.85920000
2962809364.54849482	4749.58200000	4787.79800000	4800.07800000	4825.93600000	4836.23400000	4862.77200000	4841.34800000	4877.34600000	4794.34800000	4817.18000000	4804.31800000	4834.20640000
2963812709.03010035	4805.58200000	4834.00200000	4804.78400000	4832.54400000	4785.82400000	4815.38000000	4814.31600000	4855.12200000	4829.36800000	4858.97000000	4807.97480000	4839.20360000
2964816053.51170588	4805.61800000	4840.38200000	4799.03000000	4831.88400000	4797.43800000	4815.19400000	4836.18800000	4866.82800000	4806.82200000	4840.00600000	4809.01920000	4838.85880000
2965819397.99331093	4814.06600000	4841.57600000	4802.99000000	4828.38400000	4784.40800000	4814.30400000	4840.75800000	4873.75400000	4805.43200000	4832.09200000	4809.53080000	4838.02200000
2966822742.47491646	4775.89600000	4802.62600000	4810.16800000	4840.53000000	4818.14600000	4843.92800000	4806.14200000	4835.11600000	4841.33800000	4866.55800000	4810.33800000	4837.75160000
2967826086.95652199	4816.04600000	4837.37600000	4817.70400000	4840.96800000	4806.91400000	4828.88000000	4815.01200000	4842.79400000	4866.93600000	4889.72000000	4824.52240000	4847.94760000
2968829431.43812704	4785.70600000	4792.30000000	4822.78200000	4834.45800000	4819.82400000	4835.45600000	4818.27800000	4829.26800000	4854.85000000	4868.51200000	4820.28800000	4831.99880000
2969832775.91973257	4790.79600000	4798.27600000	4835.65000000	4841.18400000	4830.09200000	4833.77400000	4823.18800000	4833.18000000	4860.17400000	4866.96000000	4827.98000000	4834.67480000
2970836120.40133762	4788.56800000	4795.71400000	4823.99600000	4825.73400000	4861.60800000	4870.00000000	4849.08200000	4849.92400000	4820.98000000	4827.32800000	4828.84680000	4833.74000000
2971839464.88294315	4797.92800000	4795.65800000	4817.11600000	4818.23400000	4851.28800000	4852.89800000	4854.62600000	4854.91800000	4840.16600000	4842.56600000	4832.22480000	4832.85480000
2972842809.36454868	4792.12400000	4785.37800000	4840.29600000	4836.26800000	4860.54200000	4859.30600000	4863.54800000	4866.54600000	4823.82000000	4825.42200000	4836.06600000	4834.58400000
2973846153.84615374	4833.66000000	4830.83200000	4844.21200000	4847.42000000	4806.79000000	4804.65400000	4842.79800000	4836.09800000	4895.11000000	4891.89000000	4844.51400000	4842.17880000
2974849498.32775927	4838.88000000	4831.85400000	4835.44000000	4828.88000000	4830.17400000	4823.26200000	4867.51600000	4860.13200000	4865.63000000	4864.81800000	4847.52800000	4841.78920000
2975852842.80936432	4827.90400000	4830.88400000	4839.94800000	4838.66000000	4818.58200000	4813.25400000	4853.45600000	4843.54800000	4861.52400000	4859.61600000	4840.28280000	4837.19240000
2976856187.29096985	4807.54400000	4806.35000000	4855.07400000	4850.92800000	4857.10800000	4850.54600000	4857.40400000	4855.73400000	4842.52400000	4834.57600000	4843.93080000	4839.62680000
2977859531.77257538	4812.41600000	4808.16000000	4854.60400000	4854.31400000	4840.81200000	4841.55800000	4848.76600000	4849.39800000	4833.26200000	4830.36400000	4837.97200000	4836.75880000
2978862876.25418043	4829.55600000	4820.61800000	4838.78000000	4833.94200000	4808.00800000	4805.11400000	4857.18600000	4855.62000000	4883.65800000	4876.58000000	4843.43760000	4838.37480000
2979866220.73578596	4840.31600000	4835.13800000	4837.28000000	4829.64600000	4820.86800000	4812.84400000	4856.11800000	4850.17400000	4866.72800000	4858.10200000	4844.26200000	4837.18080000
2980869565.21739149	4832.25600000	4822.25600000	4843.43600000	4834.41400000	4812.76800000	4809.19000000	4849.64600000	4841.43800000	4908.73600000	4900.89800000	4849.36840000	4841.63920000
2981872909.69899654	4801.81000000	4800.79800000	4826.16000000	4824.80600000	4855.97600000	4850.80200000	4853.94400000	4847.71600000	4854.10800000	4843.49400000	4838.39960000	4833.52320000
2982876254.18060207	4802.30800000	4791.54400000	4860.97400000	4862.38400000	4876.07200000	4869.15400000	4859.56200000	4855.48200000	4840.30200000	4832.88400000	4847.84360000	4842.28960000
2983879598.66220760	4832.72000000	4834.33800000	4844.62800000	4839.95200000	4813.55200000	4807.83600000	4860.22400000	4851.93000000	4875.15400000	4872.31000000	4845.25560000	4841.27320000
2984882943.14381266	4848.75400000	4837.56400000	4852.55800000	4843.68800000	4829.73200000	4823.89800000	4844.10400000	4843.26400000	4902.23600000	4895.08400000	4855.47680000	4848.69960000
2985886287.62541819	4833.31800000	4821.27400000	4857.33600000	4850.59600000	4838.51400000	4830.38200000	4877.02800000	4865.39000000	4844.31600000	4835.78600000	4850.10240000	4840.68560000
2986889632.10702324	4826.30400000	4819.97800000	4830.46400000	4827.31600000	4825.85600000	4828.41600000	4846.85000000	4841.58600000	4844.39600000	4837.14800000	4834.77400000	4830.88880000
2987892976.58862877	4791.82400000	4790.47600000	4831.99400000	4822.02200000	4863.03400000	4858.52400000	4864.43000000	4856.73800000	4838.24200000	4832.47400000	4837.90480000	4832.04680000
2988896321.07023430	4792.87800000	4786.53800000	4825.44000000	4821.41200000	4861.43600000	4856.50200000	4857.72400000	4855.10200000	4840.84200000	4832.42000000	4835.66400000	4830.39480000
2989899665.55183935	4803.17800000	4797.68600000	4857.39400000	4847.32000000	4868.94000000	4862.65400000	4856.04400000	4854.25400000	4829.52400000	4827.37400000	4843.01600000	4837.85760000
2990903010.03344488	4829.58800000	4827.71000000	4836.35000000	4830.03400000	4804.03600000	4799.69000000	4843.34800000	4839.89000000	4890.78000000	4885.81000000	4840.82040000	4836.62680000
2991906354.51504993	4798.61400000	4797.92400000	4823.49600000	4814.86000000	4872.24200000	4863.46400000	4866.48800000	4857.46200000	4855.90800000	4846.12000000	4843.34960000	4835.96600000
2992909698.99665546	4841.50600000	4838.81000000	4829.68000000	4826.30200000	4835.06600000	4828.17600000	4862.94400000	4861.66400000	4875.07000000	4862.60800000	4848.85320000	4843.51200000
2993913043.47826099	4840.31400000	4828.62400000	4834.10200000	4832.82000000	4829.21400000	4822.10800000	4847.06000000	4843.91800000	4864.83800000	4859.24600000	4843.10560000	4837.34320000
2994916387.95986605	4829.07200000	4827.62600000	4855.23200000	4851.22400000	4820.26800000	4812.21600000	4845.02400000	4841.25600000	4907.96000000	4900.37200000	4851.51120000	4846.53880000
2995919732.44147158	4839.68400000	4831.07800000	4836.94000000	4835.92800000	4829.28200000	4820.02600000	4863.85400000	4860.63200000	4850.13400000	4844.35600000	4843.97880000	4838.40400000
2996923076.92307711	4841.55000000	4829.51600000	4834.01400000	4826.98200000	4835.83000000	4829.39400000	4852.63600000	4844.73800000	4846.03600000	4832.70600000	4842.01320000	4832.66720000
2997926421.40468216	4847.66600000	4835.82200000	4839.04800000	4836.80600000	4826.45000000	4819.22800000	4870.75000000	4863.67400000	4835.89800000	4830.69600000	4843.96240000	4837.24520000
2998929765.88628769	4852.40600000	4846.83800000	4839.43600000	4837.12000000	4829.84200000	4830.53800000	4869.49400000	4869.38000000	4857.92200000	4859.90600000	4849.82000000	4848.75640000
2999933110.36789322	4795.21800000	4789.12200000	4837.91200000	4822.15800000	4880.31200000	4870.23200000	4868.54600000	4859.06000000	4832.90000000	4825.19000000	4842.97760000	4833.15240000
3000936454.84949827	4828.64800000	4822.37000000	4837.90800000	4830.63200000	4832.97200000	4822.29200000	4849.06600000	4843.16000000	4838.52200000	4833.72000000	4837.42320000	4830.43480000
3001939799.33110380	4800.51000000	4793.92800000	4820.95800000	4819.66200000	4857.19600000	4852.09000000	4855.04400000	4846.41000000	4850.16400000	4852.15200000	4836.77440000	4832.84840000
3002943143.81270885	4834.39800000	4827.91600000	4848.07800000	4838.37800000	4808.40600000	4805.17800000	4856.70400000	4850.09000000	4883.01800000	4871.79400000	4846.12080000	4838.67120000
3003946488.29431438	4808.69200000	4793.96600000	4825.03000000	4818.28000000	4867.00400000	4855.92000000	4863.63000000	4859.29800000	4853.19800000	4846.44800000	4843.51080000	4834.78240000
3004949832.77591991	4843.05400000	4838.36000000	4841.21600000	4834.50200000	4835.02600000	4827.67400000	4876.66600000	4868.13600000	4858.39200000	4850.44000000	4850.87080000	4843.82240000
3005953177.25752497	4806.75400000	4801.68600000	4858.73400000	4850.79200000	4866.55000000	4861.75200000	4854.98600000	4848.10000000	4846.04200000	4839.65600000	4846.61320000	4840.39720000
3006956521.73913050	4801.63600000	4794.55200000	4860.22800000	4854.52800000	4866.28400000	4862.10400000	4853.73400000	4846.06000000	4850.07200000	4839.16200000	4846.39080000	4839.28120000
3007959866.22073555	4795.72400000	4788.42200000	4835.90800000	4829.08600000	4865.55800000	4854.56400000	4860.52200000	4853.94600000	4838.12200000	4831.94000000	4839.16680000	4831.59160000
3008963210.70234108	4852.31800000	4839.99200000	4841.37000000	4831.79200000	4841.13400000	4834.79400000	4851.09000000	4846.97400000	4899.11000000	4893.98600000	4857.00440000	4849.50760000
3009966555.18394661	4824.72800000	4821.18800000	4848.45000000	4837.49800000	4808.57600000	4805.84600000	4851.55000000	4843.72400000	4883.70400000	4883.99400000	4843.40160000	4838.45000000
3010969899.66555166	4797.18600000	4790.35400000	4837.41200000	4826.74400000	4866.10200000	4851.41000000	4867.31400000	4858.09800000	4831.44600000	4829.82800000	4839.89200000	4831.28680000
3011973244.14715719	4809.62800000	4801.96600000	4834.66200000	4831.02400000	4847.11400000	4843.36600000	4855.12800000	4842.04800000	4872.95000000	4860.35800000	4843.89640000	4835.75240000
3012976588.62876272	4823.49400000	4821.27600000	4862.85600000	4854.97400000	4846.18000000	4840.36800000	4857.80600000	4854.58800000	4832.67400000	4834.67000000	4844.60200000	4841.17520000
3013979933.11036777	4835.32600000	4825.58400000	4840.71000000	4841.97000000	4800.36400000	4796.55000000	4863.12800000	4853.16000000	4883.75600000	4881.41400000	4844.65680000	4839.73560000
3014983277.59197330	4834.68200000	4827.22200000	4847.70000000	4837.95000000	4821.90400000	4817.63000000	4847.07800000	4840.80200000	4890.70800000	4881.80400000	4848.41440000	4841.08160000
3015986622.07357883	4798.57200000	4794.96000000	4831.41000000	4827.24400000	4867.72600000	4862.46800000	4859.90600000	4855.05400000	4837.18600000	4826.07800000	4838.96000000	4833.16080000
3016989966.55518389	4805.08400000	4800.47800000	4861.82800000	4855.03000000	4852.93600000	4849.03000000	4856.49400000	4843.41800000	4840.40200000	4832.61400000	4843.34880000	4836.11400000
3017993311.03678942	4803.95800000	4796.28800000	4865.11200000	4856.95400000	4870.18800000	4861.51600000	4853.79600000	4854.97400000	4852.84800000	4844.06000000	4849.18040000	4842.75840000
3018996655.51839447	4806.29000000	4795.32000000	4859.51000000	4857.19400000	4861.97000000	4851.73000000	4855.74200000	4847.54200000	4844.12400000	4839.74800000	4845.52720000	4838.30680000
3020000000.00000000	4838.07200000	4836.85200000	4839.13600000	4830.46200000	4826.55000000	4823.79800000	4873.01000000	4861.70800000	4838.64200000	4829.80800000	4843.08200000	4836.52560000
