freq	PL_sig1	PL_ref1	PL_sig2	PL_ref2	PL_sig3	PL_ref3	PL_sig4	PL_ref4	PL_sig5	PL_ref5	avgPL_sig	avgPL_ref
2720000000.00000000	4967.07800000	4958.92800000	4903.17200000	4899.66600000	4915.10000000	4901.65600000	4933.22400000	4929.42600000	4959.32400000	4947.63800000	4935.57960000	4927.46280000
2721003344.48160553	4955.53000000	4955.79400000	4905.62400000	4900.27600000	4921.58600000	4918.18000000	4954.48200000	4945.98200000	4968.94000000	4960.52000000	4941.23240000	4936.15040000
2722006688.96321058	4961.49600000	4952.91000000	4955.59200000	4952.74200000	4917.36000000	4912.38800000	4932.42200000	4927.06800000	5002.35200000	4999.72200000	4953.84440000	4948.96600000
2723010033.44481611	4960.70600000	4949.12600000	4888.43200000	4878.35800000	4926.68400000	4920.30400000	4944.30400000	4935.47800000	4935.37600000	4933.18400000	4931.10040000	4923.29000000
2724013377.92642164	4975.06600000	4972.32800000	4932.97800000	4929.33800000	4960.08400000	4960.67200000	4921.12400000	4917.79000000	4936.54200000	4928.39000000	4945.15880000	4941.70360000
2725016722.40802670	4969.31600000	4963.21800000	4913.13400000	4897.38400000	4933.03000000	4923.73400000	4936.50800000	4925.78600000	4936.41200000	4933.67800000	4937.68000000	4928.76000000
2726020066.88963223	4947.74400000	4942.60000000	4949.26200000	4942.57600000	4932.24200000	4925.80600000	4948.57000000	4936.68600000	5013.66800000	5002.57000000	4958.29720000	4950.04760000
2727023411.37123728	4932.93000000	4929.86000000	4940.84200000	4928.40800000	4932.42200000	4931.81600000	4985.45800000	4974.43200000	4925.46400000	4917.31400000	4943.42320000	4936.36600000
2728026755.85284281	4976.59800000	4973.78000000	4890.46600000	4886.47200000	4920.92400000	4911.42600000	4944.66000000	4937.01400000	4937.30800000	4932.60600000	4933.99120000	4928.25960000
2729030100.33444834	4966.51800000	4963.88200000	4904.72800000	4895.11200000	4913.15200000	4914.11000000	4920.45800000	4918.36800000	4971.87200000	4968.50200000	4935.34560000	4931.99480000
2730033444.81605339	4976.57200000	4974.14200000	4940.63400000	4933.33600000	4946.47800000	4939.41600000	4959.79600000	4953.02600000	4946.45800000	4932.95800000	4953.98760000	4946.57560000
2731036789.29765892	4972.45600000	4971.11000000	4936.25000000	4931.35000000	4953.67000000	4956.65200000	4965.48400000	4955.27200000	4959.12200000	4949.56600000	4957.39640000	4952.79000000
2732040133.77926445	4967.34200000	4956.14000000	4961.90400000	4958.72200000	4924.81600000	4919.15600000	4960.72400000	4959.67400000	5000.83600000	4995.24600000	4963.12440000	4957.78760000
2733043478.26086950	4952.61400000	4945.70400000	4948.24000000	4943.79800000	4922.71200000	4917.27400000	4986.68800000	4983.70600000	4929.16000000	4922.17000000	4947.88280000	4942.53040000
2734046822.74247503	4961.00800000	4955.88400000	4934.98200000	4931.17400000	4965.77600000	4958.64600000	4929.32800000	4922.38800000	4935.82800000	4927.48600000	4945.38440000	4939.11560000
2735050167.22408009	4958.48000000	4950.99600000	4954.91800000	4949.33000000	4922.90000000	4917.36800000	4936.88800000	4926.23000000	4999.94000000	4996.44200000	4954.62520000	4948.07320000
2736053511.70568562	4963.96000000	4958.19200000	4893.42400000	4885.05400000	4918.84800000	4910.97800000	4941.43400000	4940.46400000	4936.32600000	4934.37200000	4930.79840000	4925.81200000
2737056856.18729115	4960.15400000	4954.93200000	4955.23600000	4950.46400000	4923.52400000	4913.73000000	4931.28000000	4919.98600000	5002.55200000	4991.27000000	4954.54920000	4946.07640000
2738060200.66889620	4959.53800000	4957.26800000	4945.12400000	4940.14400000	4912.27800000	4907.13800000	4973.90000000	4973.65800000	4942.59600000	4938.21000000	4946.68720000	4943.28360000
2739063545.15050173	4979.05000000	4972.61400000	4901.74400000	4894.66400000	4922.94600000	4916.11600000	4920.43000000	4923.23000000	4954.70400000	4956.08400000	4935.77480000	4932.54160000
2740066889.63210726	4947.97000000	4944.52800000	4934.51200000	4934.65000000	4934.20400000	4927.69200000	4931.28800000	4929.23600000	4999.24400000	4998.96800000	4949.44360000	4947.01480000
2741070234.11371231	4991.50600000	4983.35600000	4917.81400000	4909.24800000	4941.06600000	4931.47000000	4981.96600000	4968.33400000	4940.18000000	4929.26000000	4954.50640000	4944.33360000
2742073578.59531784	4958.37800000	4953.19800000	4906.73200000	4902.75800000	4916.17400000	4914.61600000	4942.53200000	4935.88000000	4955.69400000	4947.84200000	4935.90200000	4930.85880000
2743076923.07692289	4974.24400000	4972.35200000	4896.31600000	4888.15000000	4910.98800000	4911.94800000	4937.48000000	4934.30400000	4938.47600000	4935.82800000	4931.50080000	4928.51640000
2744080267.55852842	4967.99200000	4961.79800000	4925.79600000	4918.39600000	4924.67800000	4918.15200000	4921.80800000	4918.66800000	4944.24600000	4940.74200000	4936.90400000	4931.55120000
2745083612.04013395	4960.54200000	4953.53600000	4940.95800000	4937.08600000	4914.13200000	4915.14200000	4990.07400000	4982.03000000	4930.33400000	4923.92600000	4947.20800000	4942.34400000
2746086956.52173901	4954.06400000	4946.28600000	4909.53200000	4903.25400000	4918.38200000	4917.72600000	4982.65000000	4977.54400000	4967.18600000	4963.70600000	4946.36280000	4941.70320000
2747090301.00334454	4968.73200000	4974.29000000	4915.56000000	4911.54400000	4944.07600000	4942.06400000	4979.41200000	4975.79400000	4947.22400000	4939.98400000	4951.00080000	4948.73520000
2748093645.48495007	4984.46600000	4980.88800000	4906.44400000	4899.47600000	4926.33600000	4926.05400000	4979.99600000	4975.81200000	4974.55000000	4968.73800000	4954.35840000	4950.19360000
2749096989.96655512	4966.37800000	4964.84800000	4908.00200000	4905.30000000	4921.56400000	4921.52800000	4914.43400000	4910.16400000	4966.20200000	4963.20600000	4935.31600000	4933.00920000
2750100334.44816065	4968.68000000	4972.71600000	4938.15000000	4933.11000000	4971.52400000	4960.95000000	4930.14200000	4925.08400000	4926.56600000	4926.06000000	4947.01240000	4943.58400000
2751103678.92976570	4974.90400000	4970.87400000	4909.26600000	4911.54400000	4922.01000000	4910.68200000	4913.84600000	4910.64400000	4963.72600000	4960.19000000	4936.75040000	4932.78680000
2752107023.41137123	4950.97200000	4951.99200000	4937.76400000	4933.33200000	4927.67800000	4917.26200000	4943.02000000	4941.72800000	4982.92400000	4989.12400000	4948.47160000	4946.68760000
2753110367.89297676	4968.47400000	4966.59800000	4913.11400000	4917.68000000	4937.87000000	4940.27200000	4939.57800000	4938.34400000	4959.54200000	4952.86400000	4943.71560000	4943.15160000
2754113712.37458181	4963.34400000	4955.33800000	4937.55000000	4933.59600000	4967.25000000	4964.29600000	4926.36200000	4923.50400000	4920.59000000	4920.28200000	4943.01920000	4939.40320000
2755117056.85618734	4975.13800000	4967.73800000	4942.22800000	4933.83000000	4963.01600000	4955.86200000	4936.74000000	4935.70400000	4933.21800000	4929.51600000	4950.06800000	4944.53000000
2756120401.33779287	4942.89000000	4945.33200000	4888.14200000	4885.09000000	4932.76800000	4926.36200000	4943.31400000	4943.27800000	4936.28200000	4936.18400000	4928.67920000	4927.24920000
2757123745.81939793	4978.13200000	4966.96000000	4941.05400000	4934.73200000	4959.74600000	4958.97000000	4947.25600000	4944.58400000	4950.19200000	4947.99000000	4955.27600000	4950.64720000
2758127090.30100346	4958.98600000	4954.27400000	4939.87600000	4940.58200000	4917.20400000	4911.89200000	4982.68800000	4978.05400000	4925.84600000	4920.86400000	4944.92000000	4941.13320000
2759130434.78260851	4970.23800000	4965.59000000	4935.79800000	4929.45400000	4915.57200000	4900.95600000	4986.86600000	4978.24600000	4938.88200000	4935.44600000	4949.47120000	4941.93840000
2760133779.26421404	4951.78200000	4953.81200000	4924.66800000	4915.86000000	4960.83400000	4958.16800000	4931.09800000	4930.15000000	4964.13400000	4953.69800000	4946.50320000	4942.33760000
2761137123.74581957	4954.93000000	4951.53600000	4906.15400000	4896.84600000	4916.75400000	4917.61800000	4940.82400000	4933.39600000	4967.43000000	4950.79400000	4937.21840000	4930.03800000
2762140468.22742462	4967.52800000	4963.51600000	4922.32200000	4923.38600000	4968.16000000	4967.12600000	4920.23600000	4918.76400000	4943.62600000	4946.79200000	4944.37440000	4943.91680000
2763143812.70903015	4971.47000000	4971.34600000	4971.09400000	4965.91600000	4921.11200000	4914.66800000	4972.56400000	4960.32000000	4990.98600000	4983.36000000	4965.44520000	4959.12200000
2764147157.19063568	4957.44600000	4958.86200000	4900.48400000	4896.77800000	4907.28800000	4906.79200000	4979.15200000	4968.32600000	4962.77000000	4962.61400000	4941.42800000	4938.67440000
2765150501.67224073	4957.00400000	4955.42400000	4899.25800000	4900.69400000	4910.84000000	4904.86800000	4930.78600000	4929.22400000	4960.26800000	4956.29600000	4931.63120000	4929.30120000
2766153846.15384626	4975.99000000	4972.04600000	4967.71600000	4967.04600000	4917.66600000	4912.85000000	4967.66800000	4963.15600000	4972.03600000	4964.92400000	4960.21520000	4956.00440000
2767157190.63545132	4946.39200000	4942.75200000	4943.37400000	4940.16400000	4915.24400000	4915.57000000	4982.37600000	4977.55600000	4915.16200000	4911.29200000	4940.50960000	4937.46680000
2768160535.11705685	4954.44800000	4958.91200000	4905.53400000	4903.27000000	4929.28600000	4938.32800000	4951.23600000	4950.00000000	4957.96600000	4954.78600000	4939.69400000	4941.05920000
2769163879.59866238	4954.04600000	4952.52200000	4924.63400000	4920.42000000	4954.07800000	4957.02800000	4931.55000000	4928.02400000	4954.85800000	4951.10600000	4943.83320000	4941.82000000
2770167224.08026743	4973.81000000	4971.30600000	4926.59200000	4928.36600000	4943.85000000	4947.12600000	4954.83400000	4951.49400000	4933.12800000	4931.80200000	4946.44280000	4946.01880000
2771170568.56187296	4965.64400000	4967.28000000	4948.53800000	4948.41400000	4903.63800000	4900.28400000	4960.68800000	4963.16600000	4954.06000000	4957.82200000	4946.51360000	4947.39320000
2772173913.04347849	4962.01000000	4962.41000000	4929.97600000	4937.88000000	4944.71800000	4951.64000000	4951.46600000	4956.82400000	4934.29600000	4938.47600000	4944.49320000	4949.44600000
2773177257.52508354	4961.21800000	4964.14800000	4928.10600000	4948.19400000	4899.33800000	4906.24800000	4959.85000000	4970.96000000	4910.54200000	4922.58000000	4931.81080000	4942.42600000
2774180602.00668907	4930.22400000	4940.34400000	4917.21800000	4926.03200000	4949.40000000	4961.91400000	4912.06000000	4921.89200000	4929.15200000	4936.09400000	4927.61080000	4937.25520000
2775183946.48829412	4958.21800000	4974.51600000	4875.42600000	4888.65200000	4903.52000000	4913.38200000	4953.72000000	4971.21600000	4956.46800000	4971.37400000	4929.47040000	4943.82800000
2776187290.96989965	4948.24200000	4966.29800000	4880.21000000	4897.33000000	4882.32800000	4906.16400000	4890.94400000	4912.11400000	4948.59200000	4965.41000000	4910.06320000	4929.46320000
2777190635.45150518	4946.23800000	4971.27200000	4875.03400000	4904.88200000	4908.90000000	4938.93600000	4910.83200000	4939.46800000	4904.34200000	4936.74600000	4909.06920000	4938.26080000
2778193979.93311024	4933.30800000	4959.86600000	4910.11000000	4937.77800000	4869.54800000	4902.27600000	4937.88000000	4966.05800000	4908.06600000	4937.73200000	4911.78240000	4940.74200000
2779197324.41471577	4919.60400000	4949.53200000	4865.15200000	4902.70800000	4895.07200000	4931.21800000	4913.21000000	4952.32000000	4916.34400000	4949.72800000	4901.87640000	4937.10120000
2780200668.89632130	4929.20400000	4964.82600000	4918.38600000	4956.75400000	4880.64800000	4911.56800000	4923.29600000	4963.30400000	4930.22400000	4971.56000000	4916.35160000	4953.60240000
2781204013.37792635	4907.79800000	4942.14400000	4871.39600000	4904.14200000	4881.07800000	4923.51800000	4906.33600000	4946.80600000	4929.91000000	4958.62800000	4899.30360000	4935.04760000
2782207357.85953188	4932.98000000	4971.31000000	4903.63200000	4934.12600000	4869.80200000	4902.71800000	4939.46200000	4975.78800000	4898.17000000	4932.57400000	4908.80920000	4943.30320000
2783210702.34113693	4932.60400000	4957.87200000	4871.67000000	4899.62200000	4898.60800000	4920.37400000	4890.87600000	4925.31600000	4901.02200000	4931.08000000	4898.95600000	4926.85280000
2784214046.82274246	4929.02600000	4954.41800000	4917.56400000	4941.55400000	4943.33600000	4969.96400000	4900.23400000	4922.98400000	4904.18200000	4925.94000000	4918.86840000	4942.97200000
2785217391.30434799	4963.86000000	4982.72400000	4881.07600000	4898.28800000	4906.83200000	4926.48200000	4955.72400000	4976.29400000	4946.07000000	4961.40600000	4930.71240000	4949.03880000
2786220735.78595304	4935.74600000	4952.50600000	4910.99600000	4928.36600000	4942.27600000	4954.17600000	4910.96800000	4921.35600000	4920.68000000	4929.63800000	4924.13320000	4937.20840000
2787224080.26755857	4914.77800000	4926.09600000	4924.44600000	4934.41600000	4914.99200000	4924.09600000	4959.73600000	4973.11400000	4910.40200000	4918.75600000	4924.87080000	4935.29560000
2788227424.74916410	4941.07200000	4961.36000000	4883.49800000	4899.83000000	4898.53000000	4913.58800000	4905.52800000	4920.32600000	4954.81800000	4971.02000000	4916.68920000	4933.22480000
2789230769.23076916	4930.71600000	4945.13400000	4869.35600000	4887.29600000	4898.45800000	4919.45400000	4956.77800000	4971.55000000	4955.94000000	4971.96400000	4922.24960000	4939.07960000
2790234113.71237469	4919.78800000	4937.15400000	4867.69800000	4893.19000000	4875.46000000	4900.46200000	4945.25000000	4968.38400000	4947.12200000	4962.94800000	4911.06360000	4932.42760000
2791237458.19397974	4939.08000000	4963.01800000	4893.06200000	4908.58600000	4896.80800000	4912.18600000	4892.99000000	4916.62000000	4918.04200000	4943.73600000	4907.99640000	4928.82920000
2792240802.67558527	4933.76400000	4966.28400000	4883.47600000	4906.39800000	4904.13200000	4925.66200000	4915.25000000	4944.95800000	4929.59800000	4954.54400000	4913.24400000	4939.56920000
2793244147.15719080	4943.35800000	4973.19200000	4856.68800000	4890.42600000	4896.88000000	4930.02800000	4890.11400000	4929.78600000	4905.28000000	4941.39600000	4898.46400000	4932.96560000
2794247491.63879585	4897.73600000	4942.68600000	4883.97200000	4925.90400000	4858.79800000	4907.39200000	4926.15800000	4976.89000000	4863.73200000	4912.88000000	4886.07920000	4933.15040000
2795250836.12040138	4923.13000000	4975.04800000	4843.48200000	4899.69600000	4864.65000000	4917.73000000	4869.25400000	4925.56000000	4893.50000000	4946.89800000	4878.80320000	4932.98640000
2796254180.60200691	4891.17600000	4952.09200000	4833.21400000	4894.69400000	4865.89800000	4921.07400000	4886.66000000	4946.30600000	4880.49600000	4939.26600000	4871.48880000	4930.68640000
2797257525.08361197	4913.48800000	4977.17400000	4855.55200000	4915.50600000	4868.03400000	4937.62800000	4906.77600000	4969.46000000	4875.39600000	4940.23600000	4883.84920000	4948.00080000
2798260869.56521749	4921.31800000	4984.51000000	4880.93000000	4944.94200000	4841.00800000	4907.98000000	4892.43400000	4957.46200000	4884.98600000	4951.94400000	4884.13520000	4949.36760000
2799264214.04682255	4886.75200000	4949.21200000	4877.36600000	4939.78800000	4859.52600000	4919.44200000	4874.31600000	4940.42600000	4933.85000000	4997.35600000	4886.36200000	4949.24480000
2800267558.52842808	4895.95600000	4944.36800000	4886.20800000	4939.22400000	4864.38600000	4916.90400000	4928.15800000	4982.79000000	4859.06600000	4914.98400000	4886.75480000	4939.65400000
2801270903.01003361	4918.18600000	4968.02800000	4833.65200000	4888.17000000	4854.80600000	4909.46600000	4887.32400000	4944.58400000	4876.64200000	4928.87000000	4874.12200000	4927.82360000
2802274247.49163866	4899.07000000	4952.91400000	4851.35200000	4902.78600000	4854.46200000	4910.65400000	4864.81000000	4926.05400000	4901.28800000	4961.45200000	4874.19640000	4930.77200000
2803277591.97324419	4914.73600000	4957.80600000	4863.91400000	4915.66000000	4871.74400000	4918.33400000	4878.21200000	4924.95200000	4896.19400000	4945.67200000	4884.96000000	4932.48480000
2804280936.45484972	4921.76800000	4965.43000000	4902.30200000	4951.69800000	4857.98800000	4905.58400000	4910.49200000	4957.29000000	4912.94600000	4960.40400000	4901.09920000	4948.08120000
2805284280.93645477	4933.04800000	4977.59800000	4861.00600000	4905.52400000	4872.39200000	4912.94000000	4863.09800000	4907.18400000	4905.34000000	4947.29400000	4886.97680000	4930.10800000
2806287625.41806030	4947.40000000	4980.95800000	4867.25600000	4905.57000000	4903.16800000	4940.51800000	4943.17600000	4989.54600000	4902.82400000	4942.20400000	4912.76480000	4951.75920000
2807290969.89966536	4932.77600000	4963.90200000	4898.72200000	4929.14800000	4906.82400000	4943.87000000	4914.25600000	4950.32800000	4897.79000000	4927.22000000	4910.07360000	4942.89360000
2808294314.38127089	4924.67400000	4949.45600000	4873.85800000	4900.03600000	4888.17000000	4913.37800000	4943.17200000	4968.53600000	4942.10200000	4964.25800000	4914.39520000	4939.13280000
2809297658.86287642	4931.22200000	4953.57000000	4865.37600000	4893.65800000	4884.47800000	4902.27000000	4903.58000000	4935.70400000	4931.89400000	4954.97000000	4903.31000000	4928.03440000
2810301003.34448147	4920.60600000	4935.73600000	4905.85800000	4923.80600000	4906.71200000	4916.52400000	4955.62400000	4972.04000000	4900.77400000	4912.93200000	4917.91480000	4932.20760000
2811304347.82608700	4948.59400000	4971.44600000	4920.84800000	4936.12800000	4934.36800000	4948.28000000	4939.77600000	4954.29200000	4919.63400000	4939.14800000	4932.64400000	4949.85880000
2812307692.30769253	4964.03000000	4983.30800000	4893.35600000	4906.27400000	4917.66800000	4928.43800000	4954.49400000	4979.11200000	4951.68200000	4960.99000000	4936.24600000	4951.62440000
2813311036.78929758	4931.16600000	4955.14000000	4884.88600000	4900.35600000	4897.51200000	4910.07200000	4916.75600000	4934.77000000	4939.44800000	4960.56000000	4913.95360000	4932.17960000
2814314381.27090311	4940.16800000	4955.97800000	4872.16400000	4889.95000000	4897.16200000	4911.95400000	4919.00000000	4942.49600000	4919.52000000	4934.71800000	4909.60280000	4927.01920000
2815317725.75250816	4927.33600000	4946.03800000	4892.94600000	4914.87600000	4916.15000000	4934.59000000	4933.86400000	4951.70400000	4941.09400000	4965.24400000	4922.27800000	4942.49040000
2816321070.23411369	4928.12400000	4948.38000000	4921.53200000	4942.81400000	4894.24600000	4918.51200000	4898.11400000	4926.62000000	4970.46400000	4991.51000000	4922.49600000	4945.56720000
2817324414.71571922	4915.95600000	4948.81000000	4884.42000000	4918.13600000	4896.04200000	4933.53000000	4907.60800000	4946.38800000	4937.94400000	4976.85600000	4908.39400000	4944.74400000
2818327759.19732428	4918.41000000	4962.09200000	4899.15200000	4931.26800000	4854.00400000	4903.09600000	4924.42400000	4980.88000000	4899.86200000	4947.39000000	4899.17040000	4944.94520000
2819331103.67892981	4901.62000000	4953.22000000	4888.18000000	4945.73000000	4867.29000000	4920.41000000	4887.74200000	4943.11400000	4939.50600000	4989.96200000	4896.86760000	4950.48720000
2820334448.16053534	4929.05600000	4979.12200000	4877.14200000	4923.23200000	4856.81600000	4904.74800000	4918.54200000	4974.67400000	4890.26200000	4940.42000000	4894.36360000	4944.43920000
2821337792.64214039	4911.41800000	4968.92800000	4890.08800000	4934.63000000	4850.70200000	4902.36200000	4899.40600000	4958.90000000	4896.44600000	4947.93800000	4889.61200000	4942.55160000
2822341137.12374592	4916.07200000	4966.53200000	4875.04400000	4924.70800000	4900.54400000	4949.70200000	4903.82800000	4954.88200000	4900.97600000	4948.22600000	4899.29280000	4948.81000000
2823344481.60535097	4899.88000000	4943.67000000	4889.04600000	4935.44600000	4916.27400000	4960.75400000	4878.57400000	4924.39800000	4878.16400000	4922.13000000	4892.38760000	4937.27960000
2824347826.08695650	4918.95200000	4950.61600000	4895.69800000	4932.20200000	4932.86400000	4961.65600000	4893.07400000	4923.90600000	4885.52600000	4912.84800000	4905.22280000	4936.24560000
2825351170.56856203	4936.08400000	4968.29000000	4890.67200000	4906.69000000	4900.10600000	4934.20600000	4907.60400000	4935.58000000	4928.20400000	4960.00400000	4912.53400000	4940.95400000
2826354515.05016708	4935.84600000	4956.38800000	4874.82200000	4889.78400000	4894.65600000	4908.75600000	4905.55200000	4920.85400000	4941.42000000	4959.95400000	4910.45920000	4927.14720000
2827357859.53177261	4955.82000000	4963.81400000	4878.65600000	4892.19800000	4904.23800000	4918.82000000	4923.92600000	4934.41000000	4919.90800000	4936.50000000	4916.50960000	4929.14840000
2828361204.01337814	4931.30600000	4937.76000000	4869.99800000	4877.72800000	4902.15400000	4908.31400000	4920.69400000	4932.25400000	4934.72400000	4945.40600000	4911.77520000	4920.29240000
2829364548.49498320	4962.00800000	4968.21600000	4931.22000000	4931.26400000	4896.03000000	4904.02800000	4972.32000000	4979.63000000	4924.67800000	4934.96400000	4937.25120000	4943.62040000
2830367892.97658873	4944.26600000	4946.85000000	4932.50600000	4943.73200000	4908.89800000	4914.06400000	4979.57400000	4984.74600000	4910.37800000	4907.53800000	4935.12440000	4939.38600000
2831371237.45819378	4939.53400000	4931.84600000	4935.50400000	4933.50400000	4929.26600000	4932.05000000	4927.36200000	4929.13800000	5001.42600000	4999.20200000	4946.61840000	4945.14800000
2832374581.93979931	4977.13200000	4975.61600000	4903.74800000	4902.34000000	4935.41200000	4935.92000000	4931.49800000	4927.22600000	4937.50400000	4935.95200000	4937.05880000	4935.41080000
2833377926.42140484	4963.31200000	4964.28800000	4930.49400000	4928.91600000	4952.91600000	4954.25000000	4938.90200000	4934.19800000	4931.64800000	4926.67600000	4943.45440000	4941.66560000
2834381270.90300989	4924.42600000	4928.02800000	4949.85800000	4945.83000000	4933.81400000	4928.62000000	4977.40800000	4972.75200000	4921.43200000	4921.89000000	4941.38760000	4939.42400000
2835384615.38461542	4954.40600000	4952.14200000	4968.95400000	4964.87400000	4929.18200000	4927.61800000	4962.89000000	4953.31200000	5012.44800000	5005.28800000	4965.57600000	4960.64680000
2836387959.86622095	4983.78000000	4979.36000000	4915.67600000	4905.23800000	4941.92200000	4939.97400000	4973.13800000	4971.03600000	4943.16600000	4941.18800000	4951.53640000	4947.35920000
2837391304.34782600	4929.40200000	4923.02600000	4958.19800000	4962.06000000	4924.31200000	4922.93400000	4981.27800000	4969.25400000	4917.20800000	4920.49400000	4942.07960000	4939.55360000
2838394648.82943153	4974.11800000	4977.40600000	4949.54000000	4949.14600000	4906.36800000	4903.70800000	4954.86600000	4950.87200000	4954.88000000	4953.35200000	4947.95440000	4946.89680000
2839397993.31103659	4960.12600000	4956.03800000	4929.90000000	4919.64000000	4957.36600000	4956.01000000	4951.97200000	4944.45800000	4953.49200000	4954.18000000	4950.57120000	4946.06520000
2840401337.79264212	4963.37600000	4966.77000000	4939.91800000	4940.99600000	4905.72000000	4899.06200000	4978.43400000	4980.32000000	4948.04400000	4945.53200000	4947.09840000	4946.53600000
2841404682.27424765	4995.02200000	4980.40200000	4908.16200000	4904.07400000	4940.88000000	4933.73800000	4981.63600000	4982.20800000	4950.71200000	4946.15800000	4955.28240000	4949.31600000
2842408026.75585270	4976.56200000	4964.91400000	4964.39200000	4954.10400000	4909.15000000	4902.35400000	4968.12800000	4964.59600000	4967.19200000	4964.43000000	4957.08480000	4950.07960000
2843411371.23745823	4985.92600000	4976.08600000	4938.76200000	4936.47000000	4965.11200000	4955.71200000	4935.26200000	4937.43000000	4936.78000000	4935.84000000	4952.36840000	4948.30760000
2844414715.71906376	4945.66800000	4939.50400000	4931.44600000	4933.41200000	4915.26800000	4911.15800000	4970.56800000	4972.32600000	4915.58200000	4914.70000000	4935.70640000	4934.22000000
2845418060.20066881	4973.74400000	4967.50800000	4950.87800000	4943.34600000	4910.00600000	4910.05800000	4981.78800000	4978.73400000	4924.86600000	4928.12600000	4948.25640000	4945.55440000
2846421404.68227434	4951.95200000	4947.32200000	4926.21200000	4920.95000000	4969.71400000	4965.71200000	4939.20400000	4926.63200000	4962.13200000	4954.35000000	4949.84280000	4942.99320000
2847424749.16387939	4969.45400000	4962.19800000	4955.00600000	4952.28800000	4918.39600000	4913.30800000	4970.85000000	4960.80800000	4965.59400000	4961.47400000	4955.86000000	4950.01520000
2848428093.64548492	4944.43600000	4945.13000000	4949.42400000	4946.91600000	4930.32200000	4919.97200000	4926.88800000	4920.63400000	4996.42400000	4997.29200000	4949.49880000	4945.98880000
2849431438.12709045	4953.30600000	4949.05000000	4892.82000000	4892.48600000	4907.31800000	4900.46000000	4926.00800000	4922.32600000	4969.77600000	4967.14600000	4929.84560000	4926.29360000
2850434782.60869551	4992.59600000	4986.43000000	4918.04600000	4916.88000000	4955.20400000	4939.13000000	4976.92200000	4971.36600000	4940.23400000	4927.08600000	4956.60040000	4948.17840000
2851438127.09030104	4949.80800000	4943.12000000	4924.86800000	4925.17000000	4966.66600000	4964.12400000	4935.75600000	4929.79400000	4951.53000000	4939.07400000	4945.72560000	4940.25640000
2852441471.57190657	4973.62600000	4968.27200000	4927.71800000	4927.23600000	4958.07200000	4945.60800000	4934.05200000	4931.22800000	4935.22000000	4929.06000000	4945.73760000	4940.28080000
2853444816.05351162	4980.95800000	4972.66400000	4915.87800000	4904.91600000	4918.75800000	4912.08800000	4921.26400000	4914.33000000	4950.62600000	4942.10600000	4937.49680000	4929.22080000
2854448160.53511715	4977.47600000	4967.29000000	4968.83600000	4961.13600000	4914.75000000	4908.17600000	4970.50000000	4965.40000000	4982.73200000	4978.88600000	4962.85880000	4956.17760000
2855451505.01672220	4927.67400000	4923.10000000	4959.13800000	4957.51000000	4933.48800000	4924.85600000	4982.76400000	4971.43800000	4924.93000000	4914.54400000	4945.59880000	4938.28960000
2856454849.49832773	4967.20000000	4959.41000000	4935.86400000	4934.27800000	4904.14800000	4904.80800000	4971.33600000	4972.18400000	4933.91800000	4935.42600000	4942.49320000	4941.22120000
2857458193.97993326	4960.38400000	4954.44000000	4905.14600000	4899.68400000	4913.86000000	4906.49200000	4925.05800000	4922.09800000	4977.51000000	4966.93000000	4936.39160000	4929.92880000
2858461538.46153831	4980.42600000	4981.60000000	4906.87600000	4900.26000000	4944.35200000	4938.32400000	4976.71200000	4977.22600000	4970.27200000	4955.76200000	4955.72760000	4950.63440000
2859464882.94314384	4985.64400000	4982.93400000	4908.01000000	4905.91800000	4948.52200000	4944.03200000	4989.10200000	4985.11000000	4946.55000000	4942.84400000	4955.56560000	4952.16760000
2860468227.42474937	4982.08600000	4977.57200000	4930.13400000	4927.74000000	4945.36400000	4931.63800000	4960.46000000	4954.10000000	4939.44000000	4933.92800000	4951.49680000	4944.99560000
2861471571.90635443	4952.43800000	4949.08400000	4903.35400000	4896.19200000	4911.45800000	4907.58400000	4973.13000000	4965.01200000	4970.88000000	4971.08400000	4942.25200000	4937.79120000
2862474916.38795996	4953.07200000	4953.98600000	4896.37600000	4900.45400000	4923.71000000	4920.41200000	4946.91200000	4934.26800000	4935.74600000	4934.18600000	4931.16320000	4928.66120000
2863478260.86956501	4943.72200000	4937.89000000	4905.70000000	4902.78400000	4926.95600000	4919.06800000	4969.90000000	4955.79800000	4970.64000000	4968.40000000	4943.38360000	4936.78800000
2864481605.35117054	4978.70200000	4972.84400000	4898.99000000	4896.91400000	4939.07200000	4936.43600000	4931.59200000	4927.96600000	4943.20000000	4935.38600000	4938.31120000	4933.90920000
2865484949.83277607	4950.52800000	4952.32000000	4949.47400000	4947.95000000	4927.82800000	4922.45200000	4950.37200000	4945.93800000	5007.75000000	5000.40200000	4957.19040000	4953.81240000
2866488294.31438112	4946.56200000	4939.18000000	4895.00600000	4890.42800000	4929.77000000	4924.59400000	4959.78600000	4954.92800000	4967.45800000	4966.52000000	4939.71640000	4935.13000000
2867491638.79598665	4977.16400000	4968.25200000	4904.61600000	4897.95800000	4918.76400000	4914.29600000	4921.26800000	4917.19000000	4960.53600000	4957.07400000	4936.46960000	4930.95400000
2868494983.27759218	4969.48200000	4964.32800000	4954.69000000	4946.58000000	4918.66400000	4909.19400000	4970.85200000	4962.08400000	4968.94200000	4960.06200000	4956.52600000	4948.44960000
2869498327.75919724	4945.48000000	4937.57600000	4928.16800000	4920.66200000	4915.24200000	4911.87600000	4971.08800000	4967.70600000	4914.33200000	4912.99400000	4934.86200000	4930.16280000
2870501672.24080276	4978.01600000	4970.79000000	4909.79400000	4901.71400000	4927.53600000	4924.15400000	4926.30000000	4920.96800000	4962.21800000	4959.28000000	4940.77280000	4935.38120000
2871505016.72240782	4965.91000000	4960.81200000	4896.23400000	4886.93400000	4905.30800000	4902.14400000	4945.84000000	4942.26800000	4936.35800000	4928.53000000	4929.93000000	4924.13760000
2872508361.20401335	4951.16600000	4950.37800000	4909.83000000	4903.72800000	4924.88400000	4921.90600000	4955.84800000	4949.02400000	4967.12400000	4962.79600000	4941.77040000	4937.56640000
2873511705.68561888	4970.72200000	4969.35600000	4952.39400000	4940.13600000	4915.97000000	4908.64200000	4987.84600000	4980.49800000	4936.62400000	4927.42600000	4952.71120000	4945.21160000
2874515050.16722393	4984.26400000	4977.55800000	4912.79000000	4903.16200000	4916.84800000	4915.61200000	4981.82200000	4975.09800000	4974.00200000	4971.82200000	4953.94520000	4948.65040000
2875518394.64882946	4975.42800000	4973.30400000	4933.31200000	4922.72600000	4954.70800000	4947.61000000	4931.27000000	4925.35600000	4935.74000000	4927.22400000	4946.09160000	4939.24400000
2876521739.13043499	4972.97600000	4964.59400000	4946.34600000	4939.68000000	4907.02000000	4904.66600000	4985.69800000	4976.73000000	4934.08600000	4928.68600000	4949.22520000	4942.87120000
2877525083.61204004	4951.56600000	4948.73600000	4922.42200000	4921.50000000	4937.32400000	4934.14800000	4957.42800000	4956.83000000	4976.90400000	4969.56600000	4949.12880000	4946.15600000
2878528428.09364557	4952.32600000	4943.70200000	4936.53600000	4930.23000000	4940.18000000	4931.78200000	4946.98000000	4935.93200000	5004.11000000	4997.41600000	4956.02640000	4947.81240000
2879531772.57525063	4942.38600000	4936.43400000	4942.18800000	4935.59400000	4926.15600000	4921.16800000	4982.62000000	4975.24000000	4920.29000000	4916.16200000	4942.72800000	4936.91960000
2880535117.05685616	4991.78800000	4986.44800000	4904.62600000	4902.75000000	4936.70400000	4933.65600000	4983.54400000	4979.99600000	4959.25200000	4954.40800000	4955.18280000	4951.45160000
2881538461.53846169	4966.26400000	4962.42600000	4950.18200000	4944.48000000	4908.87600000	4900.28000000	4973.19800000	4965.07400000	4947.12800000	4942.46800000	4949.12960000	4942.94560000
2882541806.02006674	4956.11000000	4961.38400000	4913.36200000	4907.58200000	4939.00800000	4935.66200000	4949.86000000	4943.42000000	4965.50000000	4964.89200000	4944.76800000	4942.58800000
2883545150.50167227	4961.66000000	4956.59600000	4918.41600000	4916.62600000	4925.42200000	4919.17600000	4926.47800000	4924.94200000	4949.87200000	4946.83200000	4936.36960000	4932.83440000
2884548494.98327780	4926.49400000	4928.52400000	4949.49200000	4936.56000000	4933.93200000	4929.80000000	4976.78000000	4971.94000000	4922.87000000	4913.74000000	4941.91360000	4936.11280000
2885551839.46488285	4976.46400000	4977.83000000	4941.95800000	4932.11400000	4906.37800000	4904.50800000	4982.20000000	4975.06600000	4950.35800000	4945.31800000	4951.47160000	4946.96720000
2886555183.94648838	4950.17600000	4947.52200000	4936.27400000	4926.46400000	4927.14200000	4922.72600000	4954.79400000	4941.16400000	4979.68200000	4976.60600000	4949.61360000	4942.89640000
2887558528.42809343	4957.59800000	4955.62200000	4892.79000000	4882.94600000	4933.94400000	4928.44800000	4944.03200000	4944.71400000	4938.48600000	4935.07200000	4933.37000000	4929.36040000
2888561872.90969896	4969.32200000	4966.95000000	4958.43400000	4954.78000000	4923.89400000	4920.74600000	4962.69400000	4957.33800000	5001.51200000	4994.18800000	4963.17120000	4958.80040000
2889565217.39130449	4978.81600000	4971.06200000	4901.92400000	4899.94800000	4927.76000000	4913.56800000	4914.23400000	4910.18400000	4956.00000000	4943.04200000	4935.74680000	4927.56080000
2890568561.87290955	4971.22400000	4966.42800000	4936.78200000	4930.64200000	4949.59800000	4942.22800000	4961.31600000	4956.62200000	4935.78000000	4932.99600000	4950.94000000	4945.78320000
2891571906.35451508	4951.65400000	4946.20800000	4912.22800000	4904.43600000	4924.91200000	4919.48600000	4960.34800000	4950.46600000	4969.41200000	4964.41800000	4943.71080000	4937.00280000
2892575250.83612061	4948.71000000	4942.79600000	4882.82400000	4866.55400000	4916.17600000	4913.46800000	4934.33600000	4929.14800000	4956.27800000	4946.68400000	4927.66480000	4919.73000000
2893578595.31772566	4949.35400000	4946.70000000	4928.52200000	4919.00800000	4966.69600000	4960.56200000	4938.74000000	4935.85600000	4955.17400000	4949.16600000	4947.69720000	4942.25840000
2894581939.79933119	4942.42600000	4931.89600000	4903.12000000	4900.67200000	4912.73200000	4914.41400000	4969.31000000	4968.11000000	4972.17600000	4964.56600000	4939.95280000	4935.93160000
2895585284.28093624	4969.11600000	4962.40800000	4938.41000000	4932.88200000	4898.39200000	4888.76600000	4970.56400000	4965.38800000	4949.29800000	4937.66000000	4945.15600000	4937.42080000
2896588628.76254177	4961.01000000	4959.06200000	4905.35600000	4904.59000000	4922.57800000	4919.36000000	4981.39200000	4973.43600000	4965.40200000	4955.94400000	4947.14760000	4942.47840000
2897591973.24414730	4940.95200000	4936.39600000	4931.10600000	4926.79600000	4929.12200000	4927.33400000	4979.71800000	4972.24200000	4926.24200000	4919.49000000	4941.42800000	4936.45160000
2898595317.72575235	4953.13400000	4946.39400000	4934.69400000	4929.19800000	4930.79000000	4926.48800000	4953.95800000	4945.50400000	4974.82400000	4973.18400000	4949.48000000	4944.15360000
2899598662.20735788	4972.11600000	4966.44400000	4901.74600000	4890.39200000	4928.62800000	4925.35600000	4925.64000000	4928.99000000	4934.31000000	4926.81800000	4932.48800000	4927.60000000
2900602006.68896341	4949.50600000	4946.89800000	4937.87600000	4933.42200000	4913.73400000	4905.54400000	4979.37200000	4972.14000000	4911.43200000	4907.86600000	4938.38400000	4933.17400000
2901605351.17056847	4945.06200000	4936.07400000	4901.66600000	4894.84000000	4918.01800000	4914.22000000	4981.29800000	4971.01600000	4976.20000000	4970.05800000	4944.44880000	4937.24160000
2902608695.65217400	4978.03200000	4977.87400000	4908.45400000	4909.57400000	4920.09400000	4911.91200000	4929.26600000	4917.72000000	4944.91800000	4938.65000000	4936.15280000	4931.14600000
2903612040.13377905	4974.28000000	4965.92200000	4891.93400000	4887.37000000	4913.88000000	4905.80400000	4942.53400000	4939.12200000	4940.90800000	4937.98400000	4932.70720000	4927.24040000
2904615384.61538458	4972.52600000	4964.90200000	4937.78200000	4930.15000000	4952.37200000	4950.36400000	4955.75400000	4950.38000000	4952.65600000	4947.34600000	4954.21800000	4948.62840000
2905618729.09699011	4976.09400000	4971.13600000	4906.77000000	4905.27400000	4915.02200000	4913.77200000	4919.11400000	4913.28000000	4969.11200000	4962.66400000	4937.22240000	4933.22520000
2906622073.57859516	4963.36600000	4962.65400000	4956.78400000	4959.62800000	4910.39600000	4906.09200000	4966.82000000	4964.63400000	4965.29600000	4959.83400000	4952.53240000	4950.56840000
2907625418.06020069	4946.74400000	4935.98800000	4891.91000000	4882.86000000	4911.32000000	4910.84800000	4974.36000000	4967.93600000	4973.21800000	4961.25800000	4939.51040000	4931.77800000
2908628762.54180622	4991.84200000	4979.10800000	4931.33800000	4935.10600000	4954.66200000	4948.67200000	4934.30000000	4931.37800000	4930.97000000	4933.67800000	4948.62240000	4945.58840000
2909632107.02341127	4983.36800000	4973.79800000	4965.66400000	4964.58200000	4918.50800000	4911.31200000	4965.88000000	4962.44800000	4981.40400000	4975.14800000	4962.96480000	4957.45760000
2910635451.50501680	4966.44200000	4970.16800000	4901.56800000	4886.51400000	4915.07000000	4908.39400000	4949.93400000	4941.00800000	4940.87000000	4933.21400000	4934.77680000	4927.85960000
2911638795.98662186	4964.14000000	4960.69800000	4937.00000000	4930.77800000	4916.22600000	4905.58600000	4972.70800000	4969.61800000	4947.10200000	4937.26200000	4947.43520000	4940.78840000
2912642140.46822739	4996.72600000	4988.02800000	4914.19400000	4905.15600000	4937.00000000	4933.78800000	4981.69000000	4977.41200000	4942.02800000	4938.66200000	4954.32760000	4948.60920000
2913645484.94983292	4950.86600000	4948.39200000	4943.89000000	4943.88200000	4931.73000000	4921.50800000	4937.72600000	4937.15200000	5007.67400000	5000.41200000	4954.37720000	4950.26920000
2914648829.43143797	4991.06400000	4986.45800000	4910.59400000	4907.88200000	4939.28800000	4936.11400000	4983.51400000	4983.01400000	4955.91600000	4949.12800000	4956.07520000	4952.51920000
2915652173.91304350	4987.56000000	4979.57400000	4936.95400000	4936.47400000	4914.16000000	4903.98200000	4962.00400000	4956.81200000	4952.85200000	4944.32800000	4950.70600000	4944.23400000
2916655518.39464903	4955.55400000	4954.83800000	4899.11400000	4899.89000000	4917.94000000	4909.39200000	4923.26400000	4918.41600000	4969.27800000	4961.29600000	4933.03000000	4928.76640000
2917658862.87625408	4944.42400000	4939.20800000	4928.10200000	4927.14000000	4918.97200000	4912.39200000	4976.08400000	4969.59600000	4923.49200000	4915.21400000	4938.21480000	4932.71000000
2918662207.35785961	4983.04800000	4973.15800000	4936.66600000	4935.08600000	4915.66600000	4910.65000000	4978.12400000	4973.42800000	4944.86000000	4940.23400000	4951.67280000	4946.51120000
2919665551.83946514	4937.55200000	4933.98800000	4885.94800000	4879.10400000	4912.99600000	4908.87000000	4938.49200000	4930.50600000	4947.70000000	4938.52600000	4924.53760000	4918.19880000
2920668896.32107019	4973.31000000	4963.43600000	4901.58400000	4898.98800000	4938.29400000	4931.72800000	4940.93200000	4936.75400000	4938.92600000	4936.89400000	4938.60920000	4933.56000000
2921672240.80267572	4960.31200000	4958.07600000	4970.11400000	4960.62400000	4925.74600000	4923.82600000	4953.25400000	4953.84400000	5008.02400000	5000.08600000	4963.49000000	4959.29120000
2922675585.28428078	4974.28200000	4965.14200000	4929.43200000	4923.79800000	4947.60200000	4944.81400000	4957.05400000	4951.50600000	4941.63000000	4937.03800000	4950.00000000	4944.45960000
2923678929.76588631	4989.97600000	4982.03600000	4920.53200000	4913.71800000	4944.17600000	4938.25000000	4961.43000000	4959.60800000	4942.68000000	4937.94800000	4951.75880000	4946.31200000
2924682274.24749184	4975.77400000	4972.26000000	4935.27800000	4933.28200000	4905.64000000	4902.31200000	4966.21800000	4970.68400000	4940.82000000	4937.12600000	4944.74600000	4943.13280000
2925685618.72909689	4964.79600000	4967.76600000	4894.74600000	4892.33600000	4919.41000000	4916.17600000	4976.80600000	4976.81800000	4958.91600000	4958.64200000	4942.93480000	4942.34760000
2926688963.21070242	4960.89800000	4962.34000000	4928.51800000	4930.91400000	4959.54600000	4953.98000000	4942.50200000	4946.59600000	4952.56200000	4952.36400000	4948.80520000	4949.23880000
2927692307.69230747	4955.85800000	4967.28000000	4901.88800000	4903.04800000	4921.21400000	4926.35800000	4929.52400000	4931.17400000	4956.67000000	4950.28200000	4933.03080000	4935.62840000
2928695652.17391300	4940.30800000	4948.29400000	4920.04000000	4927.25400000	4917.51000000	4924.61800000	4931.47200000	4948.95600000	4956.19800000	4970.06800000	4933.10560000	4943.83800000
2929698996.65551853	4952.31200000	4960.47600000	4929.92200000	4934.50600000	4899.10000000	4907.02400000	4966.91200000	4974.60400000	4936.44600000	4945.70000000	4936.93840000	4944.46200000
2930702341.13712358	4968.11600000	4985.23400000	4926.36600000	4939.13000000	4891.20400000	4900.76400000	4950.47800000	4957.05000000	4938.71400000	4947.51600000	4934.97560000	4945.93880000
2931705685.61872911	4931.26000000	4955.43800000	4888.96000000	4909.93400000	4915.61400000	4932.28800000	4930.58200000	4949.08000000	4940.21000000	4955.43200000	4921.32520000	4940.43440000
2932709030.10033464	4929.76200000	4958.01400000	4884.66000000	4919.87400000	4930.92200000	4964.09400000	4904.21000000	4936.22200000	4916.65000000	4945.83600000	4913.24080000	4944.80800000
2933712374.58193970	4915.07800000	4952.45200000	4912.00800000	4948.91000000	4878.89000000	4915.58000000	4897.03400000	4933.51800000	4954.79000000	4996.34000000	4911.56000000	4949.36000000
2934715719.06354523	4900.24600000	4935.73200000	4848.72800000	4895.64000000	4876.85800000	4917.05800000	4923.45400000	4970.39200000	4931.64800000	4974.64800000	4896.18680000	4938.69400000
2935719063.54515076	4909.95400000	4949.81000000	4878.50600000	4922.76200000	4914.50600000	4953.98800000	4875.48200000	4924.69000000	4891.38600000	4934.00800000	4893.96680000	4937.05160000
2936722408.02675581	4919.38600000	4959.69600000	4879.04600000	4915.54400000	4913.82800000	4948.68200000	4893.93400000	4930.75400000	4909.84200000	4956.30800000	4903.20720000	4942.19680000
2937725752.50836134	4945.83000000	4986.99200000	4858.03800000	4898.07200000	4893.01600000	4933.92400000	4931.18800000	4973.07000000	4915.30800000	4964.32400000	4908.67600000	4951.27640000
2938729096.98996639	4937.21800000	4967.89000000	4905.41000000	4935.51000000	4879.18600000	4910.52400000	4949.62200000	4977.47200000	4892.90600000	4926.02000000	4912.86840000	4943.48320000
2939732441.47157192	4925.96400000	4948.29800000	4865.06200000	4891.20800000	4889.35200000	4909.70600000	4907.50000000	4936.82600000	4919.29600000	4942.24400000	4901.43480000	4925.65640000
2940735785.95317745	4935.16800000	4950.53800000	4916.96000000	4939.53400000	4890.74800000	4911.35200000	4959.36800000	4982.53200000	4886.19000000	4910.15600000	4917.68680000	4938.82240000
2941739130.43478251	4951.51800000	4965.80800000	4901.11000000	4911.81600000	4918.37600000	4931.20200000	4930.27400000	4944.09000000	4947.73200000	4957.75400000	4929.80200000	4942.13400000
2942742474.91638803	4953.11800000	4963.76600000	4947.79200000	4960.05400000	4903.65800000	4918.37000000	4943.18600000	4956.49000000	4987.95000000	4998.84000000	4947.14080000	4959.50400000
2943745819.39799309	4941.96000000	4951.24000000	4890.48200000	4899.03400000	4901.31200000	4913.33000000	4930.33600000	4940.73800000	4919.07600000	4926.97800000	4916.63320000	4926.26400000
2944749163.87959862	4925.70200000	4936.68400000	4888.85600000	4900.80400000	4900.48400000	4911.62000000	4952.73800000	4962.27400000	4957.05200000	4967.95000000	4924.96640000	4935.86640000
2945752508.36120415	4922.72200000	4936.19400000	4867.63400000	4884.99200000	4892.86000000	4914.27000000	4954.33200000	4969.59000000	4957.25200000	4973.17200000	4918.96000000	4935.64360000
2946755852.84280920	4935.87400000	4954.50800000	4885.01600000	4907.42000000	4914.07400000	4940.49000000	4925.31400000	4948.60400000	4935.16600000	4962.90600000	4919.08880000	4942.78560000
2947759197.32441473	4938.34000000	4960.58400000	4907.73200000	4942.69400000	4870.86400000	4901.37800000	4942.99800000	4975.13800000	4901.15400000	4935.27400000	4912.21760000	4943.01360000
2948762541.80602026	4932.38600000	4963.16800000	4921.17400000	4958.06000000	4875.79400000	4911.34800000	4927.59400000	4963.34600000	4936.43400000	4978.33400000	4918.67640000	4954.85120000
2949765886.28762531	4915.58000000	4961.02000000	4900.93200000	4945.33000000	4874.77800000	4912.77800000	4946.84200000	4988.58200000	4879.63000000	4916.38200000	4903.55240000	4944.81840000
2950769230.76923084	4929.43400000	4962.29400000	4864.27600000	4902.06600000	4878.94400000	4921.78400000	4880.32000000	4919.24200000	4901.65600000	4943.43400000	4890.92600000	4929.76400000
2951772575.25083637	4937.42000000	4978.79600000	4856.26000000	4893.02200000	4878.70000000	4917.04000000	4871.68400000	4911.05800000	4908.17400000	4941.26000000	4890.44760000	4928.23520000
2952775919.73244143	4903.87000000	4946.01000000	4913.50400000	4960.35200000	4880.41600000	4922.33200000	4906.07600000	4946.04200000	4960.04600000	5006.34200000	4912.78240000	4956.21560000
2953779264.21404696	4906.89800000	4953.52200000	4887.31800000	4943.17800000	4868.72400000	4918.08000000	4937.42800000	4986.67600000	4865.52800000	4914.85000000	4893.17920000	4943.26120000
2954782608.69565201	4886.17000000	4936.86200000	4885.83800000	4929.70600000	4861.21600000	4910.38600000	4930.70200000	4977.41000000	4867.75600000	4920.47200000	4886.33640000	4934.96720000
2955785953.17725754	4900.34400000	4945.27400000	4876.25200000	4920.72000000	4913.08400000	4956.39800000	4891.11200000	4937.41200000	4907.04000000	4951.43200000	4897.56640000	4942.24720000
2956789297.65886307	4922.73600000	4970.04400000	4882.33200000	4929.98000000	4920.85400000	4967.63400000	4883.83000000	4920.79800000	4894.03200000	4933.08400000	4900.75680000	4944.30800000
2957792642.14046812	4934.59800000	4966.41800000	4907.73000000	4949.49000000	4867.30800000	4907.71400000	4917.26600000	4962.08600000	4911.97800000	4947.93800000	4907.77600000	4946.72920000
2958795986.62207365	4901.51600000	4932.97200000	4862.10000000	4900.76800000	4875.98800000	4915.94400000	4927.79800000	4969.16200000	4937.19400000	4967.83600000	4900.91920000	4937.33640000
2959799331.10367870	4927.12200000	4949.21400000	4905.06200000	4920.99000000	4939.04200000	4967.42600000	4904.83200000	4932.94000000	4928.53200000	4955.02800000	4920.91800000	4945.11960000
2960802675.58528423	4940.87200000	4951.80200000	4881.13200000	4897.33800000	4896.93600000	4913.71400000	4913.55400000	4922.09800000	4948.35400000	4960.41600000	4916.16960000	4929.07360000
2961806020.06688976	4937.00200000	4953.30000000	4891.74800000	4903.88800000	4925.11400000	4932.86800000	4938.11800000	4953.15200000	4947.66200000	4963.57600000	4927.92880000	4941.35680000
2962809364.54849482	4956.17600000	4970.60200000	4885.65400000	4895.03400000	4921.18000000	4929.86400000	4913.65200000	4919.01200000	4936.28400000	4944.32600000	4922.58920000	4931.76760000
2963812709.03010035	4932.52600000	4940.39800000	4886.39200000	4893.30000000	4909.91600000	4913.55800000	4966.82400000	4971.86000000	4955.18000000	4966.01600000	4930.16760000	4937.02640000
2964816053.51170588	4961.01600000	4968.51600000	4903.39800000	4910.44000000	4906.41600000	4915.64000000	4910.91800000	4914.44600000	4953.16400000	4966.28000000	4926.98240000	4935.06440000
2965819397.99331093	4946.27400000	4952.09400000	4899.51600000	4904.79800000	4915.98200000	4924.27000000	4928.78200000	4939.40600000	4946.70400000	4955.05000000	4927.45160000	4935.12360000
2966822742.47491646	4976.43400000	4990.75600000	4884.98200000	4900.89000000	4918.78800000	4924.33200000	4960.91000000	4978.91800000	4947.16000000	4962.77600000	4937.65480000	4951.53440000
2967826086.95652199	4943.77600000	4964.41000000	4909.52400000	4931.69600000	4936.43000000	4958.23000000	4935.09000000	4962.78200000	4928.75600000	4948.93400000	4930.71520000	4953.21040000
2968829431.43812704	4923.75000000	4950.78600000	4909.44000000	4931.46000000	4936.08400000	4957.66800000	4900.43600000	4919.22400000	4900.19000000	4925.36400000	4913.98000000	4936.90040000
2969832775.91973257	4944.28800000	4972.87400000	4895.59200000	4924.82600000	4927.75400000	4951.80000000	4897.08400000	4924.15600000	4908.90600000	4928.59400000	4914.72480000	4940.45000000
2970836120.40133762	4929.36800000	4951.00200000	4870.29200000	4891.04400000	4875.89600000	4907.50600000	4898.09800000	4923.79800000	4928.29000000	4958.25800000	4900.38880000	4926.32160000
2971839464.88294315	4934.37400000	4963.36000000	4892.80600000	4911.23800000	4915.14000000	4931.84800000	4922.22800000	4945.36200000	4941.10200000	4960.12400000	4921.13000000	4942.38640000
2972842809.36454868	4944.90400000	4959.27000000	4909.74800000	4932.74000000	4884.41400000	4909.29000000	4952.07200000	4972.97800000	4908.69600000	4924.74000000	4919.96680000	4939.80360000
2973846153.84615374	4942.34400000	4953.39200000	4872.26200000	4890.31800000	4901.79200000	4908.58400000	4926.88200000	4932.98800000	4926.11400000	4937.31400000	4913.87880000	4924.51920000
2974849498.32775927	4953.53000000	4957.60000000	4924.96600000	4931.73200000	4943.60200000	4951.48800000	4948.91600000	4953.40400000	4944.46600000	4950.97000000	4943.09600000	4949.03880000
2975852842.80936432	4961.96200000	4972.29800000	4894.44800000	4896.34200000	4932.00000000	4933.24000000	4928.76200000	4929.49600000	4928.51400000	4934.67400000	4929.13720000	4933.21000000
2976856187.29096985	4978.42600000	4976.30600000	4905.44000000	4903.29800000	4929.66000000	4920.75400000	4925.51600000	4920.96200000	4957.22800000	4955.31600000	4939.25400000	4935.32720000
2977859531.77257538	4989.65400000	4984.96400000	4904.76200000	4903.89600000	4940.66600000	4937.17200000	4977.08000000	4973.14400000	4966.60200000	4960.10800000	4955.75280000	4951.85680000
2978862876.25418043	4959.24000000	4954.27600000	4890.49200000	4893.84400000	4911.72600000	4912.17400000	4933.00600000	4926.01400000	4968.25600000	4963.35600000	4932.54400000	4929.93280000
2979866220.73578596	4982.62000000	4979.86400000	4929.51000000	4928.00000000	4955.64600000	4950.03200000	4935.13600000	4930.09400000	4933.67400000	4927.36600000	4947.31720000	4943.07120000
2980869565.21739149	4949.02200000	4944.77600000	4881.08800000	4881.36000000	4907.55000000	4910.13000000	4936.89000000	4933.75200000	4952.12600000	4942.04000000	4925.33520000	4922.41160000
2981872909.69899654	4988.05000000	4992.07800000	4912.00200000	4908.65600000	4940.20200000	4937.71000000	4980.92200000	4976.88800000	4958.09600000	4953.38800000	4955.85440000	4953.74400000
2982876254.18060207	4978.72800000	4968.48000000	4904.91800000	4897.33000000	4933.30600000	4929.58800000	4932.68000000	4921.79200000	4938.15200000	4926.46400000	4937.55680000	4928.73080000
2983879598.66220760	4970.69000000	4964.81600000	4930.27400000	4922.43000000	4957.41800000	4954.88600000	4952.61000000	4952.13200000	4962.47200000	4962.05400000	4954.69280000	4951.26360000
2984882943.14381266	4937.68400000	4937.89000000	4904.34200000	4897.38200000	4918.48400000	4912.19000000	4970.92200000	4961.24000000	4973.82000000	4970.74400000	4941.05040000	4935.88920000
2985886287.62541819	4985.54200000	4981.87000000	4930.78400000	4922.49200000	4904.24600000	4900.90600000	4968.10800000	4958.07400000	4946.02200000	4941.01600000	4946.94040000	4940.87160000
2986889632.10702324	4966.08400000	4959.24400000	4898.99000000	4899.54600000	4909.90600000	4910.66400000	4946.23000000	4937.75400000	4932.70600000	4926.81200000	4930.78320000	4926.80400000
2987892976.58862877	4970.38800000	4965.92000000	4957.34600000	4948.21200000	4911.73200000	4901.92600000	4963.73000000	4957.94600000	4964.41600000	4958.92600000	4953.52240000	4946.58600000
2988896321.07023430	4927.66000000	4927.12000000	4963.60800000	4957.98200000	4928.96800000	4926.53600000	4988.52400000	4984.57000000	4925.37200000	4924.10000000	4946.82640000	4944.06160000
2989899665.55183935	4956.90800000	4947.24000000	4944.47400000	4942.14800000	4921.64200000	4919.37200000	4931.49000000	4926.94400000	4999.94800000	4986.67200000	4950.89240000	4944.47520000
2990903010.03344488	4961.73600000	4958.70600000	4961.49200000	4951.89600000	4923.83400000	4922.67800000	4960.65600000	4953.81600000	5004.04800000	5000.45800000	4962.35320000	4957.51080000
2991906354.51504993	4983.32000000	4975.38400000	4941.34000000	4934.16200000	4967.05000000	4957.04600000	4940.25600000	4929.77800000	4936.43200000	4928.58400000	4953.67960000	4944.99080000
2992909698.99665546	4957.84000000	4949.48000000	4974.79400000	4965.10200000	4937.77200000	4932.84600000	4955.84800000	4946.07600000	5011.18400000	5006.22400000	4967.48760000	4959.94560000
2993913043.47826099	4984.10200000	4978.90800000	4912.85600000	4905.86000000	4945.07400000	4940.86600000	4985.93200000	4981.10600000	4968.40000000	4958.14400000	4959.27280000	4952.97680000
2994916387.95986605	4940.39600000	4938.38800000	4906.71800000	4900.71400000	4929.70400000	4916.80800000	4972.53800000	4964.29000000	4974.42600000	4965.31200000	4944.75640000	4937.10240000
2995919732.44147158	4985.23000000	4970.75400000	4942.56600000	4933.37800000	4965.55600000	4958.65000000	4947.05200000	4938.41800000	4939.40200000	4926.17000000	4955.96120000	4945.47400000
2996923076.92307711	4944.65000000	4939.19600000	4900.72800000	4895.49000000	4915.22400000	4902.44400000	4976.68400000	4968.89600000	4976.24400000	4968.70200000	4942.70600000	4934.94560000
2997926421.40468216	4921.78000000	4922.62800000	4956.78600000	4947.46200000	4941.44400000	4934.57800000	4978.33000000	4974.18600000	4924.66200000	4920.67400000	4944.60040000	4939.90560000
2998929765.88628769	4970.46800000	4973.52200000	4912.59600000	4912.79600000	4921.02600000	4916.71400000	4927.40200000	4914.15200000	4964.03800000	4966.45200000	4939.10600000	4936.72720000
2999933110.36789322	4952.40400000	4947.60000000	4927.72800000	4919.70200000	4969.04800000	4964.29800000	4941.38200000	4932.42800000	4958.66000000	4958.08200000	4949.84440000	4944.42200000
3000936454.84949827	4959.45800000	4954.46000000	4959.60600000	4947.09600000	4928.75000000	4919.44200000	4945.96800000	4936.75200000	4998.65200000	4989.52200000	4958.48680000	4949.45440000
3001939799.33110380	4984.22400000	4982.43600000	4902.37200000	4896.85200000	4915.93600000	4909.73000000	4972.61200000	4966.26000000	4971.76800000	4967.93200000	4949.38240000	4944.64200000
3002943143.81270885	4926.37800000	4923.96200000	4973.28400000	4963.87200000	4927.37000000	4918.14200000	4980.03800000	4973.95400000	4925.72000000	4921.00600000	4946.55800000	4940.18720000
3003946488.29431438	4949.25800000	4942.96400000	4888.87200000	4878.36600000	4925.74800000	4915.90200000	4935.70200000	4922.01800000	4963.29000000	4957.42400000	4932.57400000	4923.33480000
3004949832.77591991	4973.25400000	4974.14400000	4916.12600000	4904.22800000	4942.03800000	4929.27200000	4940.20000000	4937.12000000	4950.33400000	4942.75400000	4944.39040000	4937.50360000
3005953177.25752497	4984.76200000	4977.74200000	4940.40200000	4937.61400000	4913.62000000	4909.15600000	4977.69600000	4970.74400000	4947.15200000	4936.62000000	4952.72640000	4946.37520000
3006956521.73913050	4961.56200000	4957.10200000	4941.16000000	4943.42000000	4912.75600000	4907.45800000	4985.20800000	4982.93000000	4925.81600000	4920.41800000	4945.30040000	4942.26560000
3007959866.22073555	4976.26000000	4972.18400000	4940.31000000	4934.93600000	4963.51400000	4959.94400000	4931.12600000	4926.45400000	4937.32800000	4931.55600000	4949.70760000	4945.01480000
3008963210.70234108	4982.78200000	4976.43000000	4903.09600000	4893.85800000	4916.99000000	4911.58600000	4976.06000000	4965.82800000	4969.19800000	4962.89200000	4949.62520000	4942.11880000
3009966555.18394661	4958.24600000	4953.11200000	4915.32600000	4904.86600000	4918.89200000	4913.64400000	4949.06000000	4938.00800000	4962.23600000	4950.75600000	4940.75200000	4932.07720000
3010969899.66555166	4946.07400000	4934.10800000	4910.21400000	4899.42000000	4922.56200000	4917.29600000	4973.68600000	4966.85000000	4974.45000000	4966.37400000	4945.39720000	4936.80960000
3011973244.14715719	4971.41000000	4968.10400000	4943.19200000	4946.71400000	4912.03000000	4912.28400000	4958.53600000	4960.01200000	4955.19200000	4948.41000000	4948.07200000	4947.10480000
3012976588.62876272	4972.12400000	4972.09200000	4902.06200000	4899.32000000	4936.90800000	4932.24600000	4937.10400000	4930.70400000	4944.11400000	4940.39800000	4938.46240000	4934.95200000
3013979933.11036777	4926.30600000	4926.52800000	4937.66800000	4934.69000000	4931.50800000	4930.92600000	4983.97800000	4975.44000000	4927.72400000	4919.49600000	4941.43680000	4937.41600000
3014983277.59197330	4954.94400000	4946.45800000	4939.57400000	4937.34400000	4920.10000000	4913.37600000	4981.97400000	4977.43600000	4927.90800000	4918.79400000	4944.90000000	4938.68160000
3015986622.07357883	4951.14800000	4951.40600000	4953.60800000	4947.11200000	4925.10400000	4919.35400000	4944.33800000	4931.47200000	5003.82000000	4999.64200000	4955.60360000	4949.79720000
3016989966.55518389	4957.10000000	4950.13800000	4934.40200000	4925.49400000	4970.24000000	4964.16200000	4939.55000000	4928.91200000	4961.61200000	4951.21200000	4952.58080000	4943.98360000
3017993311.03678942	4966.98600000	4955.42000000	4918.42800000	4913.05200000	4930.21400000	4930.75400000	4950.60000000	4935.22600000	4959.05000000	4949.21400000	4945.05560000	4936.73320000
3018996655.51839447	4990.30200000	4974.85200000	4909.97200000	4906.47800000	4939.39400000	4934.55600000	4987.17600000	4979.19800000	4973.96800000	4961.40800000	4960.16240000	4951.29840000
3020000000.00000000	4953.84600000	4946.49800000	4903.01000000	4896.56400000	4935.80200000	4924.58600000	4957.91200000	4953.53200000	4962.67000000	4960.52800000	4942.64800000	4936.34160000
