freq	PL_sig1	PL_ref1	PL_sig2	PL_ref2	PL_sig3	PL_ref3	PL_sig4	PL_ref4	PL_sig5	PL_ref5	avgPL_sig	avgPL_ref
2720000000.00000000	4835.94000000	4829.82800000	4854.17400000	4847.83800000	4861.54400000	4860.84800000	4846.07600000	4840.91600000	4856.99600000	4846.49200000	4850.94600000	4845.18440000
2721003344.48160553	4843.97800000	4842.61200000	4838.90800000	4834.30800000	4884.11400000	4883.69800000	4838.05000000	4830.78000000	4838.00800000	4825.93800000	4848.61160000	4843.46720000
2722006688.96321058	4820.08200000	4820.88400000	4876.22000000	4868.84800000	4857.13600000	4846.27200000	4868.41200000	4860.36400000	4855.53600000	4851.71200000	4855.47720000	4849.61600000
2723010033.44481611	4839.10400000	4834.05400000	4867.84200000	4862.31800000	4852.87000000	4845.91400000	4853.69200000	4846.46600000	4842.35200000	4838.03200000	4851.17200000	4845.35680000
2724013377.92642164	4820.44800000	4813.70000000	4863.88600000	4858.69800000	4848.10200000	4844.54600000	4842.97200000	4834.83200000	4844.26000000	4834.25800000	4843.93360000	4837.20680000
2725016722.40802670	4828.83400000	4828.47000000	4875.44000000	4866.81000000	4852.67000000	4850.57800000	4853.71000000	4844.67800000	4847.12800000	4842.25000000	4851.55640000	4846.55720000
2726020066.88963223	4818.61000000	4812.96400000	4854.84000000	4847.61800000	4839.67400000	4837.78200000	4848.17000000	4841.87200000	4864.33200000	4861.05000000	4845.12520000	4840.25720000
2727023411.37123728	4818.09600000	4811.78200000	4856.92600000	4847.14400000	4843.07000000	4839.15800000	4851.11000000	4843.00200000	4869.46800000	4859.62800000	4847.73400000	4840.14280000
2728026755.85284281	4831.29600000	4824.59000000	4875.31600000	4869.56000000	4843.90000000	4840.64200000	4851.73200000	4841.04800000	4856.52400000	4851.70000000	4851.75360000	4845.50800000
2729030100.33444834	4829.16400000	4830.10800000	4870.64200000	4865.46000000	4842.03800000	4837.48400000	4847.15400000	4846.59000000	4856.02000000	4849.84000000	4849.00360000	4845.89640000
2730033444.81605339	4837.89200000	4833.70400000	4894.00000000	4880.81400000	4861.30200000	4849.84600000	4888.55000000	4880.30000000	4841.07400000	4831.65400000	4864.56360000	4855.26360000
2731036789.29765892	4846.55600000	4846.51200000	4859.27600000	4849.92000000	4885.90600000	4880.20000000	4856.07600000	4846.72200000	4832.39800000	4821.97600000	4856.04240000	4849.06600000
2732040133.77926445	4808.05600000	4803.42800000	4833.95000000	4827.96200000	4878.63000000	4867.59400000	4848.27400000	4845.68800000	4866.86600000	4861.55800000	4847.15520000	4841.24600000
2733043478.26086950	4843.17200000	4839.23600000	4842.83600000	4832.54800000	4888.86600000	4884.96600000	4852.86400000	4842.87600000	4842.66800000	4837.81200000	4854.08120000	4847.48760000
2734046822.74247503	4833.56800000	4823.74800000	4871.51200000	4866.35800000	4874.26800000	4866.81200000	4875.00600000	4870.46800000	4838.28200000	4832.69800000	4858.52720000	4852.01680000
2735050167.22408009	4828.43800000	4826.77400000	4862.81600000	4858.38200000	4840.65800000	4837.61400000	4860.63600000	4851.42000000	4849.79000000	4840.18400000	4848.46760000	4842.87480000
2736053511.70568562	4825.14400000	4820.11800000	4857.90400000	4853.57400000	4841.03400000	4837.09000000	4830.84000000	4831.21600000	4835.52800000	4826.77200000	4838.09000000	4833.75400000
2737056856.18729115	4812.57600000	4806.04800000	4861.16000000	4860.23600000	4844.50600000	4833.76400000	4845.26800000	4842.12800000	4846.63400000	4842.54000000	4842.02880000	4836.94320000
2738060200.66889620	4806.23000000	4801.20600000	4841.05600000	4835.80000000	4867.52800000	4865.44600000	4845.66800000	4837.58600000	4845.83000000	4839.33600000	4841.26240000	4835.87480000
2739063545.15050173	4846.05800000	4836.40600000	4854.21000000	4847.98000000	4886.46400000	4880.03000000	4846.30800000	4839.22600000	4836.23000000	4829.71200000	4853.85400000	4846.67080000
2740066889.63210726	4833.20800000	4824.39200000	4856.01000000	4851.21200000	4847.27800000	4846.61400000	4837.44800000	4825.56800000	4855.62000000	4851.19800000	4845.91280000	4839.79680000
2741070234.11371231	4838.98600000	4829.76000000	4868.19800000	4858.07800000	4859.83600000	4853.86800000	4864.51400000	4860.41400000	4853.58200000	4845.54200000	4857.02320000	4849.53240000
2742073578.59531784	4804.94400000	4808.65200000	4874.67600000	4868.30000000	4849.55600000	4841.59600000	4847.09800000	4838.12000000	4839.69600000	4840.56600000	4843.19400000	4839.44680000
2743076923.07692289	4833.39600000	4832.72200000	4869.28800000	4867.22200000	4851.40400000	4847.14000000	4858.72000000	4854.67400000	4841.08600000	4831.64600000	4850.77880000	4846.68080000
2744080267.55852842	4843.30600000	4834.92800000	4860.24600000	4860.26600000	4892.69000000	4882.42400000	4846.25000000	4841.66200000	4861.61200000	4859.15400000	4860.82080000	4855.68680000
2745083612.04013395	4808.97400000	4817.00400000	4862.28000000	4860.16600000	4828.35400000	4831.25800000	4864.47800000	4855.54800000	4848.66800000	4850.23400000	4842.55080000	4842.84200000
2746086956.52173901	4820.35600000	4811.65600000	4872.14600000	4870.25000000	4850.44800000	4843.53000000	4856.97400000	4853.12600000	4859.49000000	4854.96200000	4851.88280000	4846.70480000
2747090301.00334454	4834.90200000	4828.80200000	4858.47400000	4855.06800000	4843.56000000	4832.40400000	4845.61800000	4843.05400000	4849.84400000	4844.73800000	4846.47960000	4840.81320000
2748093645.48495007	4811.47200000	4810.40600000	4849.28800000	4839.81400000	4879.79000000	4872.51600000	4850.49000000	4842.09800000	4855.81000000	4853.72200000	4849.37000000	4843.71120000
2749096989.96655512	4810.80800000	4806.60200000	4869.84800000	4867.10400000	4855.75400000	4845.01400000	4837.67200000	4835.04800000	4850.24400000	4846.92600000	4844.86520000	4840.13880000
2750100334.44816065	4826.85800000	4824.67800000	4851.05000000	4843.33400000	4884.30200000	4879.60800000	4843.52600000	4837.53000000	4844.73800000	4844.09000000	4850.09480000	4845.84800000
2751103678.92976570	4837.58000000	4833.30200000	4845.19600000	4842.29200000	4889.79000000	4887.00200000	4851.63400000	4843.31800000	4841.35800000	4837.11200000	4853.11160000	4848.60520000
2752107023.41137123	4843.65400000	4839.69800000	4844.55800000	4837.08600000	4888.93400000	4886.69400000	4844.28400000	4837.13800000	4831.51200000	4828.81600000	4850.58840000	4845.88640000
2753110367.89297676	4821.55600000	4816.15600000	4869.82200000	4864.70800000	4853.85400000	4846.59400000	4864.49400000	4862.75800000	4851.20600000	4851.14800000	4852.18640000	4848.27280000
2754113712.37458181	4819.77200000	4807.87200000	4875.62800000	4876.13200000	4848.83600000	4846.79600000	4866.23600000	4864.90000000	4848.09800000	4843.44600000	4851.71400000	4847.82920000
2755117056.85618734	4838.44200000	4839.75600000	4852.35400000	4843.55000000	4876.44400000	4876.39000000	4839.92200000	4841.43800000	4857.06000000	4853.33600000	4852.84440000	4850.89400000
2756120401.33779287	4814.32200000	4809.49800000	4869.18000000	4865.02200000	4848.70000000	4846.50000000	4861.40800000	4855.10800000	4849.49200000	4845.35400000	4848.62040000	4844.29640000
2757123745.81939793	4819.30600000	4821.42600000	4876.54800000	4871.55600000	4843.45200000	4843.53000000	4860.36800000	4855.55200000	4842.55200000	4838.36200000	4848.44520000	4846.08520000
2758127090.30100346	4828.00600000	4827.73200000	4864.49800000	4861.61000000	4881.71800000	4875.02200000	4850.27600000	4849.14000000	4865.52800000	4862.35600000	4858.00520000	4855.17200000
2759130434.78260851	4822.80800000	4823.16800000	4873.77800000	4868.14200000	4882.09600000	4876.17000000	4850.41600000	4841.90400000	4863.70400000	4858.65400000	4858.56040000	4853.60760000
2760133779.26421404	4827.84400000	4824.16200000	4858.09800000	4855.90600000	4871.12400000	4870.48800000	4846.97600000	4844.06000000	4873.61000000	4869.27000000	4855.53040000	4852.77720000
2761137123.74581957	4820.38400000	4824.94600000	4858.03600000	4853.15600000	4840.46400000	4832.89600000	4828.91600000	4827.69800000	4836.39400000	4834.17800000	4836.83880000	4834.57480000
2762140468.22742462	4811.89800000	4817.07400000	4857.90200000	4851.04000000	4834.87400000	4837.52400000	4857.65000000	4857.12000000	4864.85600000	4856.34000000	4845.43600000	4843.81960000
2763143812.70903015	4837.34200000	4827.90400000	4871.98600000	4868.32400000	4849.72800000	4851.37000000	4856.24000000	4855.77600000	4833.65000000	4835.64000000	4849.78920000	4847.80280000
2764147157.19063568	4801.51200000	4801.07200000	4838.33000000	4844.40200000	4857.31400000	4855.16400000	4838.74400000	4834.59600000	4845.39800000	4844.81200000	4836.25960000	4836.00920000
2765150501.67224073	4824.15800000	4827.54800000	4868.37400000	4866.34800000	4867.20400000	4866.38000000	4881.34800000	4882.61800000	4839.27200000	4837.36000000	4856.07120000	4856.05080000
2766153846.15384626	4821.57600000	4826.77200000	4867.09000000	4868.17200000	4854.37400000	4860.88400000	4866.96800000	4872.96600000	4830.91600000	4831.60600000	4848.18480000	4852.08000000
2767157190.63545132	4827.57200000	4837.89000000	4868.83200000	4879.24800000	4841.72800000	4853.54200000	4878.78600000	4885.55000000	4832.33800000	4845.41600000	4849.85120000	4860.32920000
2768160535.11705685	4798.06200000	4810.98200000	4839.05600000	4843.87400000	4814.06400000	4821.35800000	4846.62000000	4862.15600000	4841.22400000	4852.14600000	4827.80520000	4838.10320000
2769163879.59866238	4816.35600000	4824.88200000	4821.60600000	4841.18400000	4870.03800000	4883.40200000	4819.33000000	4838.85800000	4809.36200000	4819.61200000	4827.33840000	4841.58760000
2770167224.08026743	4806.72000000	4821.96600000	4844.05800000	4870.05600000	4806.34000000	4828.36400000	4822.31800000	4848.05400000	4832.33400000	4852.20400000	4822.35400000	4844.12880000
2771170568.56187296	4800.68600000	4824.76200000	4847.24400000	4878.25000000	4838.36800000	4863.36000000	4856.50400000	4886.91600000	4813.20000000	4842.40200000	4831.20040000	4859.13800000
2772173913.04347849	4800.64600000	4831.39400000	4825.40800000	4856.48600000	4819.69200000	4851.94000000	4823.01200000	4850.16600000	4807.00400000	4832.64800000	4815.15240000	4844.52680000
2773177257.52508354	4781.61200000	4819.16200000	4836.27800000	4867.98800000	4811.98600000	4844.20600000	4822.03400000	4858.37200000	4807.63400000	4845.00200000	4811.90880000	4846.94600000
2774180602.00668907	4789.15400000	4829.00800000	4830.77000000	4857.25200000	4827.53800000	4866.59000000	4805.17800000	4848.66400000	4835.07200000	4870.56000000	4817.54240000	4854.41480000
2775183946.48829412	4778.54400000	4811.98600000	4807.56400000	4841.05000000	4835.65600000	4870.22400000	4828.32600000	4865.93200000	4834.92600000	4867.84000000	4817.00320000	4851.40640000
2776187290.96989965	4770.65000000	4801.85000000	4798.05200000	4833.44400000	4835.38400000	4867.78200000	4813.74800000	4848.04200000	4814.41000000	4849.57200000	4806.44880000	4840.13800000
2777190635.45150518	4803.09600000	4831.17000000	4835.82000000	4874.15800000	4818.10000000	4845.40200000	4814.86000000	4848.49200000	4823.05000000	4856.66800000	4818.98520000	4851.17800000
2778193979.93311024	4796.95600000	4807.59800000	4835.08000000	4860.13200000	4811.07600000	4827.75800000	4823.78200000	4849.76000000	4825.38400000	4845.53000000	4818.45560000	4838.15560000
2779197324.41471577	4786.90200000	4806.03000000	4809.98400000	4832.50400000	4849.81400000	4873.56200000	4826.60600000	4848.97200000	4837.09800000	4861.49800000	4822.08080000	4844.51320000
2780200668.89632130	4818.00400000	4835.95400000	4832.61400000	4848.05600000	4866.19400000	4883.01000000	4833.77200000	4848.47000000	4806.90200000	4824.02000000	4831.49720000	4847.90200000
2781204013.37792635	4817.84000000	4835.50400000	4830.59600000	4843.11600000	4863.53600000	4879.15400000	4824.20200000	4834.21200000	4830.56400000	4837.12400000	4833.34760000	4845.82200000
2782207357.85953188	4808.92800000	4820.24800000	4854.36400000	4873.35600000	4831.03000000	4843.40800000	4837.28800000	4856.63000000	4829.08000000	4842.28400000	4832.13800000	4847.18520000
2783210702.34113693	4816.10800000	4833.45400000	4846.59000000	4859.24400000	4847.44200000	4868.62800000	4834.74400000	4849.14200000	4817.56400000	4834.74400000	4832.48960000	4849.04240000
2784214046.82274246	4816.84200000	4840.71800000	4841.69000000	4863.18000000	4835.39200000	4853.97400000	4829.08800000	4854.34400000	4840.29400000	4856.66400000	4832.66120000	4853.77600000
2785217391.30434799	4815.85400000	4832.25600000	4811.42000000	4831.58800000	4861.57200000	4880.40000000	4817.22400000	4835.73800000	4814.05000000	4838.04400000	4824.02400000	4843.60520000
2786220735.78595304	4788.07600000	4811.81000000	4821.69600000	4844.65400000	4840.45000000	4867.15200000	4837.77400000	4862.33400000	4860.18000000	4885.74800000	4829.63520000	4854.33960000
2787224080.26755857	4790.93200000	4821.69600000	4808.24400000	4846.66400000	4823.04600000	4860.97400000	4814.73200000	4847.78400000	4803.45000000	4843.61800000	4808.08080000	4844.14720000
2788227424.74916410	4770.87400000	4808.92400000	4803.23200000	4851.62600000	4788.03800000	4831.30000000	4811.41000000	4850.47400000	4807.36800000	4848.06000000	4796.18440000	4838.07680000
2789230769.23076916	4786.10800000	4831.01600000	4808.52600000	4851.10000000	4807.80600000	4855.82000000	4806.21800000	4851.42600000	4793.89200000	4847.84200000	4800.51000000	4847.44080000
2790234113.71237469	4756.21800000	4809.69600000	4792.59400000	4846.81000000	4812.25400000	4862.80000000	4796.17600000	4844.53000000	4795.01200000	4844.88000000	4790.45080000	4841.74320000
2791237458.19397974	4792.00400000	4844.49000000	4803.41600000	4854.91600000	4803.29800000	4852.99600000	4797.13800000	4840.81200000	4808.24800000	4857.54400000	4800.82080000	4850.15160000
2792240802.67558527	4791.77800000	4834.62200000	4795.57200000	4848.12400000	4834.13400000	4874.18600000	4794.07000000	4839.58800000	4796.14200000	4848.56200000	4802.33920000	4849.01640000
2793244147.15719080	4773.67200000	4817.22600000	4793.08000000	4837.71400000	4831.99000000	4875.96200000	4808.05200000	4855.73800000	4838.19800000	4885.65200000	4808.99840000	4854.45840000
2794247491.63879585	4768.73400000	4797.04800000	4798.55000000	4836.86600000	4831.79200000	4864.06400000	4803.44600000	4838.05600000	4801.61400000	4839.95600000	4800.82720000	4835.19800000
2795250836.12040138	4779.68400000	4808.09200000	4808.87600000	4835.09400000	4847.87200000	4873.59600000	4847.12800000	4867.48600000	4844.90400000	4869.18400000	4825.69280000	4850.69040000
2796254180.60200691	4799.96000000	4821.26800000	4857.38600000	4873.32200000	4826.68400000	4844.84800000	4836.98200000	4854.32800000	4824.27200000	4838.86800000	4829.05680000	4846.52680000
2797257525.08361197	4794.05600000	4807.41400000	4853.83200000	4867.25000000	4827.59600000	4842.63000000	4832.85000000	4842.40200000	4837.57800000	4850.64800000	4829.18240000	4842.06880000
2798260869.56521749	4797.71800000	4805.90600000	4838.40800000	4841.84600000	4858.24600000	4862.08600000	4849.67800000	4858.37200000	4868.46600000	4873.81200000	4842.50320000	4848.40440000
2799264214.04682255	4827.09600000	4833.35600000	4835.40200000	4850.51400000	4868.69800000	4874.39800000	4826.62400000	4835.15600000	4852.68800000	4860.93000000	4842.10160000	4850.87080000
2800267558.52842808	4812.48200000	4811.56400000	4853.00200000	4852.68600000	4821.82400000	4827.20800000	4842.07000000	4848.31400000	4851.45200000	4852.03400000	4836.16600000	4838.36120000
2801270903.01003361	4798.83400000	4800.45600000	4843.25000000	4845.87800000	4851.62400000	4856.11200000	4836.15400000	4839.84400000	4845.92200000	4853.16800000	4835.15680000	4839.09160000
2802274247.49163866	4808.18400000	4812.46000000	4823.64200000	4835.93800000	4872.76200000	4876.45000000	4847.10800000	4857.41800000	4880.44000000	4880.70600000	4846.42720000	4852.59440000
2803277591.97324419	4817.22000000	4823.28600000	4846.62800000	4851.87400000	4838.41800000	4838.27400000	4826.54600000	4837.56800000	4841.82400000	4847.40800000	4834.12720000	4839.68200000
2804280936.45484972	4826.36000000	4839.38200000	4843.32800000	4847.49400000	4876.85400000	4893.36800000	4834.05000000	4839.31400000	4856.57400000	4858.91800000	4847.43320000	4855.69520000
2805284280.93645477	4807.15600000	4807.96800000	4845.59400000	4848.59800000	4813.77600000	4824.05200000	4833.69000000	4843.94400000	4842.66800000	4853.37000000	4828.57680000	4835.58640000
2806287625.41806030	4821.00200000	4836.09600000	4812.23400000	4820.54000000	4869.32600000	4878.93000000	4827.41600000	4839.17600000	4816.34000000	4832.19000000	4829.26360000	4841.38640000
2807290969.89966536	4800.76200000	4810.37000000	4836.77200000	4846.98400000	4855.15800000	4862.96000000	4832.91000000	4849.65200000	4839.37600000	4852.21600000	4832.99560000	4844.43640000
2808294314.38127089	4819.62800000	4832.96400000	4832.77200000	4846.11600000	4821.98800000	4839.05400000	4828.66400000	4841.79200000	4835.30600000	4851.45800000	4827.67160000	4842.27680000
2809297658.86287642	4804.71600000	4823.89600000	4852.55800000	4869.34400000	4836.08800000	4847.91200000	4822.44800000	4843.88200000	4818.70200000	4834.46800000	4826.90240000	4843.90040000
2810301003.34448147	4795.32000000	4828.31400000	4839.55000000	4869.79200000	4814.60000000	4852.64000000	4820.37800000	4850.97800000	4806.80000000	4841.34000000	4815.32960000	4848.61280000
2811304347.82608700	4802.02400000	4832.16200000	4822.27600000	4857.83800000	4851.03800000	4881.48200000	4810.56000000	4839.42600000	4798.27000000	4832.30200000	4816.83360000	4848.64200000
2812307692.30769253	4796.12000000	4825.87000000	4840.95800000	4866.22000000	4796.62200000	4834.84600000	4806.50000000	4843.45400000	4804.36200000	4844.58400000	4808.91240000	4842.99480000
2813311036.78929758	4771.65800000	4805.43400000	4837.62000000	4871.92200000	4806.58600000	4843.73600000	4812.06200000	4841.19200000	4817.71200000	4854.10000000	4809.12760000	4843.27680000
2814314381.27090311	4801.41400000	4829.18800000	4820.11200000	4852.19200000	4809.32200000	4841.09400000	4811.73600000	4843.02400000	4818.70000000	4854.00600000	4812.25680000	4843.90080000
2815317725.75250816	4778.27400000	4806.11600000	4818.38400000	4851.74800000	4831.82400000	4859.48200000	4817.16800000	4847.07200000	4812.93400000	4841.41800000	4811.71680000	4841.16720000
2816321070.23411369	4811.30000000	4824.89800000	4831.31400000	4852.06200000	4812.44200000	4837.06000000	4815.89800000	4840.17400000	4819.31200000	4845.10800000	4818.05320000	4839.86040000
2817324414.71571922	4811.78000000	4833.25600000	4846.63400000	4865.77800000	4823.49000000	4844.06200000	4824.88400000	4838.65000000	4835.48400000	4855.34800000	4828.45440000	4847.41880000
2818327759.19732428	4806.92200000	4827.96200000	4851.09400000	4864.97000000	4851.12600000	4872.31200000	4858.93400000	4876.55400000	4813.48400000	4833.02800000	4836.31200000	4854.96520000
2819331103.67892981	4822.08800000	4834.40400000	4852.29000000	4866.72800000	4853.39800000	4863.17600000	4839.01600000	4853.21600000	4816.66600000	4828.35800000	4836.69160000	4849.17640000
2820334448.16053534	4787.78400000	4800.03400000	4819.99000000	4827.52600000	4853.55800000	4861.26400000	4832.73200000	4848.12000000	4854.44200000	4864.12200000	4829.70120000	4840.21320000
2821337792.64214039	4815.14000000	4827.29800000	4843.60000000	4861.14000000	4818.14400000	4835.50000000	4828.96000000	4847.49800000	4818.96400000	4840.80000000	4824.96160000	4842.44720000
2822341137.12374592	4821.66400000	4834.73800000	4821.06000000	4845.34000000	4865.67600000	4878.69200000	4821.38400000	4832.97200000	4805.14600000	4821.48200000	4826.98600000	4842.64480000
2823344481.60535097	4791.27000000	4809.45200000	4847.40600000	4863.91200000	4813.23800000	4828.06200000	4842.11800000	4857.75200000	4839.05800000	4860.93200000	4826.61800000	4844.02200000
2824347826.08695650	4806.08400000	4824.81600000	4836.18200000	4854.53800000	4826.74800000	4851.01800000	4814.64600000	4842.72600000	4833.18800000	4856.90200000	4823.36960000	4846.00000000
2825351170.56856203	4796.80200000	4826.39600000	4837.75000000	4866.37400000	4810.91400000	4854.48400000	4806.04000000	4839.09800000	4806.54200000	4841.82200000	4811.60960000	4845.63480000
2826354515.05016708	4770.33400000	4814.14800000	4812.66200000	4860.96200000	4804.48800000	4846.32600000	4791.76200000	4831.93600000	4785.05400000	4830.82000000	4792.86000000	4836.83840000
2827357859.53177261	4786.54600000	4833.73200000	4788.09200000	4837.40000000	4832.88400000	4888.29800000	4796.64200000	4847.47200000	4796.09400000	4843.39800000	4800.05160000	4850.06000000
2828361204.01337814	4778.08000000	4830.84800000	4808.26800000	4856.69400000	4785.41600000	4835.87200000	4785.48200000	4841.59000000	4802.71000000	4853.64400000	4791.99120000	4843.72960000
2829364548.49498320	4760.81200000	4807.61200000	4795.29400000	4839.50200000	4820.98400000	4866.99000000	4810.87600000	4855.82200000	4825.68600000	4870.07200000	4802.73040000	4847.99960000
2830367892.97658873	4787.62400000	4834.23600000	4807.87400000	4849.03600000	4799.04400000	4856.03200000	4798.66000000	4842.62600000	4823.27400000	4869.81200000	4803.29520000	4850.34840000
2831371237.45819378	4761.58400000	4801.54800000	4800.58000000	4846.87800000	4813.18400000	4857.30600000	4802.33200000	4852.20400000	4799.01800000	4849.38800000	4795.33960000	4841.46480000
2832374581.93979931	4783.98400000	4809.77800000	4811.44400000	4842.36600000	4834.99400000	4870.01400000	4816.96800000	4852.68600000	4845.60200000	4878.06000000	4818.59840000	4850.58080000
2833377926.42140484	4812.11200000	4837.09200000	4821.08000000	4850.57400000	4844.77800000	4874.12600000	4815.57600000	4839.44000000	4827.42000000	4857.43800000	4824.19320000	4851.73400000
2834381270.90300989	4792.54200000	4809.31400000	4848.61800000	4864.47800000	4822.50200000	4833.89400000	4823.92400000	4842.63200000	4836.95800000	4864.49800000	4824.90880000	4842.96320000
2835384615.38461542	4819.04200000	4826.62800000	4841.15000000	4850.48400000	4827.52000000	4835.57800000	4823.85600000	4838.52200000	4840.90000000	4855.07600000	4830.49360000	4841.25760000
2836387959.86622095	4827.78600000	4836.67800000	4814.15200000	4823.76200000	4872.16400000	4882.23600000	4830.56000000	4835.39000000	4824.91400000	4833.48200000	4833.91520000	4842.30960000
2837391304.34782600	4813.47800000	4819.01400000	4858.82000000	4863.41200000	4847.93600000	4858.77400000	4843.70600000	4844.22800000	4829.64000000	4831.55800000	4838.71600000	4843.39720000
2838394648.82943153	4827.80800000	4832.30000000	4862.46800000	4864.07800000	4878.18200000	4884.43200000	4840.03000000	4849.88600000	4851.70600000	4858.36000000	4852.03880000	4857.81120000
2839397993.31103659	4823.88600000	4818.49600000	4847.32000000	4850.79600000	4858.34800000	4853.56400000	4848.81600000	4847.05600000	4844.25400000	4846.64600000	4844.52480000	4843.31160000
2840401337.79264212	4809.04000000	4808.28200000	4836.95600000	4833.92000000	4867.87400000	4865.68200000	4861.37600000	4862.18200000	4873.47000000	4874.44000000	4849.74320000	4848.90120000
2841404682.27424765	4819.32000000	4821.97600000	4860.19600000	4865.63200000	4838.89200000	4837.69800000	4846.61200000	4837.59800000	4840.12600000	4841.03400000	4841.02920000	4840.78760000
2842408026.75585270	4831.17000000	4828.89200000	4858.78400000	4851.71400000	4869.00800000	4866.19400000	4856.04800000	4857.87400000	4833.17600000	4829.57800000	4849.63720000	4846.85040000
2843411371.23745823	4836.01800000	4833.67800000	4843.80400000	4841.25000000	4887.26200000	4882.97200000	4841.53000000	4837.01000000	4831.83000000	4833.98800000	4848.08880000	4845.77960000
2844414715.71906376	4834.48800000	4829.13000000	4856.58000000	4851.83200000	4844.03200000	4835.60600000	4846.54600000	4845.55600000	4844.73000000	4844.28600000	4845.27520000	4841.28200000
2845418060.20066881	4809.81000000	4810.91400000	4855.69600000	4855.56200000	4825.46600000	4827.42600000	4864.22800000	4852.71800000	4858.61800000	4845.97800000	4842.76360000	4838.51960000
2846421404.68227434	4814.52200000	4811.24400000	4857.86000000	4849.10000000	4840.51400000	4840.95600000	4849.30400000	4842.47400000	4869.87400000	4864.76400000	4846.41480000	4841.70760000
2847424749.16387939	4838.97200000	4837.09800000	4851.11200000	4848.67200000	4885.25000000	4879.14200000	4845.82800000	4839.13400000	4859.22200000	4851.03400000	4856.07680000	4851.01600000
2848428093.64548492	4820.19800000	4824.08600000	4853.32200000	4852.22600000	4854.44400000	4845.14000000	4834.76400000	4832.87000000	4859.83000000	4854.52600000	4844.51160000	4841.76960000
2849431438.12709045	4824.79800000	4819.26400000	4857.38400000	4857.04000000	4837.92400000	4833.25400000	4848.33200000	4846.81200000	4845.54800000	4837.19600000	4842.79720000	4838.71320000
2850434782.60869551	4840.92400000	4828.66400000	4879.48600000	4875.43200000	4859.29800000	4852.35400000	4860.48000000	4851.77400000	4842.53400000	4841.73400000	4856.54440000	4849.99160000
2851438127.09030104	4817.61000000	4811.25200000	4873.20600000	4861.33200000	4851.66600000	4845.06400000	4865.68000000	4855.13200000	4846.78000000	4846.17600000	4850.98840000	4843.79120000
2852441471.57190657	4830.15200000	4824.37400000	4866.86800000	4861.21000000	4849.66600000	4843.14600000	4842.54000000	4842.71800000	4840.11600000	4837.25000000	4845.86840000	4841.73960000
2853444816.05351162	4819.99000000	4816.09800000	4857.72200000	4852.55600000	4833.53000000	4832.87200000	4846.86600000	4844.83000000	4852.71600000	4846.06200000	4842.16480000	4838.48360000
2854448160.53511715	4837.64200000	4838.90400000	4849.89400000	4849.61600000	4838.05200000	4837.95800000	4843.86200000	4845.97600000	4854.52800000	4851.06200000	4844.79560000	4844.70320000
2855451505.01672220	4816.87000000	4815.34600000	4836.02400000	4833.91400000	4883.11600000	4875.28200000	4855.27600000	4846.93000000	4884.72600000	4882.05000000	4855.20240000	4850.70440000
2856454849.49832773	4836.52000000	4826.92200000	4875.38400000	4866.17200000	4850.63400000	4847.44800000	4840.84800000	4840.26800000	4837.78200000	4830.27000000	4848.23360000	4842.21600000
2857458193.97993326	4839.74000000	4828.71000000	4849.23800000	4847.83600000	4843.16000000	4844.78600000	4857.99200000	4851.60400000	4855.92000000	4851.00600000	4849.21000000	4844.78840000
2858461538.46153831	4808.76000000	4798.44200000	4849.41200000	4839.46200000	4866.02800000	4869.07200000	4853.65200000	4846.61000000	4856.34000000	4854.17400000	4846.83840000	4841.55200000
2859464882.94314384	4841.16800000	4835.90200000	4848.05400000	4845.21400000	4883.39000000	4882.65400000	4848.61400000	4846.58000000	4830.07600000	4822.57200000	4850.26040000	4846.58440000
2860468227.42474937	4806.55400000	4806.84200000	4852.65400000	4847.47200000	4870.71000000	4869.29600000	4865.01200000	4863.92000000	4885.56600000	4881.77000000	4856.09920000	4853.86000000
2861471571.90635443	4819.38200000	4815.17400000	4864.26600000	4860.96800000	4835.60800000	4831.75400000	4849.61400000	4845.44400000	4859.84400000	4850.54400000	4845.74280000	4840.77680000
2862474916.38795996	4830.48600000	4828.97600000	4864.01200000	4861.38600000	4863.92200000	4855.72400000	4862.91000000	4861.79600000	4841.86800000	4841.87200000	4852.63960000	4849.95080000
2863478260.86956501	4844.94800000	4835.66200000	4849.41400000	4847.01200000	4885.24000000	4878.89400000	4839.11200000	4833.70600000	4863.72200000	4859.78600000	4856.48720000	4851.01200000
2864481605.35117054	4826.24200000	4825.36000000	4866.63400000	4865.57200000	4882.70600000	4876.96000000	4850.22400000	4845.61400000	4867.53800000	4863.39600000	4858.66880000	4855.38040000
2865484949.83277607	4816.12800000	4807.07200000	4864.32000000	4861.39800000	4832.84200000	4830.22400000	4858.55000000	4852.63400000	4855.75800000	4848.94600000	4845.51960000	4840.05480000
2866488294.31438112	4819.56800000	4816.56000000	4876.79000000	4867.25000000	4858.24200000	4848.26400000	4864.30200000	4857.22200000	4850.65800000	4842.42600000	4853.91200000	4846.34440000
2867491638.79598665	4811.65600000	4803.47000000	4838.03000000	4831.78200000	4874.59400000	4872.72200000	4851.26200000	4844.72400000	4860.95800000	4852.77600000	4847.30000000	4841.09480000
2868494983.27759218	4831.17800000	4825.16000000	4861.57400000	4861.23400000	4848.87600000	4843.04000000	4851.89000000	4840.26200000	4856.87800000	4846.77400000	4850.07920000	4843.29400000
2869498327.75919724	4812.25400000	4804.00200000	4843.78000000	4840.07000000	4866.92000000	4860.22200000	4852.93600000	4849.73800000	4855.34400000	4850.17400000	4846.24680000	4840.84120000
2870501672.24080276	4837.95600000	4826.19200000	4864.55600000	4857.72200000	4874.88600000	4860.58600000	4866.97400000	4849.18400000	4840.51400000	4834.32800000	4856.97720000	4845.60240000
2871505016.72240782	4801.84400000	4802.81000000	4831.84400000	4831.03000000	4882.15400000	4873.98000000	4872.94800000	4868.83000000	4877.41800000	4870.44800000	4853.24160000	4849.41960000
2872508361.20401335	4838.55400000	4833.12400000	4857.80200000	4857.22800000	4860.41000000	4855.78400000	4843.48800000	4839.31200000	4874.02600000	4862.80000000	4854.85600000	4849.64960000
2873511705.68561888	4820.20800000	4818.92600000	4865.00600000	4855.98000000	4846.72600000	4840.10200000	4849.48400000	4837.61400000	4869.18000000	4861.69400000	4850.12080000	4842.86320000
2874515050.16722393	4819.99800000	4808.70200000	4868.18000000	4864.02200000	4842.41400000	4833.98600000	4844.93800000	4840.01800000	4847.40400000	4844.82600000	4844.58680000	4838.31080000
2875518394.64882946	4833.57800000	4829.01000000	4889.63400000	4881.61200000	4871.14600000	4858.35800000	4890.34000000	4883.51000000	4839.78400000	4836.88000000	4864.89640000	4857.87400000
2876521739.13043499	4835.24600000	4823.41200000	4862.93600000	4848.82200000	4839.03600000	4836.79400000	4837.53800000	4832.63200000	4841.88400000	4833.83600000	4843.32800000	4835.09920000
2877525083.61204004	4817.62200000	4812.19200000	4849.68400000	4844.58600000	4868.22600000	4867.79200000	4864.34000000	4857.45400000	4887.69400000	4886.29600000	4857.51320000	4853.66400000
2878528428.09364557	4836.74800000	4835.56200000	4855.15400000	4855.49600000	4865.70400000	4857.86800000	4858.74800000	4847.11200000	4873.60600000	4866.90400000	4857.99200000	4852.58840000
2879531772.57525063	4830.57400000	4821.67200000	4861.96400000	4855.15000000	4856.84200000	4847.26600000	4855.84800000	4849.41000000	4862.50600000	4861.89600000	4853.54680000	4847.07880000
2880535117.05685616	4808.53800000	4803.22600000	4834.21600000	4832.48000000	4870.67400000	4865.88000000	4850.67800000	4841.08800000	4858.36400000	4861.03600000	4844.49400000	4840.74200000
2881538461.53846169	4818.29800000	4811.04800000	4843.68000000	4838.05400000	4878.48400000	4876.30800000	4860.49400000	4846.32600000	4882.63400000	4876.14000000	4856.71800000	4849.57520000
2882541806.02006674	4839.27600000	4837.53400000	4888.28000000	4879.28400000	4861.75400000	4857.26000000	4894.68400000	4880.73600000	4843.13000000	4842.61000000	4865.42480000	4859.48480000
2883545150.50167227	4806.75400000	4803.10400000	4838.34600000	4833.18600000	4877.33000000	4873.72600000	4848.28200000	4843.83200000	4860.03000000	4852.63000000	4846.14840000	4841.29560000
2884548494.98327780	4819.84600000	4817.47000000	4852.93600000	4851.88400000	4822.11000000	4822.40000000	4864.75400000	4858.50400000	4849.74800000	4847.64400000	4841.87880000	4839.58040000
2885551839.46488285	4813.40400000	4807.65400000	4846.91400000	4845.99400000	4873.68400000	4869.58200000	4863.73000000	4856.25200000	4886.24600000	4879.55800000	4856.79560000	4851.80800000
2886555183.94648838	4841.00000000	4830.24400000	4888.45000000	4880.28400000	4862.26400000	4852.88000000	4886.68200000	4883.00400000	4840.52200000	4834.27600000	4863.78360000	4856.13760000
2887558528.42809343	4818.00200000	4816.10800000	4866.90400000	4860.46600000	4844.84200000	4839.23600000	4867.68800000	4857.46600000	4860.37000000	4857.25200000	4851.56120000	4846.10560000
2888561872.90969896	4819.12800000	4810.77600000	4840.11000000	4832.92800000	4873.61600000	4876.45800000	4856.72200000	4855.68600000	4886.87800000	4889.98400000	4855.29080000	4853.16640000
2889565217.39130449	4814.25800000	4810.82400000	4863.50400000	4851.06600000	4844.24800000	4841.26600000	4835.26600000	4828.04800000	4837.82400000	4831.76800000	4839.02000000	4832.59440000
2890568561.87290955	4803.74000000	4803.57000000	4852.75000000	4846.65000000	4868.58000000	4866.54000000	4860.60000000	4856.57200000	4853.08200000	4845.58400000	4847.75040000	4843.78320000
2891571906.35451508	4836.92800000	4829.40200000	4855.91400000	4856.11400000	4894.24800000	4886.56000000	4839.54400000	4839.26800000	4864.74600000	4853.34000000	4858.27600000	4852.93680000
2892575250.83612061	4833.56400000	4827.61800000	4864.36200000	4861.36000000	4843.68800000	4838.00200000	4851.98200000	4845.96000000	4857.91400000	4858.89000000	4850.30200000	4846.36600000
2893578595.31772566	4823.91800000	4824.84600000	4868.92200000	4863.64800000	4885.82200000	4874.27000000	4851.23400000	4842.54200000	4862.10800000	4850.99800000	4858.40080000	4851.26080000
2894581939.79933119	4836.98200000	4829.46800000	4889.92200000	4879.09000000	4861.15000000	4856.48000000	4883.72000000	4876.84600000	4841.75600000	4841.06400000	4862.70600000	4856.58960000
2895585284.28093624	4820.44000000	4813.21400000	4838.49200000	4828.97200000	4883.97800000	4877.54400000	4875.90200000	4875.08800000	4873.92000000	4867.35800000	4858.54640000	4852.43520000
2896588628.76254177	4833.44600000	4827.26000000	4872.51000000	4858.72400000	4858.04600000	4847.53800000	4860.11800000	4855.69600000	4852.17200000	4846.00000000	4855.25840000	4847.04360000
2897591973.24414730	4815.90600000	4810.98200000	4863.91400000	4864.96000000	4835.13800000	4826.71400000	4857.14600000	4855.44600000	4871.57600000	4864.40800000	4848.73600000	4844.50200000
2898595317.72575235	4837.35800000	4834.58400000	4850.49000000	4839.51800000	4883.63800000	4877.74000000	4844.17200000	4841.09000000	4847.27800000	4844.00800000	4852.58720000	4847.38800000
2899598662.20735788	4824.06000000	4824.28000000	4876.15600000	4872.49000000	4849.52000000	4841.65800000	4857.05400000	4846.96000000	4838.54800000	4835.33800000	4849.06760000	4844.14520000
2900602006.68896341	4832.60400000	4834.21200000	4862.88000000	4856.35200000	4874.14800000	4871.50200000	4862.00800000	4861.27200000	4838.91400000	4843.27200000	4854.11080000	4853.32200000
2901605351.17056847	4814.70400000	4810.75600000	4855.72600000	4852.77400000	4840.15000000	4831.79800000	4862.13800000	4854.02000000	4861.61400000	4851.96400000	4846.86640000	4840.26240000
2902608695.65217400	4831.16800000	4825.29600000	4874.46200000	4870.88800000	4843.72800000	4837.35800000	4846.60400000	4839.52400000	4847.29800000	4848.17800000	4848.65200000	4844.24880000
2903612040.13377905	4833.13200000	4827.34600000	4857.96000000	4855.14800000	4852.10600000	4846.31600000	4851.99000000	4844.06800000	4862.45000000	4857.42000000	4851.52760000	4846.05960000
2904615384.61538458	4833.60400000	4830.83400000	4866.68400000	4858.54600000	4846.03200000	4837.53600000	4845.50200000	4839.08000000	4859.62400000	4850.33400000	4850.28920000	4843.26600000
2905618729.09699011	4824.67200000	4815.50400000	4862.84600000	4858.54400000	4851.20800000	4843.09000000	4848.26000000	4852.67200000	4873.69000000	4868.95800000	4852.13520000	4847.75360000
2906622073.57859516	4811.61200000	4808.90600000	4863.21000000	4856.01400000	4849.45600000	4844.15600000	4851.25000000	4851.48600000	4865.61600000	4860.69200000	4848.22880000	4844.25080000
2907625418.06020069	4841.35800000	4831.91600000	4853.36200000	4848.29800000	4845.89600000	4843.61800000	4857.96000000	4849.00800000	4857.04200000	4854.45200000	4851.12360000	4845.45840000
2908628762.54180622	4819.18000000	4816.65800000	4852.35200000	4841.79400000	4873.83800000	4868.62000000	4844.73200000	4845.28000000	4840.49400000	4835.52600000	4846.11920000	4841.57560000
2909632107.02341127	4830.69400000	4831.10800000	4870.45200000	4862.89800000	4861.62600000	4856.12400000	4851.37400000	4846.25600000	4876.47400000	4864.34000000	4858.12400000	4852.14520000
2910635451.50501680	4834.45800000	4829.85200000	4868.88000000	4860.89600000	4860.29800000	4848.99800000	4871.27200000	4861.38600000	4841.88000000	4842.24400000	4855.35760000	4848.67520000
2911638795.98662186	4817.06600000	4816.33600000	4876.12200000	4869.27800000	4851.80800000	4846.16200000	4856.14400000	4853.24400000	4866.89800000	4852.65800000	4853.60760000	4847.53560000
2912642140.46822739	4830.21000000	4829.30200000	4853.75400000	4847.86800000	4862.47800000	4864.23200000	4846.54000000	4847.10600000	4850.06400000	4847.04800000	4848.60920000	4847.11120000
2913645484.94983292	4832.68800000	4829.94400000	4861.47400000	4858.10000000	4884.55800000	4878.08400000	4855.03600000	4849.80600000	4869.56600000	4857.95000000	4860.66440000	4854.77680000
2914648829.43143797	4819.74000000	4813.99800000	4863.08800000	4857.80200000	4848.67200000	4846.44400000	4842.97000000	4840.82600000	4843.81200000	4835.71000000	4843.65640000	4838.95600000
2915652173.91304350	4826.97400000	4819.72600000	4857.14600000	4854.39400000	4845.93600000	4845.93600000	4834.15600000	4831.81200000	4843.72400000	4844.72600000	4841.58720000	4839.31880000
2916655518.39464903	4822.13000000	4817.29800000	4870.67000000	4867.39400000	4879.82800000	4875.71600000	4853.99400000	4850.72000000	4876.59800000	4869.08000000	4860.64400000	4856.04160000
2917658862.87625408	4828.52800000	4827.27600000	4862.00000000	4859.18200000	4850.35000000	4840.81800000	4848.65000000	4845.15600000	4856.60000000	4862.04000000	4849.22560000	4846.89440000
2918662207.35785961	4806.31600000	4793.57200000	4842.95600000	4845.79000000	4863.15400000	4860.40000000	4845.27000000	4840.74600000	4849.78000000	4845.47000000	4841.49520000	4837.19560000
2919665551.83946514	4834.60600000	4832.48000000	4840.82000000	4841.25400000	4879.62600000	4881.66400000	4836.64600000	4839.53200000	4841.51800000	4837.99400000	4846.64320000	4846.58480000
2920668896.32107019	4820.28600000	4823.58400000	4860.69000000	4866.00400000	4828.56800000	4833.08000000	4835.69200000	4837.12200000	4833.47800000	4841.99800000	4835.74280000	4840.35760000
2921672240.80267572	4822.09200000	4831.71200000	4856.21400000	4862.10400000	4835.01000000	4850.32600000	4851.87200000	4859.86000000	4825.92400000	4836.57600000	4838.22240000	4848.11560000
2922675585.28428078	4835.01200000	4832.26200000	4860.96000000	4865.97200000	4854.86400000	4863.19600000	4850.91600000	4860.58000000	4830.24400000	4836.61000000	4846.39920000	4851.72400000
2923678929.76588631	4804.61400000	4813.01000000	4849.08400000	4864.99400000	4836.61200000	4849.67200000	4846.71800000	4857.70200000	4835.93200000	4850.91000000	4834.59200000	4847.25760000
2924682274.24749184	4803.79600000	4817.25200000	4846.25400000	4867.43200000	4819.21000000	4834.19400000	4822.32200000	4842.99200000	4820.62400000	4848.00200000	4822.44120000	4841.97440000
2925685618.72909689	4805.86400000	4839.26400000	4812.79600000	4845.87000000	4849.51400000	4880.72200000	4806.91400000	4838.66800000	4788.60200000	4820.02600000	4812.73800000	4844.91000000
2926688963.21070242	4782.56000000	4819.68200000	4824.37000000	4857.68400000	4795.25600000	4832.51800000	4803.31200000	4845.28200000	4798.58800000	4838.23200000	4800.81720000	4838.67960000
2927692307.69230747	4789.08600000	4830.82600000	4821.15000000	4866.24600000	4800.12800000	4836.76600000	4812.24200000	4852.51400000	4785.95400000	4831.98800000	4801.71200000	4843.66800000
2928695652.17391300	4790.35200000	4834.94000000	4811.72800000	4850.25200000	4835.62600000	4877.33400000	4807.41400000	4852.89000000	4793.18200000	4837.01400000	4807.66040000	4850.48600000
2929698996.65551853	4778.03800000	4808.20200000	4813.52200000	4848.58200000	4802.80200000	4846.78600000	4806.40600000	4846.14400000	4827.98400000	4866.44000000	4805.75040000	4843.23080000
2930702341.13712358	4795.91000000	4830.52400000	4818.84000000	4854.06400000	4844.35400000	4886.64600000	4802.46800000	4840.50000000	4818.89200000	4861.29200000	4816.09280000	4854.60520000
2931705685.61872911	4780.72200000	4807.61400000	4831.20000000	4860.26800000	4792.95200000	4825.01200000	4819.74600000	4850.41400000	4812.90800000	4844.42400000	4807.50560000	4837.54640000
2932709030.10033464	4818.74200000	4845.03600000	4830.29000000	4850.12600000	4853.27800000	4876.35400000	4825.02600000	4841.88800000	4805.54800000	4826.23800000	4826.57680000	4847.92840000
2933712374.58193970	4804.80200000	4822.53800000	4830.34000000	4852.18800000	4839.28800000	4859.66000000	4820.71200000	4846.28200000	4823.32400000	4843.32200000	4823.69320000	4844.79800000
2934715719.06354523	4825.60600000	4839.22800000	4824.65600000	4842.98200000	4872.52400000	4888.97000000	4838.86600000	4841.79400000	4824.92800000	4842.35600000	4837.31600000	4851.06600000
2935719063.54515076	4800.18000000	4809.68800000	4841.93200000	4860.68600000	4816.79200000	4825.95000000	4840.96400000	4855.04400000	4832.83000000	4846.50400000	4826.53960000	4839.57440000
2936722408.02675581	4825.75400000	4835.98000000	4849.36200000	4860.09000000	4836.41200000	4846.98200000	4835.60600000	4850.33600000	4847.32600000	4858.24800000	4838.89200000	4850.32720000
2937725752.50836134	4799.10200000	4811.28200000	4856.70400000	4866.92400000	4824.27200000	4832.40400000	4831.51400000	4844.05400000	4841.01400000	4849.61200000	4830.52120000	4840.85520000
2938729096.98996639	4815.32600000	4821.55200000	4851.08000000	4869.17800000	4848.60800000	4862.65000000	4829.43400000	4849.33000000	4847.62800000	4860.24800000	4838.41520000	4852.59160000
2939732441.47157192	4804.09800000	4833.19200000	4826.00000000	4855.13400000	4833.33000000	4852.36400000	4831.00800000	4854.93200000	4822.48600000	4848.80200000	4823.38440000	4848.88480000
2940735785.95317745	4782.78800000	4813.04800000	4844.00200000	4864.83200000	4812.97400000	4839.98600000	4827.61400000	4854.13800000	4817.18800000	4841.62800000	4816.91320000	4842.72640000
2941739130.43478251	4806.43000000	4826.77400000	4834.70000000	4857.30000000	4826.59000000	4857.00800000	4827.42600000	4858.68400000	4824.05400000	4845.38000000	4823.84000000	4849.02920000
2942742474.91638803	4804.60400000	4830.81800000	4853.45400000	4885.09000000	4828.84200000	4860.08000000	4857.70400000	4893.12800000	4813.91000000	4842.93800000	4831.70280000	4862.41080000
2943745819.39799309	4813.57400000	4841.48200000	4800.32000000	4835.55400000	4852.47200000	4882.12200000	4812.82000000	4843.62400000	4814.94800000	4840.25600000	4818.82680000	4848.60760000
2944749163.87959862	4800.12200000	4823.84400000	4829.21800000	4853.20400000	4828.58600000	4859.38600000	4822.54400000	4849.92600000	4816.94800000	4853.61800000	4819.48360000	4847.99560000
2945752508.36120415	4795.91400000	4812.02600000	4833.92400000	4848.25400000	4851.10200000	4870.12800000	4830.41000000	4851.30000000	4821.00800000	4840.78200000	4826.47160000	4844.49800000
2946755852.84280920	4825.18200000	4839.78000000	4831.82800000	4846.22200000	4868.18000000	4877.15000000	4830.33000000	4836.95400000	4814.03600000	4828.68400000	4833.91120000	4845.75800000
2947759197.32441473	4799.28600000	4811.14800000	4848.08800000	4860.79000000	4818.12600000	4836.06200000	4849.25800000	4861.71800000	4855.42800000	4863.79400000	4834.03720000	4846.70240000
2948762541.80602026	4814.12400000	4818.11800000	4852.42400000	4853.97400000	4834.51400000	4843.50000000	4847.03200000	4855.75600000	4860.93200000	4867.20000000	4841.80520000	4847.70960000
2949765886.28762531	4831.00600000	4832.19800000	4868.62600000	4864.26800000	4842.11400000	4849.90600000	4846.67000000	4846.57200000	4850.85600000	4851.49800000	4847.85440000	4848.88840000
2950769230.76923084	4812.22400000	4808.64200000	4858.10000000	4857.96000000	4823.86600000	4822.41400000	4857.29000000	4861.51200000	4838.27200000	4844.91200000	4837.95040000	4839.08800000
2951772575.25083637	4813.25400000	4808.91600000	4820.94400000	4831.03200000	4869.11200000	4869.27800000	4847.72400000	4854.12400000	4863.40000000	4868.22600000	4842.88680000	4846.31520000
2952775919.73244143	4808.65400000	4808.55600000	4841.21800000	4850.40000000	4872.38600000	4872.71800000	4856.91800000	4855.69600000	4882.44600000	4878.78600000	4852.32440000	4853.23120000
2953779264.21404696	4821.57000000	4827.96800000	4862.30400000	4867.46200000	4865.44800000	4863.36200000	4866.37600000	4865.60600000	4832.33200000	4829.66600000	4849.60600000	4850.81280000
2954782608.69565201	4834.99800000	4840.08600000	4852.42400000	4855.28200000	4840.74000000	4848.42200000	4843.83800000	4846.82800000	4844.50200000	4857.93000000	4843.30040000	4849.70960000
2955785953.17725754	4827.72200000	4837.45000000	4846.28000000	4855.66600000	4865.21200000	4867.17400000	4843.78400000	4852.94200000	4824.29600000	4829.30000000	4841.45880000	4848.50640000
2956789297.65886307	4818.22000000	4836.03800000	4852.74400000	4858.44000000	4825.39400000	4835.47200000	4830.62600000	4845.20600000	4844.09000000	4852.53800000	4834.21480000	4845.53880000
2957792642.14046812	4817.41200000	4833.97000000	4838.41000000	4852.47000000	4874.57000000	4887.39800000	4819.29200000	4839.11200000	4852.51000000	4870.31400000	4840.43880000	4856.65280000
2958795986.62207365	4799.84400000	4826.93200000	4839.79400000	4872.02400000	4802.43400000	4829.05400000	4807.22000000	4843.62600000	4812.62800000	4839.69000000	4812.38400000	4842.26520000
2959799331.10367870	4778.27400000	4814.82200000	4836.93200000	4867.49800000	4809.62200000	4846.24200000	4814.08400000	4845.76000000	4823.27200000	4852.14800000	4812.43680000	4845.29400000
2960802675.58528423	4783.27400000	4821.12800000	4821.05400000	4850.52400000	4811.53200000	4846.44400000	4809.27600000	4840.75400000	4822.72600000	4862.31800000	4809.57240000	4844.23360000
2961806020.06688976	4762.45600000	4803.23800000	4814.45200000	4855.12000000	4779.19600000	4819.56200000	4814.54600000	4852.26000000	4806.88400000	4846.26800000	4795.50680000	4835.28960000
2962809364.54849482	4796.48600000	4818.65800000	4825.17400000	4857.45400000	4843.15200000	4884.88600000	4811.94600000	4847.33800000	4831.29400000	4863.80600000	4821.61040000	4854.42840000
2963812709.03010035	4800.15000000	4835.95200000	4816.68400000	4848.85000000	4812.41400000	4842.86000000	4808.74200000	4844.93200000	4822.34400000	4861.60400000	4812.06680000	4846.83960000
2964816053.51170588	4798.06800000	4823.83600000	4833.71000000	4857.70600000	4819.82000000	4844.92200000	4829.77200000	4853.95800000	4836.47000000	4857.32400000	4823.56800000	4847.54920000
2965819397.99331093	4815.81800000	4824.99200000	4848.56000000	4862.56000000	4833.52200000	4846.83200000	4835.52400000	4847.70400000	4820.30600000	4829.05600000	4830.74600000	4842.22880000
2966822742.47491646	4828.06000000	4839.66600000	4835.32600000	4846.02600000	4868.02200000	4878.41200000	4828.16400000	4845.67200000	4846.39000000	4865.04800000	4841.19240000	4854.96480000
2967826086.95652199	4807.01400000	4815.32200000	4848.92000000	4860.90800000	4816.34600000	4824.86800000	4843.37600000	4851.67000000	4838.08400000	4843.65800000	4830.74800000	4839.28520000
2968829431.43812704	4823.48800000	4833.78600000	4851.87800000	4854.22600000	4855.76000000	4864.16400000	4838.12600000	4844.75200000	4826.90400000	4834.90600000	4839.23120000	4846.36680000
2969832775.91973257	4827.62600000	4836.97200000	4843.66600000	4850.36000000	4871.17200000	4881.89200000	4824.97000000	4837.38200000	4858.65400000	4866.64200000	4845.21760000	4854.64960000
2970836120.40133762	4819.09600000	4826.69000000	4841.83600000	4849.16000000	4845.93600000	4858.93400000	4842.20800000	4844.60600000	4834.43000000	4842.27800000	4836.70120000	4844.33360000
2971839464.88294315	4819.59800000	4838.32200000	4837.57800000	4851.42400000	4868.71000000	4882.00200000	4821.89200000	4840.04400000	4852.12400000	4865.26200000	4839.98040000	4855.41080000
2972842809.36454868	4787.04000000	4812.85800000	4824.76200000	4852.35800000	4793.14400000	4818.47200000	4830.04800000	4852.56400000	4822.30600000	4845.25400000	4811.46000000	4836.30120000
2973846153.84615374	4810.14400000	4827.46000000	4815.82400000	4843.75000000	4863.76200000	4885.75400000	4813.78400000	4840.85400000	4809.62200000	4833.20200000	4822.62720000	4846.20400000
2974849498.32775927	4792.71000000	4823.14800000	4831.10000000	4853.49400000	4809.16800000	4838.13200000	4816.32200000	4837.89800000	4823.13600000	4846.93200000	4814.48720000	4839.92080000
2975852842.80936432	4810.38000000	4831.02400000	4832.41400000	4860.91600000	4822.97000000	4848.86400000	4821.31400000	4848.49400000	4835.63800000	4862.16200000	4824.54320000	4850.29200000
2976856187.29096985	4817.26600000	4837.84400000	4842.15600000	4858.75600000	4863.27200000	4886.89000000	4813.80400000	4836.06800000	4834.35000000	4854.74400000	4834.16960000	4854.86040000
2977859531.77257538	4810.35000000	4827.94400000	4835.86200000	4856.48400000	4858.39800000	4882.05600000	4809.92800000	4834.27600000	4841.03000000	4862.11000000	4831.11360000	4852.57400000
2978862876.25418043	4823.78800000	4829.03000000	4830.99600000	4849.74400000	4856.78400000	4863.86200000	4816.66200000	4833.03800000	4842.99000000	4850.39000000	4834.24400000	4845.21280000
2979866220.73578596	4825.34000000	4837.22600000	4857.12800000	4864.39000000	4874.86200000	4886.21200000	4836.11400000	4844.79800000	4845.62800000	4853.79400000	4847.81440000	4857.28400000
2980869565.21739149	4830.70400000	4835.64600000	4862.77200000	4853.79800000	4841.29400000	4847.89600000	4837.63000000	4840.17600000	4855.11200000	4858.11600000	4845.50240000	4847.12640000
2981872909.69899654	4839.28200000	4838.17800000	4839.55400000	4845.39200000	4882.29800000	4875.45600000	4840.09800000	4841.71000000	4844.32800000	4833.43800000	4849.11200000	4846.83480000
2982876254.18060207	4819.26200000	4820.88000000	4866.61600000	4868.32800000	4871.71000000	4874.17200000	4852.32400000	4851.04800000	4864.85400000	4865.81600000	4854.95320000	4856.04880000
2983879598.66220760	4807.96000000	4804.07800000	4864.98400000	4869.02800000	4837.34800000	4837.51400000	4844.01200000	4841.58800000	4852.77000000	4850.37800000	4841.41480000	4840.51720000
2984882943.14381266	4841.22800000	4842.78400000	4837.66800000	4839.33600000	4883.10600000	4880.69200000	4836.48400000	4832.52400000	4846.03000000	4837.03200000	4848.90320000	4846.47360000
2985886287.62541819	4818.69000000	4814.73000000	4867.57800000	4858.99800000	4844.83400000	4843.40800000	4863.42400000	4856.96600000	4867.77600000	4868.12200000	4852.46040000	4848.44480000
2986889632.10702324	4832.66200000	4832.25000000	4856.33600000	4855.24000000	4863.75800000	4853.99400000	4857.96600000	4849.60800000	4854.47000000	4848.37400000	4853.03840000	4847.89320000
2987892976.58862877	4831.99000000	4830.84600000	4859.02600000	4856.22600000	4864.88800000	4859.50200000	4856.97000000	4850.64800000	4849.25200000	4850.71800000	4852.42520000	4849.58800000
2988896321.07023430	4842.38800000	4842.80800000	4853.33400000	4850.96800000	4890.10800000	4880.85800000	4842.61400000	4841.03200000	4864.21200000	4856.26600000	4858.53120000	4854.38640000
2989899665.55183935	4814.12200000	4804.64400000	4867.42000000	4864.47200000	4850.97200000	4851.65600000	4863.02800000	4857.83800000	4856.38600000	4850.11800000	4850.38560000	4845.74560000
2990903010.03344488	4833.79800000	4834.80000000	4858.94000000	4855.30200000	4871.58800000	4877.21600000	4861.79000000	4859.09800000	4841.42400000	4835.45800000	4853.50800000	4852.37480000
2991906354.51504993	4829.62200000	4820.60000000	4855.81200000	4844.01600000	4854.25800000	4851.12600000	4847.11600000	4839.20000000	4864.95200000	4857.99800000	4850.35200000	4842.58800000
2992909698.99665546	4840.55600000	4831.92200000	4841.98200000	4832.53600000	4893.72200000	4882.81600000	4847.08200000	4844.54400000	4846.13000000	4842.01000000	4853.89440000	4846.76560000
2993913043.47826099	4844.13000000	4837.26600000	4869.05000000	4867.14600000	4854.92800000	4855.54800000	4865.08600000	4864.50000000	4851.42200000	4848.31400000	4856.92320000	4854.55480000
2994916387.95986605	4834.81000000	4828.77400000	4868.26000000	4859.73200000	4872.65800000	4867.76800000	4852.07800000	4845.93800000	4848.31000000	4838.73400000	4855.22320000	4848.18920000
2995919732.44147158	4813.98400000	4815.10800000	4870.46400000	4861.54000000	4844.20400000	4842.64400000	4863.06600000	4855.39600000	4854.83400000	4846.94400000	4849.31040000	4844.32640000
2996923076.92307711	4831.96000000	4821.19400000	4865.70400000	4866.09200000	4833.68200000	4827.48200000	4853.22400000	4848.73400000	4857.55400000	4849.09600000	4848.42480000	4842.51960000
2997926421.40468216	4823.89600000	4815.77400000	4856.20200000	4848.76800000	4847.89400000	4839.65200000	4852.70600000	4842.73200000	4864.34000000	4858.17800000	4849.00760000	4841.02080000
2998929765.88628769	4816.91400000	4810.21200000	4859.09800000	4854.27000000	4865.58200000	4863.23200000	4857.49000000	4854.71400000	4850.20000000	4846.00600000	4849.85680000	4845.68680000
2999933110.36789322	4811.01400000	4807.27600000	4835.11400000	4836.16400000	4866.02600000	4869.65200000	4844.64400000	4837.52200000	4859.59400000	4856.49400000	4843.27840000	4841.42160000
3000936454.84949827	4816.17400000	4811.63800000	4835.62400000	4829.30200000	4868.92400000	4863.51200000	4862.48800000	4856.90800000	4875.95600000	4871.11600000	4851.83320000	4846.49520000
3001939799.33110380	4832.47000000	4824.87800000	4871.03600000	4861.71200000	4868.54400000	4861.05600000	4883.25800000	4877.75200000	4837.43800000	4835.06600000	4858.54920000	4852.09280000
3002943143.81270885	4840.06600000	4835.26200000	4863.24000000	4849.99400000	4889.94800000	4880.61200000	4846.79000000	4839.13800000	4866.17000000	4853.98200000	4861.24280000	4851.79760000
3003946488.29431438	4811.54000000	4808.43400000	4845.91200000	4847.79400000	4859.42600000	4859.09200000	4847.65800000	4845.20000000	4843.05600000	4838.97400000	4841.51840000	4839.89880000
3004949832.77591991	4809.31400000	4799.64200000	4838.86000000	4834.95200000	4876.50000000	4872.14400000	4872.90200000	4861.60200000	4881.40400000	4871.85400000	4855.79600000	4848.03880000
3005953177.25752497	4837.51400000	4829.85400000	4874.54600000	4869.38200000	4846.64600000	4848.68800000	4851.58400000	4840.49600000	4838.22400000	4836.77000000	4849.70280000	4845.03800000
3006956521.73913050	4836.86400000	4838.46200000	4855.11400000	4856.73800000	4890.54800000	4886.82000000	4840.50800000	4838.85000000	4867.76800000	4866.77000000	4858.16040000	4857.52800000
3007959866.22073555	4830.99000000	4817.13800000	4858.48400000	4849.32000000	4844.77400000	4839.74000000	4837.08000000	4828.71000000	4855.80200000	4849.12000000	4845.42600000	4836.80560000
3008963210.70234108	4831.04400000	4823.01800000	4871.69000000	4871.10600000	4870.72600000	4869.69600000	4894.31000000	4885.69800000	4842.88600000	4836.79000000	4862.13120000	4857.26160000
3009966555.18394661	4820.93600000	4807.98600000	4852.15800000	4841.89000000	4841.22200000	4837.73600000	4852.39600000	4849.96000000	4876.65600000	4871.12000000	4848.67360000	4841.73840000
3010969899.66555166	4834.09400000	4824.41800000	4874.84200000	4868.00000000	4846.65800000	4841.52200000	4848.31200000	4841.12600000	4847.17600000	4842.67800000	4850.21640000	4843.54880000
3011973244.14715719	4817.88600000	4814.76600000	4873.53000000	4863.91600000	4838.30400000	4837.32400000	4868.34200000	4855.76200000	4873.56800000	4862.66200000	4854.32600000	4846.88600000
3012976588.62876272	4837.47800000	4833.64000000	4872.58200000	4867.42600000	4850.65400000	4843.81600000	4859.15000000	4853.60600000	4838.46000000	4836.45400000	4851.66480000	4846.98840000
3013979933.11036777	4844.39800000	4839.63600000	4858.00200000	4855.61400000	4895.56200000	4883.54000000	4842.24400000	4833.72000000	4869.66800000	4852.15800000	4861.97480000	4852.93360000
3014983277.59197330	4816.01400000	4807.89200000	4852.37200000	4851.60000000	4874.83200000	4871.28200000	4856.82200000	4848.27200000	4880.36600000	4875.30000000	4856.08120000	4850.86920000
3015986622.07357883	4820.49000000	4814.30000000	4854.31200000	4850.94400000	4842.04800000	4843.86200000	4832.36600000	4828.63200000	4831.37600000	4827.81800000	4836.11840000	4833.11120000
3016989966.55518389	4833.62000000	4826.08200000	4881.18000000	4879.75200000	4863.97000000	4857.14600000	4885.23200000	4884.13600000	4840.68600000	4832.75200000	4860.93760000	4855.97360000
3017993311.03678942	4843.32400000	4834.86200000	4866.70400000	4859.53000000	4872.29200000	4866.22200000	4868.72600000	4854.06000000	4837.51800000	4834.01000000	4857.71280000	4849.73680000
3018996655.51839447	4818.83800000	4815.59400000	4876.67600000	4868.78400000	4849.17000000	4842.35600000	4862.93400000	4857.01400000	4850.99400000	4846.59600000	4851.72240000	4846.06880000
3020000000.00000000	4835.44200000	4830.16800000	4862.90600000	4863.57000000	4877.52000000	4868.63600000	4868.71600000	4862.80800000	4840.12800000	4835.36200000	4856.94240000	4852.10880000
