freq	PL_sig1	PL_ref1	PL_sig2	PL_ref2	PL_sig3	PL_ref3	PL_sig4	PL_ref4	PL_sig5	PL_ref5	avgPL_sig	avgPL_ref
2720000000.00000000	4809.68000000	4802.55400000	4776.02400000	4771.29800000	4822.70000000	4821.66600000	4825.84600000	4820.19600000	4773.70000000	4768.17400000	4801.59000000	4796.77760000
2721003344.48160553	4762.14400000	4760.77400000	4812.58400000	4799.37800000	4731.45200000	4729.20000000	4824.65200000	4819.56000000	4799.36000000	4786.20400000	4786.03840000	4779.02320000
2722006688.96321058	4736.01600000	4732.06400000	4785.46000000	4780.26800000	4765.48600000	4759.84200000	4834.81400000	4827.23200000	4744.64000000	4737.38000000	4773.28320000	4767.35720000
2723010033.44481611	4763.84800000	4761.02400000	4810.17600000	4806.21200000	4735.12000000	4734.88200000	4825.16200000	4819.42200000	4789.62200000	4787.96600000	4784.78560000	4781.90120000
2724013377.92642164	4778.23600000	4770.83600000	4767.01000000	4766.17600000	4858.63000000	4849.44800000	4748.41800000	4748.17600000	4766.26600000	4759.47000000	4783.71200000	4778.82120000
2725016722.40802670	4739.64800000	4732.60400000	4797.99400000	4786.61000000	4744.04800000	4737.25200000	4826.11400000	4825.49000000	4746.52000000	4738.21400000	4770.86480000	4764.03400000
2726020066.88963223	4759.51800000	4760.22600000	4784.60400000	4784.40800000	4832.71200000	4829.64600000	4770.72200000	4760.51200000	4760.42200000	4751.10000000	4781.59560000	4777.17840000
2727023411.37123728	4768.93200000	4763.70000000	4802.39200000	4797.79600000	4743.64800000	4731.99600000	4815.02400000	4812.13800000	4795.27200000	4787.44800000	4785.05360000	4778.61560000
2728026755.85284281	4784.53600000	4775.88400000	4798.30600000	4793.96000000	4758.81200000	4748.55600000	4817.99600000	4810.44800000	4801.41400000	4799.31200000	4792.21280000	4785.63200000
2729030100.33444834	4750.67000000	4745.16800000	4794.12400000	4787.41400000	4829.34600000	4829.03800000	4782.28200000	4776.63200000	4764.61000000	4757.58800000	4784.20640000	4779.16800000
2730033444.81605339	4766.70000000	4762.96600000	4804.27200000	4797.37600000	4742.25400000	4738.60400000	4815.43600000	4804.80600000	4791.28200000	4786.48200000	4783.98880000	4778.04680000
2731036789.29765892	4785.31200000	4781.44000000	4772.72000000	4770.88800000	4821.12600000	4809.30400000	4769.80000000	4763.71400000	4768.36000000	4764.57200000	4783.46360000	4777.98360000
2732040133.77926445	4746.80000000	4735.83200000	4803.34400000	4799.62400000	4830.79200000	4822.70800000	4784.21200000	4781.32600000	4767.37200000	4757.97800000	4786.50400000	4779.49360000
2733043478.26086950	4759.47200000	4756.97200000	4771.62600000	4762.71200000	4830.58200000	4821.91600000	4791.76000000	4783.91200000	4782.07000000	4775.17800000	4787.10200000	4780.13800000
2734046822.74247503	4805.03600000	4799.39400000	4777.68200000	4776.79600000	4815.17400000	4811.67600000	4823.94800000	4816.50800000	4769.11200000	4768.01400000	4798.19040000	4794.47760000
2735050167.22408009	4781.21000000	4776.77600000	4772.84600000	4771.47600000	4855.39400000	4847.41000000	4750.15200000	4742.98600000	4780.34400000	4766.11600000	4787.98920000	4780.95280000
2736053511.70568562	4760.40800000	4751.34600000	4786.13800000	4777.93400000	4822.93200000	4818.43200000	4772.99400000	4771.11400000	4758.05200000	4758.49000000	4780.10480000	4775.46320000
2737056856.18729115	4806.47600000	4804.39000000	4760.99600000	4756.85000000	4805.77800000	4800.39600000	4810.93400000	4801.15200000	4778.47400000	4776.77600000	4792.53160000	4787.91280000
2738060200.66889620	4744.51800000	4734.86600000	4785.51800000	4778.72000000	4756.84000000	4755.77400000	4847.38800000	4840.78800000	4739.63400000	4731.89200000	4774.77960000	4768.40800000
2739063545.15050173	4782.05400000	4771.98200000	4768.18800000	4763.79400000	4805.63000000	4805.89200000	4783.27400000	4775.30200000	4781.57200000	4781.03000000	4784.14360000	4779.60000000
2740066889.63210726	4744.48200000	4739.22400000	4782.25400000	4775.86800000	4785.62400000	4779.92600000	4829.18800000	4828.43400000	4751.90600000	4750.72000000	4778.69080000	4774.83440000
2741070234.11371231	4754.81000000	4748.71200000	4789.70400000	4783.06200000	4736.56400000	4727.75400000	4852.95800000	4843.16400000	4760.88800000	4754.24400000	4778.98480000	4771.38720000
2742073578.59531784	4754.78000000	4749.46600000	4791.41000000	4787.30800000	4840.00000000	4836.76800000	4788.51000000	4785.67800000	4761.70000000	4757.05800000	4787.28000000	4783.25560000
2743076923.07692289	4804.22800000	4797.71000000	4784.47600000	4782.32400000	4786.52600000	4781.88400000	4842.47200000	4841.57800000	4765.89800000	4760.95800000	4796.72000000	4792.89080000
2744080267.55852842	4774.62400000	4771.38400000	4793.20600000	4790.17000000	4775.96200000	4767.17800000	4822.49600000	4821.27600000	4769.16200000	4765.17000000	4787.09000000	4783.03560000
2745083612.04013395	4744.55200000	4739.03600000	4784.80800000	4779.71200000	4764.42200000	4760.68200000	4829.55400000	4822.33600000	4743.95000000	4737.90200000	4773.45720000	4767.93360000
2746086956.52173901	4830.83000000	4824.91000000	4785.47400000	4780.21800000	4821.26000000	4820.91800000	4837.93000000	4828.02000000	4765.39600000	4765.73800000	4808.17800000	4803.96080000
2747090301.00334454	4784.26200000	4778.42600000	4789.27600000	4786.58000000	4778.78200000	4773.88600000	4839.74200000	4834.84000000	4768.12000000	4760.11800000	4792.03640000	4786.77000000
2748093645.48495007	4810.06200000	4806.64200000	4779.91200000	4779.79400000	4810.72600000	4805.26600000	4838.60400000	4833.57200000	4756.58000000	4750.99800000	4799.17680000	4795.25440000
2749096989.96655512	4771.99400000	4766.79800000	4806.53000000	4800.51800000	4820.32600000	4815.70400000	4800.71000000	4795.09800000	4749.56200000	4747.73800000	4789.82440000	4785.17120000
2750100334.44816065	4764.06800000	4759.98400000	4810.18400000	4799.50000000	4739.42800000	4733.84600000	4820.38000000	4817.88000000	4789.68600000	4784.79800000	4784.74920000	4779.20160000
2751103678.92976570	4739.47600000	4735.27400000	4805.48600000	4790.04000000	4834.90800000	4831.47600000	4784.90200000	4782.18000000	4758.87200000	4757.61600000	4784.72880000	4779.31720000
2752107023.41137123	4735.09200000	4732.87800000	4783.19200000	4791.66200000	4753.74600000	4747.36200000	4852.19600000	4849.68200000	4740.99800000	4734.02200000	4773.04480000	4771.12120000
2753110367.89297676	4760.82000000	4757.23200000	4802.93000000	4804.41000000	4731.19600000	4728.36800000	4838.85400000	4826.83400000	4780.60600000	4776.45200000	4782.88120000	4778.65920000
2754113712.37458181	4732.45400000	4731.90600000	4794.01400000	4789.81600000	4722.53400000	4720.94000000	4845.03200000	4839.42800000	4741.25600000	4741.45200000	4767.05800000	4764.70840000
2755117056.85618734	4778.71200000	4775.51600000	4797.01600000	4795.65600000	4750.26200000	4747.56000000	4799.74000000	4794.00600000	4793.84000000	4790.47000000	4783.91400000	4780.64160000
2756120401.33779287	4770.49200000	4777.44000000	4765.83400000	4762.45200000	4811.02400000	4805.77800000	4755.69600000	4754.33000000	4766.53000000	4768.01200000	4773.91520000	4773.60240000
2757123745.81939793	4745.11400000	4748.30400000	4786.85200000	4781.41200000	4723.14800000	4722.90200000	4841.69800000	4835.51200000	4755.11200000	4752.46400000	4770.38480000	4768.11880000
2758127090.30100346	4758.72600000	4755.01600000	4783.19000000	4776.85200000	4821.93800000	4818.56600000	4762.17400000	4759.22200000	4757.68600000	4755.00600000	4776.74280000	4772.93240000
2759130434.78260851	4811.54600000	4806.57600000	4779.74800000	4779.36400000	4805.16600000	4805.37000000	4825.01600000	4821.83200000	4749.06400000	4748.38800000	4794.10800000	4792.30600000
2760133779.26421404	4799.68200000	4801.37600000	4749.94200000	4752.12600000	4798.80800000	4804.97200000	4803.33000000	4808.43200000	4771.58400000	4770.95000000	4784.66920000	4787.57120000
2761137123.74581957	4769.00600000	4766.51800000	4794.41200000	4797.49000000	4760.76600000	4764.03400000	4819.28200000	4815.79400000	4772.01200000	4772.31000000	4783.09560000	4783.22920000
2762140468.22742462	4761.97200000	4764.76400000	4779.39200000	4784.03000000	4729.92200000	4738.92000000	4797.79600000	4808.15400000	4781.05400000	4787.89400000	4770.02720000	4776.75240000
2763143812.70903015	4772.50800000	4778.81000000	4778.10600000	4785.96400000	4809.02200000	4816.90200000	4741.72800000	4759.23600000	4758.08400000	4766.08400000	4771.88960000	4781.39920000
2764147157.19063568	4797.79800000	4806.30000000	4764.14000000	4769.59000000	4810.26400000	4826.22600000	4812.04200000	4818.17600000	4769.54800000	4784.02200000	4790.75840000	4800.86280000
2765150501.67224073	4757.90600000	4767.98200000	4756.86800000	4770.56000000	4840.52200000	4851.86400000	4733.76000000	4754.15800000	4746.22800000	4760.48600000	4767.05680000	4781.01000000
2766153846.15384626	4751.42800000	4770.18400000	4729.33200000	4749.87200000	4816.17200000	4848.63200000	4717.88800000	4741.90400000	4749.89400000	4773.05800000	4752.94280000	4776.73000000
2767157190.63545132	4754.91000000	4778.46200000	4764.85600000	4796.84800000	4717.90400000	4754.18800000	4777.40800000	4806.71800000	4763.66200000	4799.62400000	4755.74800000	4787.16800000
2768160535.11705685	4780.89400000	4813.52800000	4743.10400000	4778.99600000	4759.08000000	4790.55200000	4798.80800000	4839.04200000	4708.61600000	4745.47800000	4758.10040000	4793.51920000
2769163879.59866238	4743.01200000	4776.59400000	4749.92800000	4786.03200000	4769.26200000	4806.76000000	4728.50600000	4763.48200000	4718.08400000	4757.81800000	4741.75840000	4778.13720000
2770167224.08026743	4712.76600000	4746.42200000	4765.25200000	4800.08000000	4793.09400000	4822.45200000	4744.06000000	4776.31800000	4716.90200000	4758.48400000	4746.41480000	4780.75120000
2771170568.56187296	4699.53800000	4733.43000000	4752.50000000	4787.37200000	4699.28400000	4726.66600000	4800.92800000	4839.91400000	4709.03600000	4745.52200000	4732.25720000	4766.58080000
2772173913.04347849	4703.86400000	4730.90400000	4754.21000000	4790.26400000	4713.75000000	4746.77000000	4799.96200000	4828.80200000	4705.02200000	4733.99400000	4735.36160000	4766.14680000
2773177257.52508354	4721.67000000	4738.79200000	4744.82200000	4771.67400000	4767.47600000	4786.39800000	4788.20600000	4809.53400000	4724.41600000	4747.19600000	4749.31800000	4770.71880000
2774180602.00668907	4719.89400000	4739.16400000	4768.64400000	4791.76400000	4813.51600000	4834.37200000	4757.36200000	4773.98800000	4730.96800000	4757.95800000	4758.07680000	4779.44920000
2775183946.48829412	4750.32600000	4772.41200000	4767.01000000	4780.64200000	4742.93000000	4756.70800000	4792.69800000	4811.57200000	4764.05000000	4780.14400000	4763.40280000	4780.29560000
2776187290.96989965	4788.43000000	4797.55800000	4767.26200000	4778.62400000	4798.15400000	4813.34200000	4798.80400000	4815.29200000	4753.20000000	4765.45800000	4781.17000000	4794.05480000
2777190635.45150518	4724.74600000	4735.97200000	4768.48000000	4783.03600000	4745.02600000	4764.73800000	4823.82400000	4840.13400000	4719.05000000	4733.19000000	4756.22520000	4771.41400000
2778193979.93311024	4756.71600000	4770.37200000	4767.14800000	4778.74000000	4825.07200000	4832.48800000	4733.84000000	4747.19200000	4740.54800000	4756.28200000	4764.66480000	4777.01480000
2779197324.41471577	4805.26600000	4821.27600000	4762.19800000	4772.38600000	4792.21200000	4811.19000000	4804.72200000	4834.08000000	4732.65000000	4747.87000000	4779.40960000	4797.36040000
2780200668.89632130	4753.36400000	4769.36000000	4759.22200000	4776.01400000	4836.47600000	4857.48600000	4737.61800000	4754.43800000	4738.71200000	4758.16200000	4765.07840000	4783.09200000
2781204013.37792635	4753.96200000	4776.16000000	4740.23800000	4759.55800000	4781.71000000	4806.94400000	4723.64200000	4750.46600000	4734.34800000	4761.98800000	4746.78000000	4771.02320000
2782207357.85953188	4725.80000000	4751.93800000	4755.18600000	4783.70400000	4796.42400000	4832.97000000	4744.99600000	4776.34600000	4729.17200000	4758.52200000	4750.31560000	4780.69600000
2783210702.34113693	4734.52200000	4767.15200000	4713.45600000	4748.59200000	4806.01400000	4844.46000000	4700.39200000	4739.77000000	4727.31200000	4770.50400000	4736.33920000	4774.09560000
2784214046.82274246	4687.60800000	4735.29000000	4725.39000000	4772.37600000	4735.42600000	4783.71400000	4774.99000000	4825.97000000	4690.53800000	4738.48400000	4722.79040000	4771.16680000
2785217391.30434799	4769.22200000	4809.99400000	4728.89800000	4769.72400000	4771.82800000	4822.55200000	4765.87800000	4812.16000000	4718.90800000	4773.29600000	4750.94680000	4797.54520000
2786220735.78595304	4764.31200000	4814.01000000	4731.85800000	4774.72000000	4756.28800000	4804.70200000	4784.63800000	4832.94000000	4701.30600000	4752.11400000	4747.68040000	4795.69720000
2787224080.26755857	4736.79200000	4779.47800000	4749.77200000	4786.22600000	4771.51000000	4816.54600000	4713.96800000	4762.19200000	4713.68800000	4758.63600000	4737.14600000	4780.61560000
2788227424.74916410	4717.71200000	4760.28000000	4751.01800000	4795.97600000	4695.51000000	4739.11600000	4771.43600000	4813.02000000	4741.98400000	4789.20600000	4735.53200000	4779.51960000
2789230769.23076916	4730.56800000	4766.25400000	4759.56600000	4796.27600000	4733.62000000	4769.12600000	4792.40000000	4820.99200000	4731.43800000	4764.48600000	4749.51840000	4783.42680000
2790234113.71237469	4784.25000000	4816.21800000	4737.47600000	4766.27000000	4786.02600000	4806.34000000	4771.29000000	4797.00400000	4759.38800000	4781.45200000	4767.68600000	4793.45680000
2791237458.19397974	4715.52600000	4732.39200000	4777.74800000	4794.96800000	4714.68600000	4737.05800000	4811.50600000	4830.37800000	4716.67400000	4741.31400000	4747.22800000	4767.22200000
2792240802.67558527	4813.62200000	4822.97400000	4770.24000000	4786.60000000	4807.10200000	4819.85800000	4819.81400000	4824.79400000	4747.26000000	4763.80600000	4791.60760000	4803.60640000
2793244147.15719080	4726.23800000	4737.09600000	4776.03000000	4785.49000000	4760.51000000	4765.97200000	4828.26200000	4826.82200000	4733.25200000	4740.86800000	4764.85840000	4771.24960000
2794247491.63879585	4803.66400000	4816.51200000	4772.94200000	4776.96600000	4797.63600000	4808.48000000	4827.73000000	4831.42000000	4742.86400000	4749.10000000	4788.96720000	4796.49560000
2795250836.12040138	4777.09600000	4779.70400000	4794.31600000	4789.79600000	4813.76600000	4811.83200000	4754.88000000	4761.95400000	4760.36600000	4762.55400000	4780.08480000	4781.16800000
2796254180.60200691	4816.18400000	4809.19600000	4772.01000000	4771.48200000	4809.81200000	4812.76200000	4835.27600000	4838.29600000	4738.99200000	4735.80200000	4794.45480000	4793.50760000
2797257525.08361197	4731.69400000	4724.19600000	4791.51400000	4791.57600000	4729.01000000	4728.91000000	4824.31000000	4827.79400000	4736.57800000	4736.24200000	4762.62120000	4761.74360000
2798260869.56521749	4754.87600000	4754.49000000	4786.77600000	4783.11600000	4838.69600000	4842.98800000	4794.04800000	4786.98400000	4780.29600000	4779.03200000	4790.93840000	4789.32200000
2799264214.04682255	4773.15800000	4770.24600000	4794.52400000	4791.21200000	4747.98600000	4737.79800000	4812.46800000	4809.62800000	4796.75400000	4796.32000000	4784.97800000	4781.04080000
2800267558.52842808	4768.55800000	4765.73600000	4805.61000000	4801.11600000	4737.94000000	4726.85400000	4812.47400000	4804.25600000	4794.64000000	4792.17600000	4783.84440000	4778.02760000
2801270903.01003361	4793.21000000	4788.40200000	4764.46000000	4765.61000000	4815.14000000	4811.01400000	4793.25000000	4784.97400000	4780.78600000	4780.63800000	4789.36920000	4786.12760000
2802274247.49163866	4751.08800000	4746.46400000	4784.00200000	4783.51000000	4727.33400000	4723.52400000	4834.69600000	4834.56400000	4753.27000000	4755.24000000	4770.07800000	4768.66040000
2803277591.97324419	4767.36400000	4765.20800000	4801.77400000	4799.14800000	4815.62800000	4814.45600000	4794.22600000	4789.65400000	4747.11000000	4747.24400000	4785.22040000	4783.14200000
2804280936.45484972	4758.14800000	4748.77800000	4809.56200000	4807.08400000	4728.65600000	4721.68400000	4830.12600000	4832.03200000	4792.62400000	4783.69600000	4783.82320000	4778.65480000
2805284280.93645477	4738.31600000	4733.14600000	4803.77400000	4790.62600000	4743.28400000	4738.96600000	4831.53200000	4828.89600000	4737.96800000	4735.08200000	4770.97480000	4765.34320000
2806287625.41806030	4757.26200000	4752.90600000	4770.20200000	4765.02800000	4838.33400000	4838.97200000	4791.47800000	4789.47200000	4784.26000000	4775.38200000	4788.30720000	4784.35200000
2807290969.89966536	4757.46000000	4753.53200000	4804.52400000	4802.72800000	4728.27000000	4722.95600000	4838.31000000	4831.40800000	4783.66800000	4776.27800000	4782.44640000	4777.38040000
2808294314.38127089	4769.98400000	4769.19600000	4774.36800000	4770.58200000	4754.47000000	4750.86400000	4810.23400000	4807.36600000	4787.16600000	4790.64200000	4779.24440000	4777.73000000
2809297658.86287642	4777.38000000	4776.84000000	4786.66000000	4781.13200000	4834.98600000	4826.04200000	4749.13000000	4751.31200000	4744.03400000	4747.79800000	4778.43800000	4776.62480000
2810301003.34448147	4766.79400000	4765.12000000	4799.71600000	4796.81200000	4734.77200000	4734.95200000	4827.05800000	4824.82200000	4796.47200000	4797.36600000	4784.96240000	4783.81440000
2811304347.82608700	4766.49800000	4763.38000000	4769.51200000	4765.71400000	4816.55800000	4816.08400000	4773.48400000	4774.08000000	4778.20600000	4778.50400000	4780.85160000	4779.55240000
2812307692.30769253	4809.00600000	4806.92800000	4771.77600000	4772.88200000	4807.55800000	4803.26200000	4813.48600000	4809.67600000	4759.78200000	4761.70400000	4792.32160000	4790.89040000
2813311036.78929758	4742.50600000	4747.33000000	4793.38400000	4801.06600000	4821.64400000	4825.47800000	4773.45200000	4779.02800000	4753.15600000	4758.63800000	4776.82840000	4782.30800000
2814314381.27090311	4765.85000000	4771.54800000	4748.45800000	4756.88200000	4808.72000000	4805.72000000	4769.92800000	4775.02800000	4771.38800000	4774.67800000	4772.86880000	4776.77120000
2815317725.75250816	4749.05000000	4759.79600000	4790.44600000	4792.06400000	4737.31200000	4743.88800000	4807.35600000	4812.07800000	4777.04000000	4781.08200000	4772.24080000	4777.78160000
2816321070.23411369	4722.20400000	4732.39800000	4762.58400000	4772.70000000	4761.40000000	4775.84600000	4814.28600000	4830.79600000	4722.04200000	4733.65600000	4756.50320000	4769.07920000
2817324414.71571922	4752.83000000	4764.77600000	4764.69000000	4781.10800000	4821.66600000	4834.38800000	4730.85000000	4750.65600000	4727.35400000	4746.79000000	4759.47800000	4775.54360000
2818327759.19732428	4757.78000000	4778.72600000	4756.17600000	4785.92400000	4795.47800000	4820.69600000	4731.45600000	4758.24200000	4739.95600000	4767.69800000	4756.16920000	4782.25720000
2819331103.67892981	4720.52800000	4754.62400000	4751.43600000	4782.30800000	4797.88200000	4825.99200000	4739.70800000	4768.25000000	4727.36800000	4757.44800000	4747.38440000	4777.72440000
2820334448.16053534	4737.00400000	4767.72600000	4744.14800000	4771.65600000	4714.23600000	4745.21800000	4772.62800000	4800.23400000	4758.58400000	4791.11000000	4745.32000000	4775.18880000
2821337792.64214039	4707.72200000	4741.73200000	4740.16600000	4771.17600000	4733.50800000	4769.19800000	4794.15400000	4827.47600000	4702.72000000	4733.05200000	4735.65400000	4768.52680000
2822341137.12374592	4728.08800000	4762.06400000	4764.76000000	4793.71200000	4789.65000000	4819.81200000	4753.38800000	4779.09800000	4728.38600000	4760.99600000	4752.85440000	4783.13640000
2823344481.60535097	4781.85200000	4805.84000000	4750.78800000	4775.89000000	4790.09400000	4814.10800000	4776.01800000	4810.77800000	4738.69200000	4769.60000000	4767.48880000	4795.24320000
2824347826.08695650	4717.50400000	4732.18000000	4774.16200000	4789.92600000	4714.17000000	4740.89200000	4801.37600000	4828.65600000	4707.58400000	4733.85400000	4742.95920000	4765.10160000
2825351170.56856203	4745.16200000	4767.97000000	4761.79400000	4785.83200000	4795.89000000	4813.89000000	4726.99000000	4749.71000000	4731.39400000	4752.09800000	4752.24600000	4773.90000000
2826354515.05016708	4744.00400000	4760.33600000	4770.24800000	4787.46000000	4808.47200000	4815.82600000	4764.92800000	4784.36800000	4749.32800000	4771.04800000	4767.39600000	4783.80760000
2827357859.53177261	4751.34600000	4770.21200000	4796.78000000	4808.84400000	4796.62400000	4813.77000000	4774.91400000	4790.25600000	4737.41400000	4743.52200000	4771.41560000	4785.32080000
2828361204.01337814	4746.62200000	4759.23200000	4786.77800000	4796.04400000	4726.81800000	4740.18400000	4801.63200000	4810.22000000	4779.84400000	4792.77800000	4768.33880000	4779.69160000
2829364548.49498320	4732.83200000	4747.91600000	4789.20200000	4796.21000000	4805.39200000	4823.80400000	4770.24800000	4787.90400000	4735.14800000	4759.55800000	4766.56440000	4783.07840000
2830367892.97658873	4759.33400000	4770.29200000	4741.68000000	4762.52600000	4781.58800000	4800.07800000	4751.86000000	4769.92800000	4763.51200000	4781.04200000	4759.59480000	4776.77320000
2831371237.45819378	4714.42000000	4734.60400000	4764.49400000	4784.74200000	4700.86000000	4718.07400000	4816.86000000	4836.67800000	4720.15000000	4739.97200000	4743.35680000	4762.81400000
2832374581.93979931	4741.14200000	4764.61200000	4752.04200000	4773.19800000	4735.14200000	4757.49400000	4783.81200000	4808.83200000	4750.48400000	4775.48800000	4752.52440000	4775.92480000
2833377926.42140484	4724.22000000	4755.65400000	4779.78200000	4814.87600000	4688.49600000	4726.99200000	4796.49800000	4831.27600000	4727.41800000	4766.42000000	4743.28280000	4779.04360000
2834381270.90300989	4722.24000000	4764.59400000	4747.84600000	4791.38600000	4723.45400000	4772.62400000	4778.03600000	4821.28200000	4722.72600000	4775.00800000	4738.86040000	4784.97880000
2835384615.38461542	4769.56800000	4808.97200000	4735.31400000	4777.58600000	4783.18800000	4832.39600000	4769.60400000	4818.01800000	4730.61800000	4776.84400000	4757.65840000	4802.76320000
2836387959.86622095	4762.97400000	4812.75000000	4716.98200000	4760.04200000	4766.57400000	4813.15400000	4756.54400000	4801.17000000	4727.92600000	4777.99400000	4746.20000000	4793.02200000
2837391304.34782600	4723.32600000	4769.20400000	4729.88400000	4780.19200000	4796.56800000	4843.46400000	4706.59000000	4756.01400000	4709.53600000	4757.24600000	4733.18080000	4781.22400000
2838394648.82943153	4763.08400000	4802.31600000	4715.30800000	4754.39200000	4761.60600000	4807.46800000	4760.30000000	4808.13200000	4726.30600000	4770.28400000	4745.32080000	4788.51840000
2839397993.31103659	4726.20400000	4766.83200000	4751.58600000	4784.04800000	4791.84400000	4823.44800000	4748.52600000	4784.13000000	4739.63600000	4776.31200000	4751.55920000	4786.95400000
2840401337.79264212	4704.23600000	4726.61200000	4766.33600000	4795.89000000	4715.65000000	4748.59600000	4807.39600000	4833.18000000	4706.65600000	4731.07800000	4740.05480000	4767.07120000
2841404682.27424765	4722.81800000	4745.45600000	4764.59200000	4795.07600000	4699.06600000	4722.83600000	4818.84200000	4850.08600000	4731.10200000	4760.84400000	4747.28400000	4774.85960000
2842408026.75585270	4739.02800000	4750.89600000	4795.54600000	4812.21600000	4707.55400000	4725.24000000	4817.94600000	4834.12400000	4756.75800000	4767.12800000	4763.36640000	4777.92080000
2843411371.23745823	4794.13000000	4802.34400000	4763.33800000	4774.74800000	4803.72000000	4813.93600000	4799.47600000	4811.79200000	4764.82200000	4775.04000000	4785.09720000	4795.57200000
2844414715.71906376	4747.83000000	4754.84800000	4775.75600000	4780.83800000	4722.04800000	4728.04400000	4828.41800000	4830.92400000	4744.44200000	4749.14200000	4763.69880000	4768.75920000
2845418060.20066881	4755.83400000	4763.39800000	4797.74200000	4801.73200000	4741.92400000	4739.32400000	4811.63400000	4819.87600000	4779.07600000	4786.21400000	4777.24200000	4782.10880000
2846421404.68227434	4749.80600000	4747.29000000	4788.97000000	4789.78600000	4727.23000000	4725.30400000	4840.32400000	4839.78600000	4759.35200000	4755.02200000	4773.13640000	4771.43760000
2847424749.16387939	4772.97400000	4772.33200000	4778.90000000	4777.40200000	4750.82000000	4755.40800000	4810.06400000	4814.18600000	4791.45200000	4792.90800000	4780.84200000	4782.44720000
2848428093.64548492	4799.30400000	4796.98000000	4766.70800000	4767.27400000	4824.21600000	4823.85200000	4817.06200000	4811.44400000	4778.08200000	4779.46200000	4797.07440000	4795.80240000
2849431438.12709045	4768.63800000	4772.40000000	4753.14800000	4755.69800000	4830.27400000	4828.62600000	4759.51400000	4755.71600000	4768.05600000	4767.22000000	4775.92600000	4775.93200000
2850434782.60869551	4770.53400000	4766.23400000	4799.45000000	4800.78200000	4821.76200000	4815.17800000	4791.66600000	4788.62600000	4750.34400000	4746.29000000	4786.75120000	4783.42200000
2851438127.09030104	4776.02200000	4767.06400000	4800.91800000	4800.67000000	4743.43600000	4737.41200000	4811.94600000	4810.37600000	4790.18200000	4790.24200000	4784.50080000	4781.15280000
2852441471.57190657	4731.60600000	4728.31600000	4786.39200000	4791.11400000	4762.86800000	4763.23000000	4839.84000000	4837.50600000	4739.47200000	4736.28000000	4772.03560000	4771.28920000
2853444816.05351162	4741.61800000	4732.68400000	4790.57200000	4790.80200000	4735.32800000	4731.87800000	4828.42000000	4831.01200000	4749.48600000	4742.69400000	4769.08480000	4765.81400000
2854448160.53511715	4763.55000000	4761.96200000	4809.98000000	4802.47600000	4739.85400000	4728.42400000	4820.23200000	4814.02400000	4797.18200000	4794.31800000	4786.15960000	4780.24080000
2855451505.01672220	4738.70400000	4730.19400000	4790.90800000	4781.14600000	4765.19600000	4762.44000000	4827.98800000	4826.81000000	4746.59600000	4739.88200000	4773.87840000	4768.09440000
2856454849.49832773	4775.23000000	4774.14000000	4784.12200000	4784.60800000	4764.05600000	4757.12000000	4817.94000000	4812.27400000	4785.06000000	4781.70000000	4785.28160000	4781.96840000
2857458193.97993326	4805.76000000	4799.49200000	4797.12800000	4788.77200000	4785.13000000	4782.75400000	4852.71000000	4846.02000000	4762.40000000	4761.51400000	4800.62560000	4795.71040000
2858461538.46153831	4779.72000000	4776.17200000	4801.12800000	4794.02200000	4823.04000000	4821.73200000	4757.99800000	4752.40000000	4775.63400000	4772.04800000	4787.50400000	4783.27480000
2859464882.94314384	4772.79000000	4777.10600000	4788.08800000	4779.48200000	4750.11400000	4743.07600000	4803.86600000	4805.03600000	4790.07800000	4783.77200000	4780.98720000	4777.69440000
2860468227.42474937	4818.94400000	4809.00400000	4788.52600000	4788.13800000	4806.08200000	4795.67200000	4820.33000000	4815.86800000	4760.09400000	4758.15600000	4798.79520000	4793.36760000
2861471571.90635443	4771.70000000	4765.21600000	4785.83800000	4781.20400000	4840.53400000	4834.25600000	4754.86600000	4753.32600000	4746.31400000	4751.62800000	4779.85040000	4777.12600000
2862474916.38795996	4764.14600000	4758.15000000	4786.33800000	4774.99800000	4824.29000000	4821.77000000	4764.12200000	4760.10000000	4759.84600000	4758.21200000	4779.74840000	4774.64600000
2863478260.86956501	4757.95800000	4754.05800000	4768.83800000	4762.56800000	4828.71400000	4825.63200000	4796.30400000	4789.31800000	4780.21200000	4770.60400000	4786.40520000	4780.43600000
2864481605.35117054	4796.74400000	4795.53000000	4764.78400000	4762.91000000	4806.33600000	4806.59600000	4791.98000000	4788.53400000	4784.04000000	4778.43200000	4788.77680000	4786.40040000
2865484949.83277607	4827.30000000	4819.95400000	4787.30800000	4783.58200000	4821.17800000	4808.43200000	4838.20200000	4830.74400000	4762.10000000	4754.68000000	4807.21760000	4799.47840000
2866488294.31438112	4819.06000000	4804.90600000	4793.15000000	4784.81200000	4811.91600000	4809.12600000	4829.08000000	4818.81000000	4760.86400000	4756.52800000	4802.81400000	4794.83640000
2867491638.79598665	4737.29000000	4727.74200000	4791.40200000	4780.27600000	4769.53200000	4756.40600000	4829.38400000	4824.84400000	4736.96800000	4737.16400000	4772.91520000	4765.28640000
2868494983.27759218	4817.25800000	4812.30200000	4783.67600000	4778.96600000	4812.68600000	4810.74400000	4834.88400000	4829.41000000	4754.31600000	4742.83400000	4800.56400000	4794.85120000
2869498327.75919724	4810.85000000	4810.00200000	4786.56600000	4779.19800000	4822.55400000	4818.50000000	4815.90200000	4818.03400000	4776.25400000	4771.98600000	4802.42520000	4799.54400000
2870501672.24080276	4793.04600000	4783.06800000	4804.96600000	4801.96200000	4751.45800000	4746.04000000	4809.52600000	4805.79400000	4805.85200000	4802.96000000	4792.96960000	4787.96480000
2871505016.72240782	4809.69200000	4798.97800000	4762.49200000	4755.56000000	4810.34400000	4802.97800000	4805.16400000	4795.60200000	4781.08000000	4773.18200000	4793.75440000	4785.26000000
2872508361.20401335	4781.14800000	4778.24800000	4760.69800000	4758.47000000	4846.51000000	4841.05200000	4740.33600000	4736.42800000	4780.30600000	4778.53600000	4781.79960000	4778.54680000
2873511705.68561888	4755.62200000	4753.20200000	4787.91800000	4781.91600000	4738.54600000	4726.58200000	4846.32200000	4839.23400000	4767.76400000	4756.02200000	4779.23440000	4771.39120000
2874515050.16722393	4771.78400000	4762.22400000	4793.88800000	4796.67400000	4768.81200000	4763.97200000	4829.44600000	4823.57200000	4775.44600000	4773.34200000	4787.87520000	4783.95680000
2875518394.64882946	4765.81400000	4752.91600000	4789.74000000	4782.33400000	4832.93600000	4830.80800000	4771.31600000	4770.06800000	4755.34000000	4751.48600000	4783.02920000	4777.52240000
2876521739.13043499	4771.52400000	4766.67000000	4761.85200000	4756.06200000	4819.61200000	4817.32600000	4755.29800000	4746.07800000	4768.01800000	4764.13200000	4775.26080000	4770.05360000
2877525083.61204004	4795.70800000	4792.37800000	4784.63800000	4786.18000000	4780.92400000	4773.84400000	4843.45000000	4840.38800000	4760.56200000	4759.62000000	4793.05640000	4790.48200000
2878528428.09364557	4819.26000000	4807.85400000	4789.75800000	4779.83400000	4823.05400000	4821.61200000	4822.18600000	4816.48400000	4771.41600000	4771.61000000	4805.13480000	4799.47880000
2879531772.57525063	4753.78000000	4748.19000000	4779.85600000	4778.46800000	4734.78400000	4730.00800000	4837.60800000	4834.93000000	4768.87200000	4756.23400000	4774.98000000	4769.56600000
2880535117.05685616	4753.09600000	4747.63400000	4781.09000000	4782.36800000	4727.37600000	4719.52000000	4842.43200000	4837.43200000	4749.01800000	4749.68200000	4770.60240000	4767.32720000
2881538461.53846169	4746.77200000	4742.92600000	4777.43600000	4779.37800000	4786.44000000	4778.05200000	4835.14200000	4829.01400000	4757.98400000	4752.23200000	4780.75480000	4776.32040000
2882541806.02006674	4828.55800000	4825.13200000	4789.38200000	4780.88200000	4817.58400000	4817.05600000	4833.57000000	4820.39000000	4764.98400000	4761.18800000	4806.81560000	4800.92960000
2883545150.50167227	4804.93400000	4804.45000000	4776.61600000	4783.48000000	4813.90400000	4810.46400000	4817.57000000	4813.02600000	4768.54800000	4765.02000000	4796.31440000	4795.28800000
2884548494.98327780	4738.05200000	4731.28600000	4791.72000000	4795.55400000	4751.13200000	4746.45000000	4849.31800000	4843.66800000	4745.69200000	4734.08800000	4775.18280000	4770.20920000
2885551839.46488285	4764.17400000	4760.37600000	4800.20600000	4802.62200000	4810.68800000	4808.39800000	4791.69800000	4793.26600000	4755.94600000	4754.03600000	4784.54240000	4783.73960000
2886555183.94648838	4768.81000000	4770.33400000	4783.41000000	4778.53200000	4848.71000000	4842.90200000	4771.39400000	4767.72000000	4767.29400000	4760.52600000	4787.92360000	4784.00280000
2887558528.42809343	4813.18600000	4806.12800000	4764.86200000	4758.58400000	4820.73000000	4818.87000000	4803.84000000	4804.20400000	4782.57400000	4778.16400000	4797.03840000	4793.19000000
2888561872.90969896	4743.00800000	4741.82400000	4799.78400000	4798.59000000	4833.61800000	4831.06000000	4786.42600000	4774.97800000	4769.32000000	4758.47200000	4786.43120000	4780.98480000
2889565217.39130449	4773.21200000	4771.01200000	4783.80800000	4784.55200000	4826.90800000	4823.95200000	4754.16800000	4750.35000000	4761.19400000	4757.88400000	4779.85800000	4777.55000000
2890568561.87290955	4804.52000000	4802.11600000	4778.74600000	4775.29800000	4814.99200000	4810.56200000	4813.57400000	4805.02000000	4769.34000000	4771.55800000	4796.23440000	4792.91080000
2891571906.35451508	4761.49600000	4760.33200000	4818.02000000	4814.60800000	4728.52000000	4731.62200000	4838.09800000	4835.29800000	4773.27000000	4765.83000000	4783.88080000	4781.53800000
2892575250.83612061	4776.33800000	4770.48000000	4785.41000000	4779.51800000	4768.10600000	4761.68600000	4820.52200000	4806.28400000	4785.52200000	4778.07000000	4787.17960000	4779.20760000
2893578595.31772566	4813.43200000	4809.25800000	4761.24600000	4756.07000000	4811.56800000	4798.89600000	4810.66400000	4803.72200000	4775.79600000	4769.97400000	4794.54120000	4787.58400000
2894581939.79933119	4774.93400000	4766.15400000	4786.97000000	4779.57800000	4831.98600000	4824.96200000	4755.33400000	4747.98800000	4758.24200000	4756.60200000	4781.49320000	4775.05680000
2895585284.28093624	4757.85800000	4752.18800000	4808.89400000	4809.60000000	4725.01400000	4723.14200000	4831.19000000	4832.36600000	4792.98000000	4777.57400000	4783.18720000	4778.97400000
2896588628.76254177	4735.23200000	4730.36800000	4798.26200000	4786.94800000	4760.33400000	4756.24200000	4840.70800000	4836.94400000	4736.51600000	4738.70800000	4774.21040000	4769.84200000
2897591973.24414730	4775.37200000	4764.26200000	4783.58400000	4778.21400000	4766.03400000	4764.55400000	4813.63600000	4802.99200000	4776.54400000	4775.25200000	4783.03400000	4777.05480000
2898595317.72575235	4735.31200000	4727.02400000	4775.12200000	4771.84000000	4779.99200000	4780.17600000	4826.57200000	4820.43400000	4734.02400000	4733.61200000	4770.20440000	4766.61720000
2899598662.20735788	4791.24200000	4785.52400000	4769.23600000	4766.33000000	4804.66800000	4796.82000000	4784.18000000	4780.31200000	4784.73200000	4778.23600000	4786.81160000	4781.44440000
2900602006.68896341	4774.80400000	4775.38400000	4762.83600000	4758.05200000	4834.39800000	4829.15000000	4753.37200000	4753.01400000	4768.33800000	4765.84200000	4778.74960000	4776.28840000
2901605351.17056847	4785.84000000	4780.12200000	4774.51200000	4770.74800000	4804.92800000	4804.75800000	4767.66000000	4768.35400000	4763.39200000	4762.79800000	4779.26640000	4777.35600000
2902608695.65217400	4755.35000000	4757.28600000	4807.83800000	4806.81600000	4817.23200000	4808.47600000	4795.57000000	4791.24600000	4753.69400000	4751.31800000	4785.93680000	4783.02840000
2903612040.13377905	4787.37200000	4780.90200000	4768.49600000	4764.24800000	4811.84200000	4808.24600000	4769.56000000	4765.01600000	4760.36800000	4757.49400000	4779.52760000	4775.18120000
2904615384.61538458	4753.78600000	4754.11800000	4803.33000000	4795.44800000	4832.40400000	4830.91600000	4785.44800000	4780.61400000	4761.65800000	4757.42000000	4787.32520000	4783.70320000
2905618729.09699011	4769.34800000	4758.78800000	4805.41200000	4802.74600000	4742.98200000	4737.32400000	4817.01400000	4811.92600000	4784.41400000	4782.79400000	4783.83400000	4778.71560000
2906622073.57859516	4776.08800000	4766.57800000	4793.10600000	4787.99200000	4750.83000000	4745.98200000	4812.02200000	4805.93600000	4794.19800000	4789.89800000	4785.24880000	4779.27720000
2907625418.06020069	4775.02600000	4779.00000000	4782.35000000	4781.82000000	4812.64200000	4804.71600000	4763.42400000	4758.69800000	4765.85200000	4760.29400000	4779.85880000	4776.90560000
2908628762.54180622	4752.26200000	4751.47800000	4813.21000000	4809.10800000	4721.01800000	4723.77600000	4834.55400000	4835.88000000	4772.01000000	4768.00400000	4778.61080000	4777.64920000
2909632107.02341127	4765.48000000	4764.26000000	4799.32000000	4799.02800000	4742.99600000	4742.61400000	4818.40600000	4818.67000000	4791.46400000	4789.69000000	4783.53320000	4782.85240000
2910635451.50501680	4815.58800000	4813.32400000	4783.55600000	4776.17400000	4818.34200000	4814.29800000	4833.14800000	4836.23600000	4755.57600000	4757.53200000	4801.24200000	4799.51280000
2911638795.98662186	4777.10200000	4775.01200000	4795.48600000	4801.66600000	4741.14000000	4739.79000000	4817.06200000	4810.96200000	4794.84200000	4791.82800000	4785.12640000	4783.85160000
2912642140.46822739	4769.51600000	4774.07600000	4757.96600000	4756.21200000	4824.41400000	4823.50800000	4756.60200000	4750.15800000	4758.46800000	4758.98400000	4773.39320000	4772.58760000
2913645484.94983292	4774.35800000	4773.19800000	4772.18200000	4773.35800000	4809.70000000	4808.08200000	4761.33000000	4762.12600000	4749.70800000	4757.19600000	4773.45560000	4774.79200000
2914648829.43143797	4726.39000000	4738.82800000	4781.33400000	4784.14800000	4719.30200000	4730.39800000	4821.69400000	4831.90200000	4727.89200000	4738.23000000	4755.32240000	4764.70120000
2915652173.91304350	4770.49000000	4776.46600000	4790.74800000	4798.44000000	4739.85400000	4747.18000000	4794.26600000	4801.89600000	4779.75200000	4788.91400000	4775.02200000	4782.57920000
2916655518.39464903	4764.05000000	4775.10400000	4785.00800000	4797.59800000	4805.70400000	4819.61000000	4736.52800000	4754.34600000	4752.31000000	4761.60000000	4768.72000000	4781.65160000
2917658862.87625408	4747.90400000	4760.26200000	4783.07400000	4804.83800000	4791.13800000	4812.36000000	4767.95800000	4786.53000000	4733.15400000	4757.89800000	4764.64560000	4784.37760000
2918662207.35785961	4714.51200000	4747.65000000	4739.12600000	4768.22000000	4802.14000000	4833.23800000	4760.94600000	4788.41000000	4751.38800000	4771.86200000	4753.62240000	4781.87600000
2919665551.83946514	4715.52200000	4748.38400000	4755.46600000	4793.20400000	4684.78400000	4722.87600000	4799.05400000	4840.92400000	4716.70400000	4756.96200000	4734.30600000	4772.47000000
2920668896.32107019	4733.62600000	4764.29000000	4768.06800000	4802.65000000	4778.94200000	4817.57400000	4755.16400000	4793.37200000	4705.89800000	4748.75400000	4748.33960000	4785.32800000
2921672240.80267572	4716.99000000	4756.23200000	4738.14200000	4782.25400000	4788.58000000	4834.83400000	4740.85000000	4786.45800000	4736.36800000	4777.85400000	4744.18600000	4787.52640000
2922675585.28428078	4727.90000000	4762.52000000	4748.31200000	4786.54400000	4795.03200000	4833.60000000	4749.68400000	4791.12600000	4735.11200000	4776.00000000	4751.20800000	4789.95800000
2923678929.76588631	4734.67200000	4771.26600000	4760.83000000	4801.54000000	4779.49800000	4812.61200000	4748.03000000	4786.92600000	4713.42400000	4757.78600000	4747.29080000	4786.02600000
2924682274.24749184	4709.68000000	4741.70800000	4744.94200000	4773.54200000	4756.98600000	4784.36000000	4788.27200000	4818.83600000	4725.14800000	4755.10000000	4745.00560000	4774.70920000
2925685618.72909689	4746.59400000	4765.45000000	4765.59400000	4790.12600000	4749.99600000	4772.62200000	4797.11400000	4815.53400000	4748.61000000	4766.94000000	4761.58160000	4782.13440000
2926688963.21070242	4745.03200000	4762.35400000	4784.85000000	4805.67400000	4723.75800000	4745.82800000	4790.18200000	4807.07200000	4767.82000000	4784.80800000	4762.32840000	4781.14720000
2927692307.69230747	4718.79800000	4734.69600000	4771.61400000	4783.14000000	4746.66200000	4758.99000000	4828.66600000	4841.79800000	4717.00200000	4734.19400000	4756.54840000	4770.56360000
2928695652.17391300	4744.91000000	4762.44200000	4782.66200000	4802.73000000	4721.74200000	4734.88600000	4803.49600000	4825.66600000	4782.81200000	4796.22800000	4767.12440000	4784.39040000
2929698996.65551853	4746.97800000	4757.76400000	4775.77000000	4786.36200000	4820.57600000	4834.96000000	4777.38200000	4789.48200000	4763.67400000	4775.36000000	4776.87600000	4788.78560000
2930702341.13712358	4759.92200000	4769.67800000	4788.36000000	4799.38000000	4736.28800000	4746.67200000	4804.56400000	4820.48800000	4786.34600000	4802.22200000	4775.09600000	4787.68800000
2931705685.61872911	4770.54800000	4774.43200000	4748.46800000	4761.84000000	4782.36200000	4799.82400000	4760.52000000	4776.36200000	4760.16400000	4773.35400000	4764.41240000	4777.16240000
2932709030.10033464	4752.37600000	4775.23200000	4759.55800000	4784.78600000	4787.58600000	4810.21800000	4722.18200000	4745.95200000	4726.94200000	4752.68400000	4749.72880000	4773.77440000
2933712374.58193970	4790.28200000	4813.55000000	4761.89600000	4785.44600000	4765.28800000	4794.81000000	4811.96400000	4841.97200000	4716.33200000	4747.27200000	4769.15240000	4796.61000000
2934715719.06354523	4731.78600000	4754.47800000	4781.73400000	4801.29200000	4795.87200000	4821.80400000	4758.16400000	4785.57400000	4726.00000000	4749.01000000	4758.71120000	4782.43160000
2935719063.54515076	4747.61800000	4776.47400000	4732.47800000	4756.08400000	4779.92200000	4801.38200000	4728.19200000	4762.17800000	4739.54200000	4762.91000000	4745.55040000	4771.80560000
2936722408.02675581	4723.01600000	4749.65600000	4772.32800000	4797.19000000	4701.14200000	4728.30400000	4808.57400000	4835.06400000	4735.08800000	4763.69200000	4748.02960000	4774.78120000
2937725752.50836134	4758.78400000	4773.01200000	4778.37800000	4803.74400000	4731.19600000	4754.09600000	4774.54800000	4807.30400000	4763.98200000	4792.00800000	4761.37760000	4786.03280000
2938729096.98996639	4755.35400000	4774.00400000	4768.47200000	4785.09200000	4787.26600000	4815.13200000	4744.44600000	4765.96000000	4741.17000000	4762.67200000	4759.34160000	4780.57200000
2939732441.47157192	4755.92600000	4764.06200000	4736.13800000	4749.37400000	4833.28800000	4838.67800000	4734.62600000	4741.11400000	4755.85200000	4764.34000000	4763.16600000	4771.51360000
2940735785.95317745	4760.06200000	4774.96600000	4795.45200000	4799.74800000	4739.35800000	4745.17000000	4797.45600000	4808.01600000	4781.01400000	4788.27600000	4774.66840000	4783.23520000
2941739130.43478251	4762.43000000	4767.82000000	4790.12000000	4794.06000000	4742.28000000	4739.68800000	4806.25200000	4808.86800000	4783.99400000	4789.42400000	4777.01520000	4779.97200000
2942742474.91638803	4731.32600000	4735.87600000	4782.56800000	4774.80800000	4774.06000000	4783.28800000	4816.70200000	4817.77800000	4747.10000000	4746.32400000	4770.35120000	4771.61480000
2943745819.39799309	4763.68800000	4759.26200000	4797.35600000	4799.86400000	4818.15000000	4818.83000000	4781.90000000	4779.77200000	4757.71000000	4764.23400000	4783.76080000	4784.39240000
2944749163.87959862	4802.62800000	4799.09800000	4752.87600000	4754.01000000	4810.81000000	4797.90400000	4796.73400000	4793.85200000	4772.02000000	4770.52200000	4787.01360000	4783.07720000
2945752508.36120415	4774.06000000	4772.67200000	4796.93200000	4794.76400000	4783.30600000	4775.37400000	4839.44400000	4832.94800000	4757.91000000	4757.44600000	4790.33040000	4786.64080000
2946755852.84280920	4817.78200000	4810.40000000	4794.99200000	4783.80200000	4784.09200000	4777.72400000	4841.78800000	4838.16400000	4755.70600000	4748.30000000	4798.87200000	4791.67800000
2947759197.32441473	4809.93800000	4804.03400000	4780.61000000	4776.94000000	4810.47800000	4808.85800000	4825.71800000	4822.64000000	4759.92000000	4755.87200000	4797.33280000	4793.66880000
2948762541.80602026	4738.93800000	4728.71600000	4788.70400000	4785.59400000	4758.21000000	4757.50200000	4843.06000000	4844.02200000	4738.49800000	4735.83600000	4773.48200000	4770.33400000
2949765886.28762531	4827.04600000	4816.68400000	4776.23200000	4774.16400000	4816.34800000	4808.42800000	4837.00800000	4837.78600000	4757.15800000	4749.56400000	4802.75840000	4797.32520000
2950769230.76923084	4749.82800000	4750.13000000	4779.99600000	4775.30800000	4782.84400000	4775.98600000	4813.22200000	4809.24800000	4757.00400000	4754.82800000	4776.57880000	4773.10000000
2951772575.25083637	4812.15000000	4807.54000000	4784.29000000	4778.95400000	4815.03800000	4804.51400000	4821.37200000	4819.10400000	4762.33000000	4753.03400000	4799.03600000	4792.62920000
2952775919.73244143	4810.16000000	4812.61200000	4782.55400000	4780.01800000	4819.54800000	4816.96400000	4821.40600000	4817.22800000	4774.84600000	4770.05200000	4801.70280000	4799.37480000
2953779264.21404696	4758.75600000	4752.06000000	4803.28400000	4804.34400000	4725.04600000	4722.35800000	4837.40800000	4831.10400000	4765.49400000	4762.56000000	4777.99760000	4774.48520000
2954782608.69565201	4770.05600000	4767.57000000	4781.74800000	4778.82000000	4850.27200000	4850.61400000	4767.73600000	4760.62800000	4756.81200000	4759.09400000	4785.32480000	4783.34520000
2955785953.17725754	4822.43600000	4816.13600000	4788.45800000	4779.34000000	4816.42400000	4808.76400000	4830.17600000	4827.95800000	4763.21000000	4748.26000000	4804.14080000	4796.09160000
2956789297.65886307	4763.84200000	4767.84400000	4764.76400000	4767.80600000	4818.43200000	4816.90200000	4770.91000000	4771.04400000	4780.49600000	4784.05600000	4779.68880000	4781.53040000
2957792642.14046812	4769.50800000	4770.17600000	4784.85000000	4775.51400000	4852.86200000	4851.32000000	4764.73400000	4768.16400000	4758.85800000	4761.11800000	4786.16240000	4785.25840000
2958795986.62207365	4751.67400000	4763.19200000	4774.54200000	4781.75800000	4752.81800000	4761.40400000	4802.37400000	4815.21800000	4763.84600000	4765.86800000	4769.05080000	4777.48800000
2959799331.10367870	4768.30200000	4766.57800000	4781.47600000	4782.44000000	4758.56200000	4762.66800000	4814.21800000	4817.19000000	4759.90200000	4767.69800000	4776.49200000	4779.31480000
2960802675.58528423	4799.00000000	4800.49400000	4758.32200000	4764.67600000	4799.62800000	4805.37200000	4783.69000000	4791.97800000	4766.04800000	4776.68800000	4781.33760000	4787.84160000
2961806020.06688976	4802.02800000	4813.35000000	4779.22800000	4785.28200000	4772.26000000	4781.46800000	4826.54600000	4834.12800000	4732.87400000	4748.54600000	4782.58720000	4792.55480000
2962809364.54849482	4774.75600000	4799.96000000	4746.49400000	4770.12000000	4788.55400000	4812.99400000	4784.97800000	4813.48600000	4748.68000000	4769.04400000	4768.69240000	4793.12080000
2963812709.03010035	4708.89400000	4739.23800000	4735.62800000	4776.36600000	4756.22800000	4793.18800000	4785.80200000	4817.47400000	4708.86600000	4747.89000000	4739.08360000	4774.83120000
2964816053.51170588	4740.76000000	4778.57400000	4764.32400000	4789.14200000	4708.43200000	4738.19000000	4779.45400000	4808.26000000	4755.68400000	4783.53600000	4749.73080000	4779.54040000
2965819397.99331093	4744.23800000	4783.62400000	4740.43000000	4779.45600000	4742.21200000	4779.04600000	4803.83200000	4838.78400000	4728.63400000	4758.34200000	4751.86920000	4787.85040000
2966822742.47491646	4734.25200000	4773.58400000	4732.65200000	4759.58000000	4777.24800000	4811.61000000	4747.85000000	4777.25400000	4755.99600000	4779.53200000	4749.59960000	4780.31200000
2967826086.95652199	4707.47000000	4742.14400000	4748.01000000	4784.48800000	4728.00800000	4759.39400000	4798.58600000	4824.76000000	4703.10600000	4734.69200000	4737.03600000	4769.09560000
2968829431.43812704	4741.40200000	4759.18400000	4759.94400000	4777.41400000	4799.17600000	4825.64000000	4744.64200000	4766.38800000	4731.61200000	4749.49400000	4755.35520000	4775.62400000
2969832775.91973257	4759.32400000	4772.71400000	4752.37800000	4769.69400000	4739.40000000	4748.82600000	4795.00800000	4805.42200000	4773.41600000	4796.74000000	4763.90520000	4778.67920000
2970836120.40133762	4734.07000000	4748.38800000	4760.76000000	4775.29600000	4770.06400000	4783.81800000	4809.36000000	4823.91000000	4735.09200000	4752.00800000	4761.86920000	4776.68400000
2971839464.88294315	4764.71200000	4771.62400000	4771.30200000	4780.20000000	4810.54800000	4824.81000000	4739.93200000	4744.28800000	4740.73600000	4747.93200000	4765.44600000	4773.77080000
2972842809.36454868	4743.29600000	4746.62000000	4795.74200000	4803.31000000	4721.59200000	4728.96800000	4822.83800000	4830.69800000	4759.07200000	4765.81400000	4768.50800000	4775.08200000
2973846153.84615374	4816.49800000	4824.43200000	4773.33400000	4776.93400000	4801.17000000	4809.27400000	4824.52600000	4831.64000000	4747.18200000	4752.85800000	4792.54200000	4799.02760000
2974849498.32775927	4762.54400000	4771.26800000	4792.27800000	4794.69000000	4734.77000000	4743.97400000	4804.87200000	4812.33200000	4779.60400000	4786.70200000	4774.81360000	4781.79320000
2975852842.80936432	4756.02800000	4768.36200000	4746.88800000	4770.00200000	4829.94400000	4844.50800000	4725.94400000	4736.53000000	4759.83400000	4771.39600000	4763.72760000	4778.15960000
2976856187.29096985	4744.00200000	4765.94200000	4758.50600000	4780.04000000	4821.60200000	4847.54000000	4728.41200000	4750.44000000	4726.33600000	4753.91400000	4755.77160000	4779.57520000
2977859531.77257538	4726.11400000	4749.97400000	4772.63600000	4792.38000000	4805.69800000	4831.95000000	4750.23400000	4771.00400000	4734.57800000	4751.52200000	4757.85200000	4779.36600000
2978862876.25418043	4740.07200000	4761.55600000	4779.17400000	4801.43200000	4702.48400000	4725.18400000	4792.80000000	4820.03200000	4764.64000000	4793.43000000	4755.83400000	4780.32680000
2979866220.73578596	4763.23400000	4777.81800000	4760.16800000	4782.53600000	4755.96800000	4776.29400000	4811.46200000	4833.91600000	4734.56000000	4755.80000000	4765.07840000	4785.27280000
2980869565.21739149	4711.77400000	4735.52000000	4778.27800000	4800.74200000	4797.27800000	4823.46600000	4760.08400000	4779.48400000	4731.27400000	4758.25800000	4755.73760000	4779.49400000
2981872909.69899654	4753.09000000	4772.95800000	4762.36200000	4777.55000000	4805.77800000	4824.01000000	4726.61800000	4747.15400000	4744.02200000	4759.01600000	4758.37400000	4776.13760000
2982876254.18060207	4726.35000000	4734.06800000	4777.95200000	4794.51600000	4713.37000000	4719.74800000	4829.77200000	4831.23800000	4734.41800000	4743.90200000	4756.37240000	4764.69440000
2983879598.66220760	4763.29800000	4771.71400000	4787.20800000	4786.84400000	4770.48600000	4776.06000000	4826.80000000	4836.90600000	4747.74000000	4755.93800000	4779.10640000	4785.49240000
2984882943.14381266	4822.75800000	4818.73000000	4787.25000000	4779.30600000	4809.22800000	4811.80600000	4821.03600000	4828.30400000	4754.20800000	4749.37200000	4798.89600000	4797.50360000
2985886287.62541819	4774.06600000	4777.16600000	4797.12600000	4794.51600000	4748.75600000	4748.76800000	4800.83800000	4803.13000000	4784.76600000	4786.86000000	4781.11040000	4782.08800000
2986889632.10702324	4772.57600000	4769.44800000	4783.25400000	4782.18200000	4847.98000000	4848.70000000	4757.03200000	4762.45600000	4750.54000000	4751.93400000	4782.27640000	4782.94400000
2987892976.58862877	4821.84000000	4818.15200000	4785.91000000	4780.26200000	4812.29600000	4815.32800000	4830.89600000	4831.28400000	4762.07600000	4758.11600000	4802.60360000	4800.62840000
2988896321.07023430	4752.29400000	4741.60000000	4783.38600000	4776.93600000	4731.18200000	4728.67200000	4829.29000000	4824.04200000	4762.44600000	4757.22800000	4771.71960000	4765.69560000
2989899665.55183935	4768.26600000	4772.39400000	4802.45600000	4802.65200000	4815.62600000	4811.61800000	4792.85600000	4788.12000000	4752.00400000	4745.51400000	4786.24160000	4784.05960000
2990903010.03344488	4823.44400000	4820.93000000	4781.33200000	4771.85200000	4810.70800000	4811.55800000	4840.14800000	4836.53400000	4741.02600000	4740.39400000	4799.33160000	4796.25360000
2991906354.51504993	4813.76200000	4803.08800000	4755.74200000	4754.35600000	4814.11600000	4812.80800000	4806.26600000	4802.24600000	4776.50200000	4774.44200000	4793.27760000	4789.38800000
2992909698.99665546	4762.31200000	4755.72400000	4810.54200000	4807.70200000	4824.71800000	4813.79400000	4795.89200000	4792.34400000	4756.36200000	4749.30400000	4789.96520000	4783.77360000
2993913043.47826099	4742.83600000	4734.41200000	4795.92600000	4794.39000000	4756.81800000	4751.40400000	4849.96400000	4845.04800000	4751.30800000	4741.82400000	4779.37040000	4773.41560000
2994916387.95986605	4775.70400000	4766.73000000	4800.17400000	4798.16000000	4822.15200000	4812.17000000	4790.14600000	4787.19400000	4763.41800000	4754.56200000	4790.31880000	4783.76320000
2995919732.44147158	4760.23600000	4755.03400000	4804.02200000	4797.30400000	4734.40000000	4737.82800000	4819.08200000	4816.24400000	4795.39400000	4791.06400000	4782.62680000	4779.49480000
2996923076.92307711	4779.64600000	4777.51200000	4786.44400000	4786.46200000	4835.65000000	4828.26400000	4756.93000000	4754.70400000	4763.54200000	4757.79400000	4784.44240000	4780.94720000
2997926421.40468216	4778.22600000	4767.63800000	4801.14200000	4802.05200000	4747.66000000	4740.86600000	4809.92800000	4810.20400000	4796.75000000	4790.67600000	4786.74120000	4782.28720000
2998929765.88628769	4768.30600000	4762.09600000	4779.04200000	4780.28800000	4758.81200000	4747.57000000	4813.14200000	4802.24200000	4791.23600000	4784.06400000	4782.10760000	4775.25200000
2999933110.36789322	4805.10400000	4803.75800000	4761.96600000	4761.06000000	4807.18200000	4801.61800000	4805.65600000	4796.98200000	4780.01800000	4782.06200000	4791.98520000	4789.09600000
3000936454.84949827	4758.20600000	4754.78600000	4772.68400000	4767.09200000	4845.98200000	4834.31400000	4799.59800000	4796.99400000	4787.35200000	4773.89400000	4792.76440000	4785.41600000
3001939799.33110380	4814.96600000	4815.10600000	4786.61800000	4777.84400000	4808.55600000	4800.62800000	4842.09600000	4841.42000000	4758.45800000	4750.41400000	4802.13880000	4797.08240000
3002943143.81270885	4773.23800000	4770.79600000	4782.64400000	4775.74600000	4764.86800000	4760.95200000	4814.93400000	4811.65200000	4783.80800000	4779.76400000	4783.89840000	4779.78200000
3003946488.29431438	4747.91800000	4745.74800000	4780.11800000	4778.54400000	4785.43600000	4782.59600000	4824.12000000	4822.99200000	4758.51800000	4752.57000000	4779.22200000	4776.49000000
3004949832.77591991	4771.68200000	4773.47000000	4755.66000000	4758.47800000	4832.53200000	4831.82800000	4748.32400000	4746.26000000	4771.81200000	4765.15600000	4776.00200000	4775.03840000
3005953177.25752497	4778.95800000	4769.13200000	4803.63800000	4796.00600000	4829.15000000	4822.05200000	4789.63200000	4778.62000000	4765.15600000	4760.10400000	4793.30680000	4785.18280000
3006956521.73913050	4782.36000000	4773.24600000	4753.50000000	4752.01200000	4848.57000000	4845.58400000	4745.64800000	4740.91200000	4774.69600000	4775.04600000	4780.95480000	4777.36000000
3007959866.22073555	4743.26000000	4739.60000000	4794.12600000	4781.68800000	4727.76400000	4724.12000000	4841.64800000	4839.84800000	4751.59800000	4746.65400000	4771.67920000	4766.38200000
3008963210.70234108	4738.22400000	4736.31400000	4799.70400000	4798.46800000	4740.20600000	4733.98200000	4831.98400000	4824.57000000	4740.80400000	4736.76200000	4770.18440000	4766.01920000
3009966555.18394661	4832.15200000	4824.64200000	4779.80600000	4785.77000000	4819.43600000	4810.41600000	4824.43600000	4814.14400000	4757.98600000	4751.21200000	4802.76320000	4797.23680000
3010969899.66555166	4745.60600000	4743.65000000	4797.37000000	4787.60600000	4838.50200000	4834.06400000	4789.90000000	4777.69000000	4761.18600000	4758.43800000	4786.51280000	4780.28960000
3011973244.14715719	4771.30200000	4764.83600000	4804.87800000	4791.49800000	4756.17800000	4747.06400000	4807.58600000	4805.89200000	4790.23800000	4786.24400000	4786.03640000	4779.10680000
3012976588.62876272	4833.99800000	4823.33400000	4788.21000000	4783.41000000	4824.95800000	4814.75200000	4843.04600000	4832.63800000	4765.72000000	4761.43600000	4811.18640000	4803.11400000
3013979933.11036777	4809.05200000	4807.35600000	4782.79800000	4774.00000000	4828.20800000	4831.79200000	4827.39200000	4816.75200000	4787.98000000	4783.17800000	4807.08600000	4802.61560000
3014983277.59197330	4818.77800000	4807.69400000	4764.74600000	4761.93400000	4818.59000000	4809.83000000	4805.44400000	4801.39400000	4779.43400000	4776.23400000	4797.39840000	4791.41720000
3015986622.07357883	4777.56200000	4767.21400000	4810.30800000	4800.73000000	4745.17200000	4734.78600000	4818.02600000	4810.56800000	4793.86800000	4786.44000000	4788.98720000	4779.94760000
3016989966.55518389	4813.66600000	4803.51800000	4791.63200000	4784.93800000	4789.99000000	4781.54400000	4852.28000000	4839.68600000	4764.45600000	4761.21600000	4802.40480000	4794.18040000
3017993311.03678942	4826.12400000	4823.76200000	4781.48400000	4768.54600000	4813.51600000	4811.31200000	4831.53000000	4826.89000000	4759.11000000	4753.17600000	4802.35280000	4796.73720000
3018996655.51839447	4777.13200000	4770.28800000	4758.20800000	4758.40000000	4833.30200000	4826.08200000	4755.98600000	4743.18600000	4774.93600000	4763.26200000	4779.91280000	4772.24360000
3020000000.00000000	4774.89600000	4766.10800000	4789.30000000	4785.63600000	4855.42000000	4851.29600000	4776.50400000	4766.77600000	4769.22600000	4760.52400000	4793.06920000	4786.06800000
