freq	PL_sig1	PL_ref1	PL_sig2	PL_ref2	PL_sig3	PL_ref3	PL_sig4	PL_ref4	PL_sig5	PL_ref5	avgPL_sig	avgPL_ref
2720000000.00000000	4625.51800000	4613.42200000	4606.48400000	4604.64800000	4630.90600000	4621.40800000	4647.98600000	4648.00800000	4659.28200000	4659.69600000	4634.03520000	4629.43640000
2721003344.48160553	4618.45200000	4615.23000000	4634.01600000	4628.84200000	4622.86800000	4614.28000000	4642.20000000	4639.18600000	4622.33400000	4621.74400000	4627.97400000	4623.85640000
2722006688.96321058	4592.07000000	4594.46000000	4606.26600000	4600.31400000	4612.77600000	4599.53600000	4625.59600000	4625.05000000	4644.29000000	4638.44400000	4616.19960000	4611.56080000
2723010033.44481611	4621.73000000	4616.51000000	4603.64400000	4600.20200000	4618.97000000	4620.22800000	4636.64200000	4628.43800000	4654.95000000	4653.27800000	4627.18720000	4623.73120000
2724013377.92642164	4628.37400000	4623.58800000	4601.24200000	4601.71600000	4624.83600000	4616.41000000	4637.45200000	4630.47600000	4644.35600000	4645.09800000	4627.25200000	4623.45760000
2725016722.40802670	4631.53000000	4628.77800000	4603.53600000	4601.42600000	4625.18400000	4620.66800000	4627.24200000	4614.81800000	4631.50800000	4628.80000000	4623.80000000	4618.89800000
2726020066.88963223	4637.39400000	4631.39600000	4608.27000000	4597.36200000	4584.38800000	4574.98000000	4638.53400000	4629.34000000	4625.11800000	4616.92800000	4618.74080000	4610.00120000
2727023411.37123728	4646.76400000	4641.85000000	4629.09400000	4619.63000000	4565.71600000	4561.11000000	4667.85400000	4657.77600000	4625.05200000	4613.34600000	4626.89600000	4618.74240000
2728026755.85284281	4651.28600000	4642.75800000	4616.77200000	4607.99600000	4559.96800000	4554.33200000	4650.95800000	4652.62200000	4640.46800000	4641.89200000	4623.89040000	4619.92000000
2729030100.33444834	4594.33600000	4595.54800000	4605.02400000	4597.84000000	4607.95000000	4608.34000000	4625.86200000	4618.83600000	4649.24800000	4645.21200000	4616.48400000	4613.15520000
2730033444.81605339	4634.30800000	4635.06000000	4604.20400000	4595.00200000	4641.11200000	4639.36200000	4626.87600000	4626.61200000	4617.01800000	4613.40400000	4624.70360000	4621.88800000
2731036789.29765892	4620.75200000	4616.85400000	4589.40200000	4582.87600000	4617.75400000	4613.88200000	4633.95400000	4631.68200000	4659.50200000	4652.46600000	4624.27280000	4619.55200000
2732040133.77926445	4619.24600000	4613.23800000	4611.71800000	4608.09000000	4627.25800000	4624.06200000	4647.99600000	4645.09600000	4662.53200000	4649.47400000	4633.75000000	4627.99200000
2733043478.26086950	4653.86200000	4650.02200000	4609.40200000	4607.49200000	4574.27800000	4567.31200000	4646.99600000	4646.21600000	4648.14000000	4640.98800000	4626.53560000	4622.40600000
2734046822.74247503	4606.53200000	4599.20400000	4641.50200000	4640.25200000	4639.21800000	4630.81200000	4641.65000000	4629.81400000	4640.16200000	4635.94600000	4633.81280000	4627.20560000
2735050167.22408009	4634.12200000	4632.38000000	4586.67200000	4586.33400000	4645.78600000	4635.80800000	4628.09200000	4626.50600000	4611.72000000	4615.17000000	4621.27840000	4619.23960000
2736053511.70568562	4628.27400000	4625.92600000	4593.98400000	4592.78000000	4605.47400000	4622.03800000	4648.39000000	4649.05400000	4683.39600000	4673.53000000	4631.90360000	4632.66560000
2737056856.18729115	4614.59400000	4606.61200000	4598.72000000	4593.07600000	4610.11800000	4604.50400000	4643.14800000	4643.63400000	4677.59600000	4675.95200000	4628.83520000	4624.75560000
2738060200.66889620	4626.65400000	4620.66000000	4585.33400000	4587.69600000	4628.24000000	4622.69800000	4628.13000000	4620.24200000	4640.96600000	4636.75000000	4621.86480000	4617.60920000
2739063545.15050173	4589.45200000	4592.93600000	4615.06000000	4620.12800000	4600.91600000	4602.98800000	4632.94000000	4633.97200000	4627.02000000	4635.66200000	4613.07760000	4617.13720000
2740066889.63210726	4585.48200000	4586.95800000	4622.99400000	4615.93600000	4610.52800000	4602.92400000	4638.27000000	4629.19000000	4636.17400000	4629.99800000	4618.68960000	4613.00120000
2741070234.11371231	4628.70800000	4627.52800000	4608.78800000	4603.08800000	4591.11000000	4578.38800000	4626.28400000	4625.27200000	4619.64200000	4616.12400000	4614.90640000	4610.08000000
2742073578.59531784	4663.11600000	4656.20800000	4601.94200000	4596.94800000	4631.88400000	4627.62400000	4636.06800000	4623.81400000	4629.94800000	4621.41800000	4632.59160000	4625.20240000
2743076923.07692289	4648.04800000	4643.15800000	4638.01600000	4634.33400000	4566.33000000	4565.81600000	4670.69200000	4667.86600000	4604.98800000	4600.83600000	4625.61480000	4622.40200000
2744080267.55852842	4673.01200000	4665.24400000	4633.96400000	4630.91400000	4564.82400000	4564.36000000	4643.50400000	4641.53400000	4635.02000000	4629.83200000	4630.06480000	4626.37680000
2745083612.04013395	4605.44000000	4608.94000000	4661.86600000	4657.25400000	4638.59600000	4632.73000000	4628.53200000	4627.14200000	4630.43800000	4624.48800000	4632.97440000	4630.11080000
2746086956.52173901	4647.71600000	4641.14600000	4627.37400000	4620.82200000	4561.02600000	4558.48600000	4663.31000000	4662.71200000	4621.02400000	4616.45400000	4624.09000000	4619.92400000
2747090301.00334454	4601.35600000	4591.20800000	4626.68000000	4627.95000000	4615.27800000	4612.17400000	4610.18200000	4617.22800000	4612.31800000	4614.50800000	4613.16280000	4612.61360000
2748093645.48495007	4667.70000000	4663.03800000	4601.08600000	4602.06800000	4615.97200000	4614.35800000	4634.29600000	4635.46000000	4629.88800000	4630.35400000	4629.78840000	4629.05560000
2749096989.96655512	4615.93200000	4623.70000000	4625.77200000	4621.14600000	4622.17800000	4619.63800000	4641.54400000	4632.37800000	4621.01000000	4621.51200000	4625.28720000	4623.67480000
2750100334.44816065	4615.95800000	4618.27600000	4630.72400000	4634.39800000	4597.44600000	4602.62800000	4641.28600000	4644.78600000	4626.02800000	4622.08600000	4622.28840000	4624.43480000
2751103678.92976570	4662.70800000	4666.12400000	4601.02200000	4615.65200000	4576.74400000	4579.69600000	4626.83400000	4632.66000000	4620.54400000	4626.00200000	4617.57040000	4624.02680000
2752107023.41137123	4611.61600000	4622.59400000	4573.20200000	4581.64600000	4615.25400000	4625.11000000	4612.99200000	4620.93400000	4623.12200000	4634.97800000	4607.23720000	4617.05240000
2753110367.89297676	4562.13800000	4569.84000000	4604.42200000	4618.83600000	4596.10400000	4610.50200000	4614.27000000	4629.85200000	4615.50200000	4620.70400000	4598.48720000	4609.94680000
2754113712.37458181	4650.99600000	4666.13200000	4617.01200000	4635.74800000	4545.38000000	4562.49600000	4623.43600000	4646.10400000	4609.44800000	4625.98200000	4609.25440000	4627.29240000
2755117056.85618734	4627.62800000	4649.07000000	4580.72800000	4599.99200000	4605.27200000	4634.28400000	4606.23400000	4633.37400000	4597.84400000	4624.09800000	4603.54120000	4628.16360000
2756120401.33779287	4569.13200000	4601.89400000	4616.95400000	4653.57200000	4599.61800000	4625.44600000	4593.74200000	4621.83000000	4587.02400000	4611.76800000	4593.29400000	4622.90200000
2757123745.81939793	4567.78200000	4610.72000000	4600.35400000	4642.19800000	4584.38400000	4625.04800000	4602.13800000	4639.04400000	4590.44800000	4628.92400000	4589.02120000	4629.18680000
2758127090.30100346	4636.15000000	4672.12000000	4595.21200000	4631.55000000	4521.10200000	4560.16600000	4606.28600000	4639.59800000	4588.87000000	4630.47600000	4589.52400000	4626.78200000
2759130434.78260851	4571.40600000	4603.54400000	4602.02600000	4630.78800000	4584.09400000	4621.72200000	4582.05200000	4626.78600000	4577.92400000	4610.87600000	4583.50040000	4618.74320000
2760133779.26421404	4600.30400000	4629.86800000	4559.82000000	4584.78400000	4604.99200000	4634.91400000	4597.13200000	4628.79400000	4575.94400000	4609.70800000	4587.63840000	4617.61360000
2761137123.74581957	4573.92400000	4604.16200000	4610.92200000	4629.26000000	4589.17000000	4618.03800000	4611.07400000	4645.78800000	4599.84600000	4627.09200000	4596.98720000	4624.86800000
2762140468.22742462	4590.63000000	4613.01600000	4582.54200000	4605.77200000	4599.50800000	4613.43200000	4625.98200000	4648.34200000	4635.86000000	4657.16000000	4606.90440000	4627.54440000
2763143812.70903015	4587.88000000	4602.58200000	4623.10000000	4642.78000000	4618.90600000	4631.86800000	4620.38000000	4633.72600000	4615.92600000	4630.07200000	4613.23840000	4628.20560000
2764147157.19063568	4603.94200000	4611.91600000	4587.75000000	4597.82400000	4602.35800000	4616.37400000	4616.81400000	4629.70200000	4654.05600000	4667.31400000	4612.98400000	4624.62600000
2765150501.67224073	4627.20000000	4637.44200000	4594.57000000	4599.83600000	4629.13200000	4637.39800000	4627.70800000	4633.57800000	4606.43000000	4614.90000000	4617.00800000	4624.63080000
2766153846.15384626	4578.17200000	4588.96400000	4651.61800000	4657.98400000	4616.67000000	4618.66400000	4610.67400000	4623.83200000	4607.87200000	4618.00600000	4613.00120000	4621.49000000
2767157190.63545132	4605.30200000	4618.97800000	4583.95400000	4595.09000000	4615.92200000	4622.56200000	4635.33400000	4640.92600000	4657.29600000	4666.10800000	4619.56160000	4628.73280000
2768160535.11705685	4665.34000000	4667.30800000	4592.31600000	4594.81600000	4623.45800000	4625.58200000	4621.17600000	4626.94000000	4621.78200000	4626.30200000	4624.81440000	4628.18960000
2769163879.59866238	4659.35000000	4663.55600000	4611.36000000	4617.04200000	4559.98200000	4565.04400000	4629.49200000	4637.98600000	4628.48400000	4635.25000000	4617.73360000	4623.77560000
2770167224.08026743	4588.78600000	4589.06200000	4629.77000000	4631.61000000	4601.34800000	4611.79600000	4606.16000000	4616.45200000	4608.53400000	4619.13600000	4606.91960000	4613.61120000
2771170568.56187296	4641.98000000	4648.15000000	4619.77000000	4619.84000000	4551.29000000	4561.12600000	4649.55600000	4657.46400000	4611.69200000	4617.50800000	4614.85760000	4620.81760000
2772173913.04347849	4570.04200000	4574.03600000	4616.44200000	4618.01800000	4602.69400000	4604.17600000	4620.47600000	4628.88400000	4612.06800000	4627.99200000	4604.34440000	4610.62120000
2773177257.52508354	4589.00600000	4603.19400000	4632.16600000	4641.53400000	4618.06000000	4639.69600000	4601.67000000	4625.98400000	4604.43600000	4624.11800000	4609.06760000	4626.90520000
2774180602.00668907	4591.63600000	4610.84800000	4615.19400000	4637.01200000	4602.77800000	4623.86200000	4626.25200000	4648.09000000	4602.27400000	4620.68600000	4607.62680000	4628.09960000
2775183946.48829412	4579.39800000	4601.84200000	4622.19200000	4644.78400000	4590.87600000	4609.74800000	4587.79800000	4615.73400000	4594.25000000	4615.82600000	4594.90280000	4617.58680000
2776187290.96989965	4596.93600000	4618.39400000	4564.39600000	4598.00000000	4586.06600000	4610.45600000	4618.54600000	4646.55400000	4638.61800000	4672.54000000	4600.91240000	4629.18880000
2777190635.45150518	4570.17400000	4613.29800000	4559.39600000	4591.12800000	4574.78800000	4616.64400000	4605.02000000	4638.39200000	4625.88400000	4668.68800000	4587.05240000	4625.63000000
2778193979.93311024	4550.85400000	4602.40800000	4571.38000000	4612.34800000	4558.04600000	4601.99800000	4586.92400000	4630.17800000	4578.09800000	4626.88400000	4569.06040000	4614.76320000
2779197324.41471577	4526.53000000	4577.03400000	4577.65000000	4630.36200000	4560.42000000	4609.49600000	4574.38600000	4621.84800000	4562.95400000	4616.35000000	4560.38800000	4611.01800000
2780200668.89632130	4538.51000000	4592.00000000	4556.44800000	4610.68800000	4551.37600000	4597.61800000	4567.50400000	4619.16400000	4580.29600000	4630.38000000	4558.82680000	4609.97000000
2781204013.37792635	4564.04000000	4617.89600000	4528.85400000	4582.59800000	4556.57200000	4603.59200000	4575.18000000	4637.92800000	4596.26400000	4652.12600000	4564.18200000	4618.82800000
2782207357.85953188	4563.21200000	4612.13400000	4545.70400000	4592.84600000	4557.68000000	4610.81600000	4585.82800000	4636.42800000	4620.43200000	4669.81600000	4574.57120000	4624.40800000
2783210702.34113693	4625.61000000	4668.62200000	4582.64400000	4620.54800000	4510.41200000	4557.90200000	4598.39600000	4646.37400000	4591.65200000	4636.20000000	4581.74280000	4625.92920000
2784214046.82274246	4582.65000000	4617.07800000	4555.08400000	4586.58800000	4575.56400000	4606.89200000	4599.34200000	4630.59800000	4611.31600000	4645.16600000	4584.79120000	4617.26440000
2785217391.30434799	4633.06200000	4664.66400000	4594.83400000	4616.47400000	4536.96400000	4567.87000000	4616.55000000	4643.76200000	4605.03200000	4635.03200000	4597.28840000	4625.56040000
2786220735.78595304	4594.01000000	4605.87600000	4619.12600000	4641.52800000	4624.11400000	4639.06000000	4606.46200000	4619.34200000	4598.53200000	4616.31000000	4608.44880000	4624.42320000
2787224080.26755857	4583.95200000	4594.47200000	4576.52000000	4596.40000000	4598.70400000	4608.83600000	4619.80400000	4628.81000000	4631.15800000	4642.03000000	4602.02760000	4614.10960000
2788227424.74916410	4617.95200000	4620.10600000	4580.35200000	4585.34800000	4616.91600000	4625.36200000	4613.78000000	4625.95000000	4620.00400000	4636.52200000	4609.80080000	4618.65760000
2789230769.23076916	4588.66400000	4597.54400000	4590.44200000	4591.84600000	4608.78600000	4609.28200000	4613.21200000	4626.74400000	4642.12800000	4641.83800000	4608.64640000	4613.45080000
2790234113.71237469	4602.73400000	4604.58000000	4595.94000000	4599.06800000	4601.68200000	4609.61600000	4616.98400000	4623.91600000	4653.42200000	4659.43400000	4614.15240000	4619.32280000
2791237458.19397974	4610.61200000	4621.90000000	4601.93400000	4616.93600000	4601.63400000	4607.24800000	4616.97400000	4615.78600000	4618.72200000	4620.92000000	4609.97520000	4616.55800000
2792240802.67558527	4607.03800000	4609.68400000	4582.81200000	4586.91400000	4618.18000000	4616.52200000	4657.15200000	4649.79800000	4667.23600000	4674.58000000	4626.48360000	4627.49960000
2793244147.15719080	4652.25400000	4656.12800000	4600.88600000	4600.46600000	4621.99800000	4629.93400000	4629.48400000	4627.07200000	4624.57200000	4624.73000000	4625.83880000	4627.66600000
2794247491.63879585	4643.51400000	4641.72600000	4621.79400000	4615.34400000	4550.74200000	4548.33600000	4666.22400000	4661.41400000	4624.04400000	4624.66800000	4621.26360000	4618.29760000
2795250836.12040138	4595.32800000	4597.58000000	4636.29200000	4635.22200000	4609.09400000	4607.23600000	4614.26000000	4614.75400000	4617.81800000	4612.20200000	4614.55840000	4613.39880000
2796254180.60200691	4666.26000000	4666.21600000	4608.01200000	4602.91800000	4633.88800000	4625.81000000	4630.88400000	4627.06800000	4627.28400000	4621.20000000	4633.26560000	4628.64240000
2797257525.08361197	4645.69400000	4651.88600000	4614.25000000	4613.47600000	4562.48000000	4557.03400000	4661.51400000	4661.45600000	4630.39200000	4626.84800000	4622.86600000	4622.14000000
2798260869.56521749	4647.91000000	4645.37000000	4606.48400000	4600.55600000	4636.08800000	4636.94200000	4636.40800000	4634.58600000	4621.33400000	4618.68400000	4629.64480000	4627.22760000
2799264214.04682255	4621.55000000	4615.33200000	4594.36000000	4593.38600000	4610.02600000	4613.37400000	4644.02600000	4643.94400000	4675.71400000	4674.86200000	4629.13520000	4628.17960000
2800267558.52842808	4662.97600000	4662.35600000	4641.80600000	4633.56000000	4565.89000000	4556.13600000	4666.56600000	4660.24200000	4619.96600000	4618.55000000	4631.44080000	4626.16880000
2801270903.01003361	4665.51400000	4669.23200000	4597.91000000	4595.58800000	4620.19800000	4619.56400000	4640.77600000	4634.53200000	4634.99000000	4627.99600000	4631.87760000	4629.38240000
2802274247.49163866	4616.66400000	4613.59200000	4630.59400000	4636.05600000	4622.62600000	4619.63200000	4644.96400000	4642.05000000	4626.40400000	4617.13600000	4628.25040000	4625.69320000
2803277591.97324419	4617.59600000	4612.03600000	4613.98600000	4611.23200000	4602.09400000	4598.68800000	4619.87000000	4608.26800000	4619.62200000	4623.00400000	4614.63360000	4610.64560000
2804280936.45484972	4600.18000000	4591.21800000	4620.85600000	4616.07600000	4604.82000000	4607.70800000	4633.49000000	4630.91400000	4637.03800000	4631.01000000	4619.27680000	4615.38520000
2805284280.93645477	4610.55800000	4606.48000000	4656.54200000	4647.73600000	4632.99800000	4630.14800000	4630.35200000	4622.38000000	4617.06600000	4615.78000000	4629.50320000	4624.50480000
2806287625.41806030	4613.11000000	4615.90800000	4590.57200000	4584.75200000	4614.20200000	4618.01600000	4657.43800000	4652.48400000	4677.13200000	4671.50400000	4630.49080000	4628.53280000
2807290969.89966536	4665.88600000	4664.88400000	4606.52800000	4602.92600000	4634.99400000	4631.89600000	4636.53600000	4632.79000000	4620.07000000	4617.85200000	4632.80280000	4630.06960000
2808294314.38127089	4654.87400000	4654.27200000	4620.87400000	4618.83800000	4560.49200000	4557.17000000	4675.07600000	4663.12800000	4635.14000000	4627.90000000	4629.29120000	4624.26160000
2809297658.86287642	4657.26000000	4655.89000000	4630.93600000	4628.21400000	4569.61000000	4572.11400000	4666.96400000	4661.60800000	4611.13000000	4615.08000000	4627.18000000	4626.58120000
2810301003.34448147	4616.41800000	4615.16800000	4610.04000000	4602.36400000	4619.69800000	4611.65200000	4628.12200000	4621.28400000	4672.27200000	4659.63800000	4629.31000000	4622.02120000
2811304347.82608700	4681.08600000	4670.54400000	4626.61200000	4617.65800000	4560.30400000	4553.97800000	4648.25200000	4641.27400000	4638.00200000	4633.03400000	4630.85120000	4623.29760000
2812307692.30769253	4659.84400000	4655.76800000	4638.15200000	4638.59600000	4564.39600000	4559.99800000	4657.68800000	4653.63400000	4620.18600000	4610.01200000	4628.05320000	4623.60160000
2813311036.78929758	4641.57000000	4626.13000000	4605.29800000	4605.11400000	4582.52800000	4583.92400000	4628.77000000	4629.38400000	4620.96000000	4620.92000000	4615.82520000	4613.09440000
2814314381.27090311	4597.61000000	4595.86000000	4631.42600000	4631.02000000	4613.11400000	4604.67800000	4621.25800000	4607.25000000	4616.62000000	4611.82200000	4616.00560000	4610.12600000
2815317725.75250816	4609.63800000	4613.36600000	4597.97600000	4595.62000000	4615.26200000	4606.08800000	4634.73400000	4625.38800000	4660.15400000	4657.99800000	4623.55280000	4619.69200000
2816321070.23411369	4671.28800000	4662.81200000	4615.93600000	4604.02600000	4600.79800000	4598.91200000	4632.63400000	4625.61800000	4639.49400000	4635.71000000	4632.03000000	4625.41560000
2817324414.71571922	4574.56800000	4570.07200000	4634.00200000	4631.00800000	4619.68200000	4615.24400000	4636.10800000	4628.60600000	4617.21000000	4609.99800000	4616.31400000	4610.98560000
2818327759.19732428	4668.03200000	4661.46800000	4602.71200000	4599.09000000	4615.17400000	4607.45600000	4634.52000000	4629.47000000	4632.40000000	4631.04400000	4630.56760000	4625.70560000
2819331103.67892981	4601.44000000	4598.90800000	4643.40400000	4643.41800000	4605.37800000	4616.82200000	4610.51200000	4608.81800000	4617.02400000	4608.60000000	4615.55160000	4615.31320000
2820334448.16053534	4640.89000000	4644.73200000	4619.49600000	4611.67000000	4551.17000000	4557.46200000	4660.88400000	4656.79000000	4634.54000000	4631.12600000	4621.39600000	4620.35600000
2821337792.64214039	4668.72400000	4666.63000000	4626.01800000	4615.81400000	4566.01800000	4565.09000000	4632.63000000	4628.30000000	4646.33200000	4637.59000000	4627.94440000	4622.68480000
2822341137.12374592	4634.63200000	4630.36800000	4599.37600000	4599.75200000	4601.42000000	4597.54400000	4627.82000000	4624.79200000	4625.80400000	4617.86800000	4617.81040000	4614.06480000
2823344481.60535097	4627.56600000	4625.60200000	4588.56600000	4582.19600000	4634.71000000	4626.70000000	4627.03800000	4624.76600000	4633.05600000	4631.54800000	4622.18720000	4618.16240000
2824347826.08695650	4628.00000000	4622.14600000	4596.41200000	4592.57600000	4632.26600000	4632.86800000	4632.97600000	4631.61400000	4619.55200000	4615.24400000	4621.84120000	4618.88960000
2825351170.56856203	4671.03200000	4661.98600000	4612.89600000	4610.61200000	4587.06800000	4585.28200000	4637.28200000	4632.92800000	4638.00800000	4637.24400000	4629.25720000	4625.61040000
2826354515.05016708	4624.57800000	4622.42400000	4596.32800000	4592.25400000	4620.13600000	4612.39200000	4651.98800000	4650.45000000	4679.59600000	4674.59200000	4634.52520000	4630.42240000
2827357859.53177261	4589.24400000	4586.25400000	4639.44400000	4632.53600000	4613.42800000	4612.24800000	4627.30200000	4624.13800000	4621.07800000	4617.06800000	4618.09920000	4614.44880000
2828361204.01337814	4598.71000000	4594.95800000	4604.90800000	4598.76000000	4616.47000000	4609.35200000	4607.37800000	4601.90400000	4645.43800000	4642.29400000	4614.58080000	4609.45360000
2829364548.49498320	4603.11200000	4596.46000000	4655.39200000	4655.57400000	4628.41200000	4632.55600000	4626.54800000	4619.34600000	4614.69600000	4614.37400000	4625.63200000	4623.66200000
2830367892.97658873	4598.41000000	4597.64000000	4637.05800000	4635.05800000	4613.83200000	4611.02400000	4614.76600000	4610.25800000	4615.57600000	4612.47400000	4615.92840000	4613.29080000
2831371237.45819378	4595.96600000	4596.72600000	4609.40400000	4608.51200000	4605.20000000	4602.88200000	4637.92000000	4636.39000000	4633.04200000	4630.83600000	4616.30640000	4615.06920000
2832374581.93979931	4649.12600000	4647.98400000	4627.66000000	4626.38000000	4564.08400000	4566.44400000	4658.97000000	4661.32000000	4612.41400000	4607.04800000	4622.45080000	4621.83520000
2833377926.42140484	4615.83800000	4613.18600000	4631.35200000	4626.23200000	4609.59200000	4608.12000000	4644.93200000	4642.80200000	4620.58600000	4621.09600000	4624.46000000	4622.28720000
2834381270.90300989	4639.20200000	4645.49000000	4623.50400000	4631.08600000	4558.11600000	4563.75400000	4657.62200000	4664.58000000	4614.74600000	4612.42000000	4618.63800000	4623.46600000
2835384615.38461542	4574.38400000	4584.75400000	4624.38800000	4633.25600000	4601.33200000	4611.20400000	4620.56000000	4623.16200000	4616.11800000	4615.93000000	4607.35640000	4613.66120000
2836387959.86622095	4602.41400000	4612.10800000	4595.34400000	4597.22800000	4602.39600000	4614.80000000	4610.14400000	4620.53400000	4647.41200000	4652.52400000	4611.54200000	4619.43880000
2837391304.34782600	4620.16600000	4625.53200000	4573.75800000	4580.32000000	4614.64000000	4620.04000000	4616.64400000	4623.87600000	4626.75600000	4627.87800000	4610.39280000	4615.52920000
2838394648.82943153	4618.34800000	4627.29200000	4580.27600000	4597.39000000	4619.37000000	4633.10000000	4622.97200000	4629.94200000	4601.60600000	4616.60000000	4608.51440000	4620.86480000
2839397993.31103659	4560.10400000	4576.71800000	4611.88000000	4625.63000000	4598.71600000	4609.60400000	4617.87000000	4626.88800000	4599.28600000	4616.17600000	4597.57120000	4611.00320000
2840401337.79264212	4605.85600000	4626.74800000	4575.74200000	4599.93200000	4598.76200000	4620.04400000	4608.07200000	4627.79000000	4611.57400000	4635.03000000	4600.00120000	4621.90880000
2841404682.27424765	4583.28600000	4605.82400000	4567.32000000	4595.28400000	4573.42400000	4600.14000000	4605.76000000	4629.46400000	4626.59000000	4659.54000000	4591.27600000	4618.05040000
2842408026.75585270	4600.38200000	4633.84400000	4570.43400000	4603.80400000	4555.18600000	4580.80600000	4595.99000000	4625.32000000	4595.06600000	4619.43000000	4583.41160000	4612.64080000
2843411371.23745823	4581.95600000	4613.45400000	4551.35000000	4585.63200000	4577.78000000	4607.17400000	4611.45200000	4633.68400000	4622.48600000	4651.07800000	4589.00480000	4618.20440000
2844414715.71906376	4627.69200000	4658.67600000	4600.07800000	4624.31400000	4539.82800000	4569.16000000	4631.67800000	4658.74400000	4570.40600000	4602.69400000	4593.93640000	4622.71760000
2845418060.20066881	4646.08800000	4663.11600000	4576.68000000	4605.43000000	4581.47800000	4604.95000000	4600.56800000	4627.99200000	4599.20400000	4632.06600000	4600.80360000	4626.71080000
2846421404.68227434	4631.99000000	4650.33200000	4611.22600000	4628.51400000	4545.53800000	4557.75200000	4639.44800000	4656.29400000	4588.78000000	4606.03000000	4603.39640000	4619.78440000
2847424749.16387939	4629.13400000	4643.49400000	4597.20200000	4614.45200000	4541.93800000	4562.75800000	4632.63800000	4647.71000000	4617.82000000	4634.41800000	4603.74640000	4620.56640000
2848428093.64548492	4633.51000000	4650.38600000	4591.17200000	4603.43600000	4624.82000000	4636.89200000	4625.19800000	4633.17200000	4610.01800000	4620.99600000	4616.94360000	4628.97640000
2849431438.12709045	4580.13400000	4588.73000000	4614.33000000	4620.22400000	4597.53400000	4599.98600000	4631.60600000	4637.02800000	4622.61400000	4631.34800000	4609.24360000	4615.46320000
2850434782.60869551	4600.43000000	4600.89400000	4649.38200000	4652.56800000	4622.21800000	4630.15000000	4612.06800000	4616.37200000	4611.13600000	4616.62000000	4619.04680000	4623.32080000
2851438127.09030104	4659.60200000	4656.68200000	4597.14000000	4596.21600000	4625.42800000	4630.07400000	4632.42400000	4629.99400000	4615.34600000	4627.86600000	4625.98800000	4628.16640000
2852441471.57190657	4607.50000000	4609.33800000	4602.97200000	4602.13600000	4609.54600000	4615.75200000	4615.62000000	4622.29800000	4657.09000000	4660.46400000	4618.54560000	4621.99760000
2853444816.05351162	4642.54600000	4643.69600000	4604.22400000	4603.53600000	4561.71400000	4566.55000000	4643.27400000	4640.62600000	4639.61800000	4641.71200000	4618.27520000	4619.22400000
2854448160.53511715	4615.45600000	4621.34200000	4593.63000000	4594.27000000	4609.71400000	4610.93200000	4647.89800000	4650.71800000	4672.62400000	4679.71000000	4627.86440000	4631.39440000
2855451505.01672220	4641.15000000	4649.41800000	4602.30200000	4605.75000000	4562.54600000	4567.23200000	4626.11200000	4631.38800000	4630.45000000	4637.79800000	4612.51200000	4618.31720000
2856454849.49832773	4592.05600000	4610.34400000	4579.83400000	4596.66400000	4595.58400000	4606.18200000	4618.68400000	4635.87600000	4651.81800000	4662.45200000	4607.59520000	4622.30360000
2857458193.97993326	4595.58000000	4604.39000000	4630.52000000	4637.03000000	4616.58000000	4621.77400000	4624.62400000	4640.65800000	4613.32400000	4628.13200000	4616.12560000	4626.39680000
2858461538.46153831	4650.19200000	4663.06800000	4611.21400000	4631.11600000	4547.14200000	4560.50600000	4623.75800000	4641.18400000	4616.53600000	4628.76800000	4609.76840000	4624.92840000
2859464882.94314384	4590.08000000	4607.44200000	4636.19600000	4654.92800000	4598.60600000	4619.60400000	4608.07200000	4625.78600000	4601.76000000	4619.18400000	4606.94280000	4625.38880000
2860468227.42474937	4567.77200000	4590.56400000	4582.46000000	4606.51800000	4577.25000000	4606.91800000	4595.22000000	4616.06200000	4600.16200000	4632.16000000	4584.57280000	4610.44440000
2861471571.90635443	4568.22400000	4609.93800000	4605.36000000	4636.77400000	4594.06000000	4636.17400000	4596.73000000	4631.06000000	4592.22200000	4633.52200000	4591.31920000	4629.49360000
2862474916.38795996	4579.04800000	4618.58200000	4545.55200000	4580.01400000	4575.20200000	4606.18600000	4597.65600000	4633.74000000	4614.63000000	4653.71200000	4582.41760000	4618.44680000
2863478260.86956501	4571.62200000	4612.10000000	4608.66200000	4648.15200000	4567.74200000	4610.55600000	4585.46000000	4629.40000000	4574.46000000	4612.69000000	4581.58920000	4622.57960000
2864481605.35117054	4563.87000000	4598.69600000	4617.61200000	4655.01800000	4595.95200000	4627.10000000	4587.24200000	4631.22000000	4573.81000000	4616.22200000	4587.69720000	4625.65120000
2865484949.83277607	4632.21200000	4665.17000000	4591.17400000	4637.42400000	4516.61600000	4558.18000000	4606.90600000	4644.30000000	4591.65200000	4629.05400000	4587.71200000	4626.82560000
2866488294.31438112	4596.68800000	4629.15200000	4574.20200000	4598.31600000	4591.68800000	4621.29200000	4590.40000000	4627.97600000	4601.74600000	4629.91400000	4590.94480000	4621.33000000
2867491638.79598665	4597.72200000	4615.79000000	4566.90600000	4590.65800000	4585.60800000	4608.73200000	4613.70400000	4623.32000000	4637.45600000	4658.13200000	4600.27920000	4619.32640000
2868494983.27759218	4578.35800000	4596.72600000	4640.05800000	4657.91400000	4600.98200000	4617.80600000	4608.26600000	4619.71600000	4591.64200000	4609.83400000	4603.86120000	4620.39920000
2869498327.75919724	4622.88600000	4628.12800000	4598.83400000	4598.75600000	4578.53200000	4588.00600000	4622.80800000	4621.52400000	4612.43000000	4618.52800000	4607.09800000	4610.98840000
2870501672.24080276	4614.24200000	4612.84000000	4642.99800000	4642.59400000	4606.37600000	4611.48400000	4627.96600000	4630.56400000	4619.50000000	4625.45000000	4622.21640000	4624.58640000
2871505016.72240782	4596.14600000	4594.86800000	4605.77000000	4605.36800000	4602.23200000	4606.98800000	4623.92200000	4624.42400000	4632.98600000	4630.66600000	4612.21120000	4612.46280000
2872508361.20401335	4615.61800000	4616.50800000	4631.06400000	4626.54800000	4602.29200000	4606.96400000	4638.08000000	4642.17800000	4629.84600000	4633.47200000	4623.38000000	4625.13400000
2873511705.68561888	4627.63000000	4623.02400000	4604.67200000	4604.43000000	4598.75400000	4594.85800000	4622.78800000	4619.38600000	4621.17400000	4623.25000000	4615.00360000	4612.98960000
2874515050.16722393	4594.00400000	4587.78200000	4608.19000000	4613.06400000	4602.81600000	4601.79800000	4619.75600000	4613.09600000	4632.59600000	4629.70600000	4611.47240000	4609.08920000
2875518394.64882946	4598.17000000	4589.91200000	4605.26200000	4598.14000000	4612.65200000	4608.57000000	4619.51000000	4631.04400000	4645.31600000	4644.37600000	4616.18200000	4614.40840000
2876521739.13043499	4625.32800000	4623.32600000	4598.96000000	4596.43600000	4616.63400000	4613.50200000	4651.53400000	4648.47600000	4673.95800000	4673.48200000	4633.28280000	4631.04440000
2877525083.61204004	4587.10600000	4582.69800000	4638.91800000	4632.68400000	4609.56200000	4607.85600000	4627.61200000	4627.47800000	4625.41600000	4624.73200000	4617.72280000	4615.08960000
2878528428.09364557	4675.20800000	4667.15800000	4606.96000000	4603.18000000	4593.12200000	4597.28400000	4631.57200000	4631.44200000	4638.14200000	4633.44600000	4629.00080000	4626.50200000
2879531772.57525063	4620.53600000	4614.25200000	4631.11600000	4625.22000000	4628.17600000	4620.66200000	4645.51600000	4641.75200000	4621.74800000	4623.22000000	4629.41840000	4625.02120000
2880535117.05685616	4651.43800000	4645.58200000	4636.52400000	4626.87600000	4570.49800000	4568.33600000	4670.58600000	4667.44200000	4600.30000000	4602.44200000	4625.86920000	4622.13560000
2881538461.53846169	4611.99800000	4612.02800000	4605.69600000	4601.47600000	4607.71400000	4605.64000000	4629.53400000	4628.55200000	4659.23800000	4661.25800000	4622.83600000	4621.79080000
2882541806.02006674	4619.48000000	4619.77200000	4621.00400000	4618.99200000	4618.32600000	4616.81200000	4643.17000000	4647.45400000	4629.63800000	4630.92400000	4626.32360000	4626.79080000
2883545150.50167227	4671.25000000	4667.93800000	4604.42000000	4602.47200000	4636.15400000	4628.17400000	4634.01200000	4622.49400000	4619.51400000	4619.15200000	4633.07000000	4628.04600000
2884548494.98327780	4667.71600000	4665.16000000	4617.75000000	4617.10000000	4575.43400000	4569.47200000	4646.77600000	4642.40000000	4638.80200000	4635.09600000	4629.29560000	4625.84560000
2885551839.46488285	4615.14000000	4612.82400000	4590.80200000	4592.26800000	4611.98000000	4610.32600000	4648.75400000	4640.87600000	4671.24400000	4673.43400000	4627.58400000	4625.94560000
2886555183.94648838	4669.49800000	4668.18600000	4597.22400000	4594.04600000	4624.23400000	4625.27200000	4630.96000000	4627.16600000	4623.11200000	4627.62200000	4629.00560000	4628.45840000
2887558528.42809343	4609.28200000	4610.78400000	4597.77000000	4600.28600000	4607.72600000	4610.95800000	4608.05000000	4619.16800000	4642.67400000	4652.94600000	4613.10040000	4618.82840000
2888561872.90969896	4620.62800000	4631.32600000	4592.89000000	4600.07800000	4574.44600000	4585.71400000	4618.12200000	4619.35600000	4615.10200000	4621.42800000	4604.23760000	4611.58040000
2889565217.39130449	4623.81600000	4630.77600000	4580.41200000	4590.49200000	4610.48200000	4615.71600000	4621.29000000	4629.45200000	4629.16200000	4643.96400000	4613.03240000	4622.08000000
2890568561.87290955	4606.94000000	4614.14400000	4623.41800000	4639.39200000	4603.20000000	4610.41000000	4630.43600000	4637.08800000	4619.03000000	4626.86600000	4616.60480000	4625.58000000
2891571906.35451508	4564.40600000	4584.07200000	4608.90000000	4626.23800000	4594.89000000	4601.29000000	4615.31000000	4627.46400000	4615.50000000	4624.35400000	4599.80120000	4612.68360000
2892575250.83612061	4630.92200000	4641.29400000	4579.42600000	4603.56400000	4607.13000000	4622.72400000	4599.94800000	4626.82400000	4594.94800000	4618.59400000	4602.47480000	4622.60000000
2893578595.31772566	4588.81200000	4626.71200000	4562.41400000	4591.28800000	4588.03000000	4623.22600000	4586.54000000	4614.22400000	4602.02200000	4632.53200000	4585.56360000	4617.59640000
2894581939.79933119	4575.30400000	4607.24200000	4566.79000000	4602.92000000	4582.41200000	4615.49000000	4591.20000000	4633.12200000	4616.46400000	4660.23800000	4586.43400000	4623.80240000
2895585284.28093624	4586.02800000	4619.78600000	4556.88200000	4592.60400000	4579.57600000	4615.49800000	4611.11400000	4648.44400000	4629.01200000	4673.15600000	4592.52240000	4629.89760000
2896588628.76254177	4565.72200000	4600.49800000	4596.99800000	4630.78800000	4599.23800000	4639.67800000	4589.57600000	4631.57600000	4599.11800000	4641.14400000	4590.13040000	4628.73680000
2897591973.24414730	4606.65000000	4643.95200000	4563.18400000	4597.89200000	4540.66000000	4575.76000000	4593.67000000	4637.62400000	4593.57000000	4637.57800000	4579.54680000	4618.56120000
2898595317.72575235	4565.15400000	4598.33200000	4563.75600000	4591.08600000	4580.01800000	4610.68200000	4591.54800000	4626.93600000	4608.56200000	4647.14600000	4581.80760000	4614.83640000
2899598662.20735788	4571.49000000	4587.76600000	4579.82000000	4601.14000000	4582.16400000	4609.16000000	4604.69800000	4622.45400000	4613.96000000	4642.47200000	4590.42640000	4612.59840000
2900602006.68896341	4598.45400000	4611.96600000	4586.03400000	4608.25000000	4602.09000000	4621.30200000	4618.49200000	4640.97400000	4642.16600000	4658.70200000	4609.44720000	4628.23880000
2901605351.17056847	4630.50400000	4643.37800000	4598.93600000	4605.66800000	4541.40200000	4557.94600000	4653.10800000	4661.16800000	4620.08600000	4634.28600000	4608.80720000	4620.48920000
2902608695.65217400	4592.36600000	4593.39400000	4631.04800000	4642.15000000	4625.45400000	4632.97800000	4616.33200000	4620.64600000	4616.60400000	4618.40800000	4616.36080000	4621.51520000
2903612040.13377905	4605.79200000	4610.19600000	4649.80200000	4650.51000000	4615.56600000	4619.07200000	4622.89200000	4622.52600000	4611.73800000	4618.55600000	4621.15800000	4624.17200000
2904615384.61538458	4587.33400000	4597.19000000	4646.25200000	4645.55200000	4610.44600000	4610.45200000	4607.98600000	4617.91200000	4607.50800000	4608.25400000	4611.90520000	4615.87200000
2905618729.09699011	4622.47600000	4624.29000000	4601.76600000	4600.65800000	4582.80800000	4585.64600000	4628.40800000	4628.36600000	4623.04000000	4627.24200000	4611.69960000	4613.24040000
2906622073.57859516	4647.14400000	4649.04200000	4597.02000000	4604.16400000	4630.55200000	4637.50400000	4635.87200000	4634.11800000	4617.36800000	4625.57000000	4625.59120000	4630.07960000
2907625418.06020069	4620.82400000	4626.02800000	4597.59000000	4599.43000000	4614.01400000	4619.31400000	4624.30800000	4632.53800000	4639.30200000	4645.46400000	4619.20760000	4624.55480000
2908628762.54180622	4633.70800000	4635.35000000	4623.94200000	4625.71400000	4557.81200000	4563.97600000	4656.66200000	4663.36000000	4605.88600000	4616.70600000	4615.60200000	4621.02120000
2909632107.02341127	4588.50200000	4590.05400000	4590.19600000	4593.38800000	4602.79400000	4607.38400000	4623.47000000	4629.18400000	4634.12600000	4641.06400000	4607.81760000	4612.21480000
2910635451.50501680	4609.89000000	4616.56200000	4578.74200000	4588.08600000	4612.28200000	4623.21000000	4602.86600000	4619.17400000	4628.16600000	4631.58000000	4606.38920000	4615.72240000
2911638795.98662186	4598.26200000	4613.73800000	4584.39200000	4601.65000000	4588.20000000	4603.97200000	4616.70400000	4627.23600000	4638.22000000	4654.87200000	4605.15560000	4620.29360000
2912642140.46822739	4637.76600000	4655.51600000	4576.38800000	4604.01200000	4608.18800000	4632.25800000	4606.05600000	4630.22200000	4595.71000000	4624.31600000	4604.82160000	4629.26480000
2913645484.94983292	4571.70800000	4592.54600000	4622.15400000	4653.94800000	4598.68000000	4614.59000000	4598.50000000	4621.68000000	4588.08600000	4611.08600000	4595.82560000	4618.77000000
2914648829.43143797	4597.32600000	4627.50000000	4582.76000000	4606.39000000	4582.99800000	4605.33000000	4594.34800000	4612.37600000	4601.70600000	4626.55200000	4591.82760000	4615.62960000
2915652173.91304350	4646.31000000	4671.70800000	4604.50400000	4625.09000000	4528.76200000	4553.17400000	4615.88200000	4640.34800000	4597.19800000	4628.30800000	4598.53120000	4623.72560000
2916655518.39464903	4640.67600000	4660.45000000	4583.09400000	4610.49800000	4567.91400000	4597.61000000	4607.39000000	4630.57200000	4608.96000000	4637.44600000	4601.60680000	4627.31520000
2917658862.87625408	4568.86000000	4592.44400000	4632.50600000	4656.02400000	4611.09400000	4635.76000000	4610.38800000	4623.92000000	4598.44600000	4618.59400000	4604.25880000	4625.34840000
2918662207.35785961	4621.19000000	4633.00200000	4580.37000000	4599.25600000	4621.38800000	4641.36600000	4615.46000000	4638.04400000	4600.35800000	4614.53200000	4607.75320000	4625.24000000
2919665551.83946514	4633.18600000	4641.86600000	4606.09200000	4613.43600000	4543.68000000	4552.56200000	4653.35600000	4664.96600000	4618.62200000	4624.28600000	4610.98720000	4619.42320000
2920668896.32107019	4634.48600000	4642.80600000	4621.55800000	4620.61800000	4556.39400000	4572.85200000	4653.45200000	4666.05000000	4598.09600000	4606.76400000	4612.79720000	4621.81800000
2921672240.80267572	4616.74800000	4620.46600000	4633.10400000	4634.06000000	4604.96800000	4606.72400000	4630.12400000	4638.58400000	4622.76200000	4625.47400000	4621.54120000	4625.06160000
2922675585.28428078	4620.90200000	4619.09600000	4601.34800000	4590.96400000	4616.46000000	4618.83200000	4629.02600000	4621.60200000	4645.46200000	4646.13400000	4622.63960000	4619.32560000
2923678929.76588631	4596.03600000	4594.97600000	4650.22800000	4648.46400000	4622.87800000	4625.40600000	4617.63200000	4623.47000000	4614.36000000	4613.58200000	4620.22680000	4621.17960000
2924682274.24749184	4631.92600000	4630.81400000	4598.67000000	4597.28600000	4634.68800000	4641.55400000	4625.51400000	4622.99000000	4618.31800000	4618.00000000	4621.82320000	4622.12880000
2925685618.72909689	4622.00600000	4624.08800000	4607.68400000	4601.47000000	4621.35800000	4616.09400000	4620.03200000	4614.33600000	4636.53800000	4636.25200000	4621.52360000	4618.44800000
2926688963.21070242	4615.71600000	4614.96200000	4585.55400000	4588.30200000	4612.66000000	4610.28600000	4650.60000000	4640.54400000	4679.38000000	4673.08200000	4628.78200000	4625.43520000
2927692307.69230747	4656.23400000	4656.47000000	4629.82000000	4630.69000000	4572.97800000	4572.31000000	4665.55600000	4664.49400000	4599.71400000	4599.66800000	4624.86040000	4624.72640000
2928695652.17391300	4630.76000000	4633.27200000	4593.40400000	4593.36400000	4640.31800000	4636.29800000	4630.07800000	4627.12400000	4623.01400000	4620.12800000	4623.51480000	4622.03720000
2929698996.65551853	4609.05400000	4609.04000000	4656.00800000	4652.81800000	4629.93600000	4630.27200000	4620.97000000	4620.85800000	4614.22000000	4613.08800000	4626.03760000	4625.21520000
2930702341.13712358	4670.70400000	4675.87600000	4631.65600000	4629.20200000	4556.08000000	4557.50000000	4647.48200000	4636.25800000	4629.53600000	4627.54000000	4627.09160000	4625.27520000
2931705685.61872911	4631.98800000	4629.22600000	4599.73600000	4593.01400000	4593.38000000	4591.93200000	4633.43200000	4620.12000000	4628.88200000	4625.45400000	4617.48360000	4611.94920000
2932709030.10033464	4668.97000000	4663.29600000	4608.83600000	4607.43800000	4605.47200000	4603.57800000	4636.84400000	4628.76600000	4638.28600000	4634.97600000	4631.68160000	4627.61080000
2933712374.58193970	4626.52800000	4621.88400000	4585.10800000	4583.03000000	4621.10800000	4617.19400000	4629.94000000	4626.51400000	4630.35400000	4626.85200000	4618.60760000	4615.09480000
2934715719.06354523	4636.17000000	4631.47800000	4594.94400000	4581.76400000	4627.06000000	4623.86000000	4632.85200000	4626.75400000	4639.61200000	4634.12000000	4626.12760000	4619.59520000
2935719063.54515076	4620.66600000	4617.54200000	4644.78600000	4646.11200000	4615.73600000	4609.39200000	4639.04200000	4636.89600000	4634.85800000	4622.93800000	4631.01760000	4626.57600000
2936722408.02675581	4643.29800000	4636.52400000	4629.00000000	4628.92800000	4560.52600000	4561.13600000	4672.70600000	4664.31800000	4621.33600000	4610.97400000	4625.37320000	4620.37600000
2937725752.50836134	4614.08600000	4612.16800000	4595.23400000	4595.07800000	4607.24000000	4600.28800000	4643.69400000	4639.12600000	4667.28400000	4658.77200000	4625.50760000	4621.08640000
2938729096.98996639	4605.74600000	4601.09600000	4635.67400000	4633.64000000	4639.03200000	4633.54400000	4635.74200000	4628.70200000	4635.29200000	4628.56200000	4630.29720000	4625.10880000
2939732441.47157192	4641.27800000	4640.04000000	4600.25400000	4600.14800000	4584.01600000	4579.18600000	4628.37600000	4621.97400000	4635.69800000	4628.98600000	4617.92440000	4614.06680000
2940735785.95317745	4613.71000000	4605.68000000	4644.65000000	4637.80000000	4627.61800000	4622.30400000	4645.19800000	4641.09000000	4631.93600000	4621.07000000	4632.62240000	4625.58880000
2941739130.43478251	4600.78200000	4601.40400000	4654.76600000	4654.53400000	4634.94400000	4627.41000000	4628.38200000	4627.39000000	4617.57200000	4611.38200000	4627.28920000	4624.42400000
2942742474.91638803	4665.39400000	4671.99800000	4624.74000000	4615.56600000	4556.66800000	4550.69400000	4646.48000000	4645.69400000	4638.06200000	4634.92000000	4626.26880000	4623.77440000
2943745819.39799309	4631.87200000	4622.43800000	4597.41400000	4595.38600000	4631.36000000	4625.54400000	4631.60800000	4626.43800000	4641.33800000	4637.37200000	4626.71840000	4621.43560000
2944749163.87959862	4583.09200000	4578.34000000	4627.29400000	4627.18800000	4614.84600000	4610.19000000	4638.09000000	4631.60800000	4630.26600000	4625.76000000	4618.71760000	4614.61720000
2945752508.36120415	4584.38000000	4579.02600000	4623.10600000	4621.28000000	4616.16800000	4608.36000000	4634.33800000	4629.92600000	4627.93200000	4624.32800000	4617.18480000	4612.58400000
2946755852.84280920	4650.60800000	4651.00000000	4610.66600000	4600.76600000	4578.01200000	4570.35400000	4632.22000000	4630.60000000	4643.11600000	4635.24200000	4622.92440000	4617.59240000
2947759197.32441473	4646.89800000	4641.13000000	4634.95600000	4628.02200000	4562.16600000	4562.70800000	4672.34400000	4662.32000000	4625.80400000	4616.25400000	4628.43360000	4622.08680000
2948762541.80602026	4607.59600000	4605.40200000	4643.39800000	4637.12200000	4641.34600000	4631.54600000	4636.65800000	4634.07000000	4641.64400000	4638.73200000	4634.12840000	4629.37440000
2949765886.28762531	4620.51600000	4617.45000000	4581.64800000	4580.87400000	4612.60600000	4608.14000000	4636.55400000	4633.37400000	4657.90000000	4646.19800000	4621.84480000	4617.20720000
2950769230.76923084	4606.52400000	4607.36600000	4598.90000000	4602.53800000	4613.02200000	4609.88600000	4633.46400000	4628.89000000	4672.07400000	4667.53800000	4624.79680000	4623.24360000
2951772575.25083637	4629.60600000	4629.80000000	4587.77200000	4585.95600000	4623.82600000	4620.56600000	4626.80200000	4621.61200000	4640.11200000	4639.41000000	4621.62360000	4619.46880000
2952775919.73244143	4629.59400000	4623.67200000	4610.03200000	4605.19200000	4618.33400000	4610.45400000	4627.12400000	4621.02400000	4632.34400000	4634.98800000	4623.48560000	4619.06600000
2953779264.21404696	4635.35200000	4633.43600000	4613.25000000	4607.54000000	4595.61000000	4582.29000000	4631.47200000	4630.65400000	4632.35600000	4624.31800000	4621.60800000	4615.64760000
2954782608.69565201	4615.31000000	4618.40800000	4596.08400000	4588.52800000	4617.58000000	4608.97000000	4654.39800000	4649.96600000	4674.14200000	4673.54400000	4631.50280000	4627.88320000
2955785953.17725754	4613.17000000	4613.27800000	4599.62200000	4593.50200000	4610.16200000	4612.26200000	4634.59600000	4639.84400000	4677.38000000	4663.52400000	4626.98600000	4624.48200000
2956789297.65886307	4637.31000000	4629.05600000	4602.43200000	4600.27200000	4588.55000000	4577.60000000	4628.21600000	4628.44200000	4626.45200000	4617.88200000	4616.59200000	4610.65040000
2957792642.14046812	4647.41600000	4642.78800000	4602.81800000	4606.36400000	4641.12000000	4636.32400000	4636.44800000	4638.40400000	4620.57200000	4618.45600000	4629.67480000	4628.46720000
2958795986.62207365	4599.95400000	4600.46400000	4644.57200000	4641.28400000	4617.69400000	4611.42600000	4613.68400000	4615.16200000	4615.75000000	4618.34600000	4618.33080000	4617.33640000
2959799331.10367870	4635.62000000	4633.09400000	4602.75200000	4598.20200000	4637.68400000	4636.80600000	4628.89200000	4632.38200000	4617.51200000	4616.18600000	4624.49200000	4623.33400000
2960802675.58528423	4664.86200000	4662.79400000	4610.54000000	4611.08800000	4577.63400000	4578.32600000	4633.47400000	4633.45400000	4631.08800000	4633.42800000	4623.51960000	4623.81800000
2961806020.06688976	4620.39600000	4616.64400000	4593.77200000	4596.32800000	4618.15200000	4623.44800000	4644.75600000	4649.76800000	4664.78600000	4669.97600000	4628.37240000	4631.23280000
2962809364.54849482	4612.05400000	4614.41600000	4599.51400000	4600.41200000	4596.22600000	4594.41200000	4605.62400000	4615.12800000	4611.48000000	4614.20000000	4604.97960000	4607.71360000
2963812709.03010035	4666.04000000	4671.29000000	4605.46800000	4610.01800000	4582.53200000	4588.13400000	4617.28800000	4626.51000000	4632.52800000	4640.09400000	4620.77120000	4627.20920000
2964816053.51170588	4614.14600000	4617.91400000	4599.67000000	4606.64000000	4585.03800000	4596.95200000	4605.78400000	4616.47200000	4614.88600000	4619.93800000	4603.90480000	4611.58320000
2965819397.99331093	4639.06400000	4654.80000000	4615.50000000	4629.56800000	4554.45400000	4565.06800000	4648.72600000	4661.65200000	4588.97200000	4601.32000000	4609.34320000	4622.48160000
2966822742.47491646	4644.02200000	4666.45000000	4579.68200000	4603.32600000	4583.77400000	4613.07600000	4597.96000000	4636.12600000	4607.51200000	4626.35200000	4602.59000000	4629.06600000
2967826086.95652199	4583.23200000	4619.73000000	4579.91400000	4611.38200000	4569.82200000	4604.78200000	4580.04400000	4615.51000000	4591.93400000	4618.84600000	4580.98920000	4614.05000000
2968829431.43812704	4610.42400000	4639.70400000	4577.84000000	4610.96000000	4529.96000000	4558.69800000	4611.95200000	4648.55600000	4602.30800000	4637.12400000	4586.49680000	4619.00840000
2969832775.91973257	4607.98400000	4651.84600000	4567.01400000	4605.57400000	4537.20000000	4573.64400000	4590.47400000	4630.45600000	4598.16400000	4639.47800000	4580.16720000	4620.19960000
2970836120.40133762	4589.81200000	4621.97200000	4554.64000000	4592.70400000	4588.79600000	4621.84400000	4579.68200000	4613.37400000	4603.05200000	4632.38600000	4583.19640000	4616.45600000
2971839464.88294315	4586.99400000	4625.92800000	4595.32600000	4630.25000000	4583.04000000	4617.14200000	4604.14600000	4647.93000000	4585.73600000	4613.96400000	4591.04840000	4627.04280000
2972842809.36454868	4638.02000000	4673.13000000	4590.18000000	4620.76400000	4527.47200000	4560.62200000	4605.97000000	4635.29800000	4604.83200000	4641.68400000	4593.29480000	4626.29960000
2973846153.84615374	4592.56000000	4608.01800000	4589.35600000	4609.06800000	4593.58000000	4612.39600000	4601.69200000	4616.74200000	4644.91800000	4665.60000000	4604.42120000	4622.36480000
2974849498.32775927	4614.72200000	4629.10800000	4567.75000000	4583.91000000	4604.29400000	4619.21000000	4609.08800000	4626.47200000	4616.01000000	4632.41800000	4602.37280000	4618.22360000
2975852842.80936432	4610.68800000	4620.86400000	4628.37200000	4637.18000000	4601.21600000	4607.79000000	4630.27600000	4641.28800000	4617.89600000	4620.69200000	4617.68960000	4625.56280000
2976856187.29096985	4631.07200000	4629.79800000	4579.81800000	4584.07000000	4612.11800000	4621.35000000	4626.53800000	4631.16000000	4618.50600000	4626.04400000	4613.61040000	4618.48440000
2977859531.77257538	4602.46400000	4606.07400000	4601.71800000	4604.85800000	4607.73400000	4608.68800000	4620.94400000	4630.71800000	4662.54800000	4661.49800000	4619.08160000	4622.36720000
2978862876.25418043	4603.88000000	4604.52600000	4592.83800000	4589.73600000	4601.87000000	4603.96400000	4630.24400000	4631.52800000	4666.38600000	4675.34400000	4619.04360000	4621.01960000
2979866220.73578596	4641.13800000	4640.27400000	4625.54000000	4624.61200000	4564.39600000	4563.65800000	4665.83200000	4666.07600000	4597.32600000	4605.91800000	4618.84640000	4620.10760000
2980869565.21739149	4587.89400000	4593.91000000	4599.64200000	4598.21800000	4603.35400000	4608.60800000	4600.84200000	4608.01400000	4636.35000000	4641.43200000	4605.61640000	4610.03640000
2981872909.69899654	4562.96400000	4567.74600000	4619.22000000	4616.21800000	4611.45800000	4609.42000000	4620.65600000	4635.07600000	4613.94000000	4624.09200000	4605.64760000	4610.51040000
2982876254.18060207	4645.64800000	4652.92000000	4624.54600000	4629.77600000	4560.77000000	4565.43400000	4647.25600000	4649.74000000	4607.66800000	4613.72400000	4617.17760000	4622.31880000
2983879598.66220760	4655.02200000	4667.04200000	4610.63600000	4617.48600000	4553.03000000	4561.08000000	4618.36600000	4627.14600000	4626.93800000	4635.80800000	4612.79840000	4621.71240000
2984882943.14381266	4596.56200000	4616.23400000	4610.89800000	4628.82800000	4603.38400000	4626.30400000	4623.69400000	4639.46000000	4606.76000000	4624.56800000	4608.25960000	4627.07880000
2985886287.62541819	4583.45400000	4603.33000000	4583.44000000	4610.81200000	4590.71000000	4616.48000000	4592.63600000	4617.29800000	4632.47800000	4652.59400000	4596.54360000	4620.10280000
2986889632.10702324	4552.03800000	4574.46400000	4600.71000000	4622.44200000	4592.52400000	4613.25400000	4608.96800000	4635.05400000	4593.55200000	4620.54000000	4589.55840000	4613.15080000
2987892976.58862877	4582.04000000	4609.52400000	4584.47600000	4600.22800000	4584.04800000	4612.82200000	4590.54800000	4618.69800000	4627.82600000	4660.95400000	4593.78760000	4620.44520000
2988896321.07023430	4607.92200000	4631.48800000	4562.04400000	4588.95800000	4616.87600000	4633.44800000	4609.01000000	4626.87000000	4577.10200000	4610.47600000	4594.59080000	4618.24800000
2989899665.55183935	4568.88200000	4597.81200000	4633.52600000	4660.74000000	4610.78800000	4637.65600000	4602.53400000	4628.44400000	4595.46800000	4622.84400000	4602.23960000	4629.49920000
2990903010.03344488	4648.47600000	4663.90800000	4578.69400000	4597.73600000	4598.20800000	4613.68000000	4610.47200000	4626.70800000	4613.82200000	4629.64400000	4609.93440000	4626.33520000
2991906354.51504993	4606.96400000	4614.48600000	4595.84600000	4605.44000000	4605.23400000	4615.55000000	4631.69200000	4634.00400000	4647.30000000	4658.13000000	4617.40720000	4625.52200000
2992909698.99665546	4642.38200000	4648.79600000	4609.22200000	4613.25000000	4546.26000000	4552.28400000	4657.29400000	4663.26200000	4623.87800000	4634.87400000	4615.80720000	4622.49320000
2993913043.47826099	4608.60400000	4611.60600000	4606.95600000	4609.25200000	4615.63400000	4611.84400000	4628.11400000	4620.08800000	4660.65600000	4657.89200000	4623.99280000	4622.13640000
2994916387.95986605	4608.88400000	4603.87800000	4596.61800000	4596.17000000	4619.19200000	4615.36000000	4639.38000000	4637.73200000	4668.04800000	4666.96000000	4626.42440000	4624.02000000
2995919732.44147158	4630.57000000	4628.45400000	4601.81000000	4599.36400000	4591.58400000	4591.84600000	4622.65200000	4622.54400000	4627.24200000	4622.02000000	4614.77160000	4612.84560000
2996923076.92307711	4654.09400000	4651.65200000	4630.87200000	4622.01600000	4561.44600000	4560.90600000	4666.40400000	4658.29600000	4622.08000000	4612.98000000	4626.97920000	4621.17000000
2997926421.40468216	4616.51000000	4610.75400000	4646.38400000	4641.84800000	4616.08000000	4606.73800000	4630.82400000	4632.72600000	4633.46200000	4625.04400000	4628.65200000	4623.42200000
2998929765.88628769	4671.24400000	4667.72000000	4615.14600000	4616.35600000	4593.22200000	4587.15000000	4633.10000000	4633.75000000	4638.78400000	4634.58800000	4630.29920000	4627.91280000
2999933110.36789322	4649.11400000	4646.68600000	4616.31200000	4610.22200000	4567.76800000	4558.02600000	4644.55800000	4640.77600000	4638.75800000	4639.97400000	4623.30200000	4619.13680000
3000936454.84949827	4664.71400000	4656.23200000	4637.78800000	4631.09000000	4565.48200000	4558.18000000	4660.39200000	4654.74400000	4627.90600000	4621.83600000	4631.25640000	4624.41640000
3001939799.33110380	4615.21800000	4607.34600000	4637.02000000	4630.56800000	4624.60600000	4620.78200000	4653.86800000	4641.57200000	4629.94400000	4620.23600000	4632.13120000	4624.10080000
3002943143.81270885	4617.04000000	4606.82000000	4611.28400000	4597.01200000	4622.21200000	4608.97600000	4613.01800000	4616.37200000	4659.66600000	4646.92200000	4624.64400000	4615.22040000
3003946488.29431438	4598.67200000	4591.93000000	4660.13600000	4654.63400000	4639.81800000	4632.60600000	4628.70600000	4620.50200000	4626.96800000	4620.91800000	4630.86000000	4624.11800000
3004949832.77591991	4629.03200000	4626.56000000	4604.78400000	4600.48400000	4603.37200000	4596.40400000	4623.37000000	4626.99400000	4625.04200000	4616.57400000	4617.12000000	4613.40320000
3005953177.25752497	4611.66600000	4607.46800000	4636.46800000	4635.18800000	4633.16200000	4622.69400000	4647.69400000	4641.21000000	4634.12400000	4630.40200000	4632.62280000	4627.39240000
3006956521.73913050	4605.09400000	4605.13200000	4595.48600000	4599.19600000	4611.84400000	4601.86400000	4639.98000000	4638.45000000	4682.26400000	4671.85600000	4626.93360000	4623.29960000
3007959866.22073555	4646.71600000	4637.57600000	4604.73200000	4596.39200000	4646.47600000	4646.35600000	4640.66800000	4634.01800000	4620.54600000	4616.86800000	4631.82760000	4626.24200000
3008963210.70234108	4634.54200000	4623.83200000	4600.91600000	4593.25400000	4639.22600000	4626.45800000	4637.18000000	4631.91400000	4629.26200000	4624.66600000	4628.22520000	4620.02480000
3009966555.18394661	4671.41400000	4665.16000000	4618.73200000	4609.34200000	4576.42400000	4570.41000000	4647.11800000	4643.82800000	4640.37600000	4636.38600000	4630.81280000	4625.02520000
3010969899.66555166	4583.02400000	4578.12800000	4631.65200000	4627.42600000	4614.16800000	4604.85200000	4633.55200000	4621.76400000	4618.73400000	4614.49600000	4616.22600000	4609.33320000
3011973244.14715719	4603.81000000	4601.14000000	4639.79200000	4634.69200000	4637.58600000	4628.28200000	4632.75600000	4635.73800000	4636.09800000	4629.34400000	4630.00840000	4625.83920000
3012976588.62876272	4597.35800000	4590.60800000	4604.75000000	4606.81400000	4611.75400000	4603.44800000	4626.71800000	4616.82000000	4642.38800000	4639.32600000	4616.59360000	4611.40320000
3013979933.11036777	4628.55000000	4621.93200000	4640.87000000	4635.58800000	4616.74800000	4611.01400000	4643.92400000	4643.82600000	4631.85400000	4625.65800000	4632.38920000	4627.60360000
3014983277.59197330	4673.25600000	4670.21200000	4639.96800000	4640.69400000	4568.38800000	4564.19400000	4648.56000000	4644.30600000	4632.95600000	4629.09200000	4632.62560000	4629.69960000
3015986622.07357883	4614.76600000	4612.37400000	4645.31600000	4640.38600000	4619.54600000	4618.50400000	4637.24800000	4630.96000000	4629.38200000	4621.67000000	4629.25160000	4624.77880000
3016989966.55518389	4614.62200000	4609.12200000	4604.26200000	4601.84600000	4619.73400000	4613.04000000	4622.58800000	4614.85000000	4666.72000000	4661.32400000	4625.58520000	4620.03640000
3017993311.03678942	4620.65800000	4609.80200000	4584.47800000	4579.77800000	4610.39800000	4605.26600000	4639.53000000	4634.17600000	4661.39000000	4654.34400000	4623.29080000	4616.67320000
3018996655.51839447	4604.96200000	4602.03000000	4654.76600000	4661.08800000	4638.74200000	4633.27000000	4632.73200000	4626.73200000	4626.50600000	4621.49800000	4631.54160000	4628.92360000
3020000000.00000000	4589.35400000	4582.40000000	4622.31800000	4620.56800000	4617.79400000	4606.34800000	4634.41200000	4628.92800000	4637.54200000	4625.27400000	4620.28400000	4612.70360000
