freq	PL_sig1	PL_ref1	PL_sig2	PL_ref2	PL_sig3	PL_ref3	PL_sig4	PL_ref4	PL_sig5	PL_ref5	avgPL_sig	avgPL_ref
2720000000.00000000	4488.86200000	4485.54200000	4568.05200000	4561.63400000	4497.83400000	4493.54400000	4531.59800000	4521.64400000	4495.26200000	4492.26400000	4516.32160000	4510.92560000
2721003344.48160553	4499.55200000	4490.55200000	4498.27400000	4494.81400000	4535.88000000	4533.34400000	4518.52400000	4513.52200000	4501.74000000	4496.64000000	4510.79400000	4505.77440000
2722006688.96321058	4569.93400000	4566.03400000	4496.60000000	4496.44600000	4506.05400000	4503.06600000	4523.91000000	4520.96400000	4503.57400000	4498.24200000	4520.01440000	4516.95040000
2723010033.44481611	4525.63600000	4523.51400000	4490.53000000	4485.37800000	4519.61000000	4517.05200000	4504.26400000	4503.70800000	4490.78400000	4485.95200000	4506.16480000	4503.12080000
2724013377.92642164	4488.77000000	4483.64800000	4561.70600000	4554.62800000	4491.33000000	4485.97800000	4545.02400000	4543.08800000	4466.47600000	4468.87400000	4510.66120000	4507.24320000
2725016722.40802670	4473.93600000	4475.27800000	4539.48800000	4536.71400000	4487.71200000	4480.88600000	4504.86200000	4504.12400000	4507.52400000	4508.77200000	4502.70440000	4501.15480000
2726020066.88963223	4558.70000000	4557.97200000	4489.40400000	4495.35800000	4497.62400000	4494.93600000	4504.14600000	4503.13400000	4511.65600000	4506.61200000	4512.30600000	4511.60240000
2727023411.37123728	4486.15200000	4485.70800000	4522.74200000	4507.13200000	4493.70000000	4488.45800000	4518.02400000	4515.53400000	4519.80800000	4514.72600000	4508.08520000	4502.31160000
2728026755.85284281	4512.48600000	4514.45200000	4537.96200000	4529.43200000	4517.84800000	4515.89400000	4542.17800000	4542.51400000	4482.00200000	4476.53800000	4518.49520000	4515.76600000
2729030100.33444834	4490.55400000	4487.36000000	4565.86400000	4565.25400000	4483.34800000	4481.74400000	4509.51600000	4504.81400000	4527.27000000	4524.23600000	4515.31040000	4512.68160000
2730033444.81605339	4557.91200000	4550.08600000	4500.37000000	4493.40800000	4497.83600000	4497.13800000	4512.68800000	4505.55200000	4511.02400000	4506.02400000	4515.96600000	4510.44160000
2731036789.29765892	4536.74000000	4537.00600000	4487.45000000	4483.04000000	4495.76600000	4492.64200000	4536.19000000	4531.86800000	4506.34200000	4502.51000000	4512.49760000	4509.41320000
2732040133.77926445	4496.07800000	4494.49400000	4517.26600000	4518.57600000	4487.30600000	4484.88600000	4495.39800000	4487.46000000	4511.75600000	4506.40000000	4501.56080000	4498.36320000
2733043478.26086950	4492.25800000	4484.00200000	4564.27600000	4556.14000000	4495.50400000	4498.30600000	4540.28800000	4534.71400000	4483.42200000	4473.26200000	4515.14960000	4509.28480000
2734046822.74247503	4473.66800000	4470.33200000	4545.30600000	4544.09600000	4482.33600000	4473.44600000	4498.40800000	4496.86600000	4518.34600000	4513.47600000	4503.61280000	4499.64320000
2735050167.22408009	4511.90400000	4511.20600000	4495.85600000	4501.10400000	4510.10800000	4501.38400000	4496.84600000	4490.68200000	4481.83200000	4479.28200000	4499.30920000	4496.73160000
2736053511.70568562	4548.75200000	4547.40000000	4512.11200000	4499.43400000	4494.79200000	4489.29800000	4516.04400000	4504.08200000	4506.86200000	4503.13200000	4515.71240000	4508.66920000
2737056856.18729115	4539.06800000	4542.55800000	4496.99400000	4489.47400000	4494.40400000	4490.77800000	4474.78600000	4470.34400000	4478.79400000	4473.55400000	4496.80920000	4493.34160000
2738060200.66889620	4485.62600000	4484.23600000	4563.15400000	4558.37600000	4494.64200000	4491.43000000	4542.51600000	4540.50000000	4471.80200000	4461.42400000	4511.54800000	4507.19320000
2739063545.15050173	4533.01600000	4532.79800000	4513.46400000	4510.36800000	4517.50200000	4514.38600000	4521.37600000	4516.69400000	4506.64400000	4500.74600000	4518.40040000	4514.99840000
2740066889.63210726	4493.65200000	4495.71000000	4575.31600000	4574.68600000	4490.12600000	4481.47800000	4506.37200000	4501.64200000	4528.86400000	4528.20200000	4518.86600000	4516.34360000
2741070234.11371231	4475.92400000	4472.54400000	4520.39800000	4516.61200000	4492.15200000	4486.96000000	4519.75000000	4515.43800000	4517.46000000	4511.43200000	4505.13680000	4500.59720000
2742073578.59531784	4522.83000000	4517.69000000	4540.54800000	4535.44800000	4514.79200000	4510.39000000	4535.42200000	4527.81800000	4489.49200000	4485.22400000	4520.61680000	4515.31400000
2743076923.07692289	4528.64000000	4523.33200000	4542.91800000	4539.59800000	4517.37800000	4518.65400000	4546.29400000	4540.70600000	4488.10600000	4491.31800000	4524.66720000	4522.72160000
2744080267.55852842	4515.03000000	4516.58400000	4484.09200000	4483.72400000	4514.04600000	4507.26200000	4485.32000000	4486.54400000	4483.57400000	4476.87800000	4496.41240000	4494.19840000
2745083612.04013395	4497.36000000	4496.88200000	4502.76800000	4499.01200000	4503.44400000	4504.34400000	4497.22200000	4493.76800000	4487.42600000	4479.75200000	4497.64400000	4494.75160000
2746086956.52173901	4553.20200000	4549.47800000	4504.08000000	4495.75800000	4497.45600000	4497.39400000	4508.81200000	4505.07600000	4509.18800000	4515.53600000	4514.54760000	4512.64840000
2747090301.00334454	4514.53800000	4508.35800000	4541.15200000	4536.88200000	4522.69200000	4521.61200000	4543.50600000	4544.64400000	4484.20400000	4479.97800000	4521.21840000	4518.29480000
2748093645.48495007	4497.03000000	4495.22200000	4524.05000000	4516.60000000	4486.62800000	4487.98600000	4491.23400000	4484.24400000	4513.24800000	4507.27600000	4502.43800000	4498.26560000
2749096989.96655512	4526.83600000	4523.63800000	4524.92600000	4522.00000000	4521.19000000	4520.92200000	4537.66200000	4541.74800000	4478.40800000	4480.94800000	4517.80440000	4517.85120000
2750100334.44816065	4519.61200000	4514.40200000	4526.57000000	4531.09600000	4511.18000000	4509.36400000	4536.82200000	4533.16000000	4483.26400000	4483.51600000	4515.48960000	4514.30760000
2751103678.92976570	4493.13600000	4491.68200000	4516.95800000	4514.26000000	4493.36200000	4496.23400000	4489.78200000	4494.29800000	4500.40000000	4502.63200000	4498.72760000	4499.82120000
2752107023.41137123	4470.64600000	4470.42400000	4514.04400000	4518.11200000	4480.34400000	4482.51200000	4516.76000000	4517.13800000	4515.62000000	4514.02600000	4499.48280000	4500.44240000
2753110367.89297676	4533.15400000	4536.46800000	4512.78200000	4517.81800000	4510.42600000	4520.10200000	4520.71600000	4523.53200000	4489.49600000	4485.13800000	4513.31480000	4516.61160000
2754113712.37458181	4493.59200000	4501.11400000	4555.92400000	4560.09400000	4484.07600000	4487.07400000	4504.05000000	4506.93400000	4504.53800000	4511.61600000	4508.43600000	4513.36640000
2755117056.85618734	4532.00600000	4537.95000000	4495.77400000	4510.59600000	4488.85800000	4502.81000000	4497.45800000	4501.92000000	4503.20600000	4515.07600000	4503.46040000	4513.67040000
2756120401.33779287	4537.47600000	4545.47400000	4477.41400000	4489.09800000	4496.43800000	4506.65600000	4495.71400000	4505.67200000	4493.75800000	4505.74800000	4500.16000000	4510.52960000
2757123745.81939793	4544.97400000	4553.70800000	4469.52600000	4486.03600000	4482.39400000	4500.38800000	4492.49600000	4504.94800000	4483.78400000	4493.47800000	4494.63480000	4507.71160000
2758127090.30100346	4479.97000000	4500.90600000	4543.96000000	4561.59800000	4459.25000000	4486.98000000	4477.64600000	4503.13000000	4496.29600000	4520.57400000	4491.42440000	4514.63760000
2759130434.78260851	4524.81400000	4546.85200000	4466.70600000	4498.34600000	4463.66400000	4495.93400000	4474.91400000	4506.03200000	4481.73400000	4508.93200000	4482.36640000	4511.21920000
2760133779.26421404	4484.59800000	4518.15000000	4502.78200000	4537.91000000	4480.37200000	4516.81200000	4504.47000000	4541.85200000	4444.40400000	4482.27200000	4483.32520000	4519.39920000
2761137123.74581957	4498.15600000	4530.99800000	4464.03000000	4498.04600000	4459.46200000	4495.68400000	4422.95800000	4467.48000000	4441.67600000	4481.22800000	4457.25640000	4494.68720000
2762140468.22742462	4489.33800000	4525.42600000	4454.65800000	4489.81400000	4457.50200000	4491.17200000	4491.44400000	4524.80600000	4460.49000000	4497.65800000	4470.68640000	4505.77520000
2763143812.70903015	4458.82800000	4492.68000000	4452.68600000	4489.19000000	4500.44200000	4531.30200000	4468.85000000	4510.22400000	4448.31000000	4485.01200000	4465.82320000	4501.68160000
2764147157.19063568	4467.09600000	4500.03600000	4532.52200000	4569.17200000	4447.75000000	4491.08800000	4470.79400000	4496.24600000	4483.77000000	4520.50200000	4480.38640000	4515.40880000
2765150501.67224073	4504.61200000	4537.83200000	4470.95400000	4496.58000000	4478.14600000	4502.68800000	4471.99600000	4496.95600000	4478.61200000	4503.93000000	4480.86400000	4507.59720000
2766153846.15384626	4497.56000000	4520.58200000	4474.70000000	4500.24400000	4487.82200000	4514.05800000	4477.02000000	4497.80800000	4461.71600000	4485.32200000	4479.76360000	4503.60280000
2767157190.63545132	4474.68800000	4491.79200000	4496.08400000	4511.11800000	4458.48200000	4477.15400000	4494.35400000	4516.05200000	4505.29000000	4520.09800000	4485.77960000	4503.24280000
2768160535.11705685	4474.21200000	4485.00800000	4473.17800000	4478.31000000	4516.25000000	4531.10600000	4503.92600000	4519.88000000	4479.54600000	4491.05200000	4489.42240000	4501.07120000
2769163879.59866238	4526.29000000	4537.06000000	4487.20200000	4501.12800000	4494.40400000	4507.06000000	4488.67800000	4498.00400000	4499.28800000	4506.23200000	4499.17240000	4509.89680000
2770167224.08026743	4489.23200000	4497.03600000	4479.63000000	4495.87000000	4528.23600000	4536.59200000	4494.00200000	4494.15400000	4472.20600000	4483.92000000	4492.66120000	4501.51440000
2771170568.56187296	4534.86400000	4548.85000000	4482.13200000	4490.42200000	4491.59600000	4502.85800000	4487.52000000	4492.57600000	4487.38400000	4491.21200000	4496.69920000	4505.18360000
2772173913.04347849	4476.16400000	4483.47000000	4483.09200000	4476.79200000	4527.54400000	4531.99000000	4509.71800000	4517.65800000	4481.99600000	4495.09400000	4495.70280000	4501.00080000
2773177257.52508354	4546.54000000	4552.44200000	4483.45600000	4497.88000000	4479.37000000	4485.06800000	4487.88400000	4502.31400000	4496.81400000	4507.82800000	4498.81280000	4509.10640000
2774180602.00668907	4484.51600000	4489.70600000	4494.83000000	4505.45800000	4474.77800000	4478.59800000	4506.41200000	4518.86200000	4514.30600000	4526.02800000	4494.96840000	4503.73040000
2775183946.48829412	4487.82400000	4502.61200000	4547.28200000	4562.94800000	4471.63200000	4489.09600000	4505.50200000	4520.31600000	4498.36800000	4507.13800000	4502.12160000	4516.42200000
2776187290.96989965	4479.65200000	4498.76400000	4545.55200000	4565.67200000	4471.60000000	4493.38600000	4495.61800000	4518.31600000	4489.78200000	4512.30000000	4496.44080000	4517.68760000
2777190635.45150518	4459.90600000	4480.24800000	4539.85600000	4564.11000000	4470.75600000	4486.44000000	4525.54800000	4539.94000000	4450.27000000	4472.77600000	4489.26720000	4508.70280000
2778193979.93311024	4448.00600000	4471.57000000	4535.98800000	4565.16800000	4454.64400000	4482.48600000	4459.29400000	4495.82400000	4492.27600000	4521.89200000	4478.04160000	4507.38800000
2779197324.41471577	4508.07600000	4539.54600000	4489.71000000	4519.63600000	4485.90800000	4519.30600000	4484.51800000	4520.84200000	4466.24400000	4505.48200000	4486.89120000	4520.96240000
2780200668.89632130	4515.43200000	4562.60400000	4441.12800000	4485.68200000	4444.16800000	4488.47200000	4433.18400000	4475.03800000	4435.17400000	4476.51400000	4453.81720000	4497.66200000
2781204013.37792635	4439.12400000	4483.16800000	4461.45600000	4503.87600000	4436.56600000	4482.13400000	4476.26200000	4521.36600000	4475.46400000	4525.38600000	4457.77440000	4503.18600000
2782207357.85953188	4505.87800000	4552.83800000	4437.31400000	4490.19000000	4449.82000000	4505.13200000	4448.03600000	4499.57000000	4448.45400000	4503.01800000	4457.90040000	4510.14960000
2783210702.34113693	4427.51800000	4478.22200000	4429.78200000	4480.56800000	4472.79000000	4529.80800000	4461.30000000	4513.41200000	4437.90400000	4489.88800000	4445.85880000	4498.37960000
2784214046.82274246	4501.34400000	4553.25000000	4451.16400000	4503.87400000	4431.42200000	4485.44400000	4441.18600000	4502.16000000	4457.79800000	4509.14600000	4456.58280000	4510.77480000
2785217391.30434799	4511.70200000	4562.85400000	4443.50800000	4488.85400000	4449.73200000	4504.82800000	4455.53200000	4502.76000000	4454.64400000	4500.45800000	4463.02360000	4511.95080000
2786220735.78595304	4517.24200000	4564.60000000	4447.08400000	4487.73400000	4462.66800000	4496.54400000	4467.08200000	4505.42200000	4458.26200000	4502.71800000	4470.46760000	4511.40360000
2787224080.26755857	4489.84000000	4523.58200000	4454.49600000	4485.75600000	4481.95000000	4514.07400000	4463.21400000	4500.31400000	4468.10400000	4504.42600000	4471.52080000	4505.63040000
2788227424.74916410	4522.62600000	4555.69200000	4472.77400000	4498.24000000	4469.16400000	4493.17000000	4465.84200000	4493.98200000	4457.57600000	4483.23600000	4477.59640000	4504.86400000
2789230769.23076916	4477.47200000	4497.62000000	4547.29200000	4564.20800000	4472.77800000	4491.51400000	4481.52200000	4502.18000000	4498.80800000	4511.04800000	4495.57440000	4513.31400000
2790234113.71237469	4548.79800000	4564.20200000	4479.65400000	4490.53600000	4484.21600000	4500.58000000	4492.51200000	4504.78600000	4493.81200000	4502.71600000	4499.79840000	4512.56400000
2791237458.19397974	4476.60600000	4478.55400000	4550.17400000	4562.87400000	4467.92600000	4484.86000000	4492.14400000	4497.99600000	4512.71000000	4525.57400000	4499.91200000	4509.97160000
2792240802.67558527	4528.15000000	4539.29400000	4505.10200000	4505.90400000	4515.54200000	4524.53400000	4518.25400000	4518.97600000	4468.85000000	4475.74400000	4507.17960000	4512.89040000
2793244147.15719080	4549.78400000	4557.30200000	4488.62400000	4488.65800000	4489.83600000	4488.56000000	4482.06000000	4489.32400000	4481.34200000	4476.36800000	4498.32920000	4500.04240000
2794247491.63879585	4529.88800000	4541.62800000	4510.91200000	4517.80200000	4498.89000000	4505.69800000	4495.58200000	4497.24200000	4509.40600000	4508.72400000	4508.93560000	4514.21880000
2795250836.12040138	4560.09800000	4556.95800000	4484.18200000	4488.96600000	4490.19400000	4492.09600000	4466.24000000	4466.67200000	4480.22600000	4481.00000000	4496.18800000	4497.13840000
2796254180.60200691	4486.50000000	4492.92400000	4549.73600000	4548.92000000	4488.63400000	4494.64400000	4539.06200000	4541.32200000	4461.90600000	4462.62400000	4505.16760000	4508.08680000
2797257525.08361197	4536.63200000	4528.19200000	4513.48400000	4514.21200000	4524.28600000	4527.80000000	4525.29600000	4528.59000000	4477.60200000	4476.71800000	4515.46000000	4515.10240000
2798260869.56521749	4557.78800000	4558.34600000	4495.47200000	4492.82600000	4498.64600000	4497.75800000	4511.08800000	4501.98400000	4506.88200000	4505.53000000	4513.97520000	4511.28880000
2799264214.04682255	4526.88400000	4520.70800000	4537.16200000	4531.42800000	4521.72600000	4518.72800000	4539.13000000	4538.96200000	4481.93600000	4481.28800000	4521.36760000	4518.22280000
2800267558.52842808	4500.24800000	4497.64000000	4556.28600000	4560.14600000	4508.03000000	4495.46400000	4543.11200000	4545.54200000	4477.58600000	4472.60000000	4517.05240000	4514.27840000
2801270903.01003361	4481.09600000	4477.46400000	4527.55600000	4520.34600000	4490.47200000	4487.89000000	4514.08200000	4510.06400000	4515.90600000	4512.14200000	4505.82240000	4501.58120000
2802274247.49163866	4550.32400000	4545.95400000	4505.72000000	4503.57200000	4490.63400000	4488.48000000	4503.31400000	4502.58200000	4514.69600000	4510.85200000	4512.93760000	4510.28800000
2803277591.97324419	4543.21600000	4526.69200000	4482.34800000	4476.07000000	4507.14800000	4498.56600000	4534.66800000	4528.46000000	4506.32600000	4503.76600000	4514.74120000	4506.71080000
2804280936.45484972	4557.53400000	4555.16000000	4490.07200000	4486.65000000	4504.87000000	4499.52200000	4527.36400000	4527.53400000	4512.56400000	4504.78800000	4518.48080000	4514.73080000
2805284280.93645477	4482.34600000	4483.40000000	4517.35000000	4517.81800000	4499.04400000	4496.05400000	4498.87200000	4490.55600000	4494.81000000	4492.32600000	4498.48440000	4496.03080000
2806287625.41806030	4558.63600000	4563.64600000	4488.47400000	4487.38000000	4506.95200000	4497.85800000	4506.07200000	4500.09600000	4509.64400000	4510.26800000	4513.95560000	4511.84960000
2807290969.89966536	4551.45000000	4553.09000000	4502.94600000	4496.49400000	4498.88200000	4487.39400000	4494.06800000	4490.84400000	4486.79200000	4478.40800000	4506.82760000	4501.24600000
2808294314.38127089	4541.11400000	4538.83400000	4512.79200000	4506.97400000	4521.41800000	4518.47200000	4531.69600000	4528.48000000	4476.96000000	4474.35400000	4516.79600000	4513.42280000
2809297658.86287642	4501.81000000	4497.53200000	4522.75600000	4521.99800000	4488.69000000	4479.58800000	4505.38400000	4497.92600000	4517.92600000	4513.23000000	4507.31320000	4502.05480000
2810301003.34448147	4539.57600000	4542.66000000	4510.50800000	4510.65200000	4505.50200000	4504.86400000	4501.14200000	4503.49600000	4520.81200000	4518.53200000	4515.50800000	4516.04080000
2811304347.82608700	4524.67400000	4525.93400000	4494.85600000	4494.99800000	4515.50600000	4512.37800000	4503.82800000	4502.28600000	4498.84000000	4496.70000000	4507.54080000	4506.45920000
2812307692.30769253	4540.02400000	4530.25800000	4510.17600000	4513.38600000	4525.43600000	4515.64600000	4532.06400000	4529.59600000	4473.32800000	4467.94600000	4516.20560000	4511.36640000
2813311036.78929758	4517.51600000	4510.76000000	4494.91400000	4489.89200000	4504.61000000	4503.46000000	4499.64800000	4492.41400000	4477.16000000	4480.50800000	4498.76960000	4495.40680000
2814314381.27090311	4490.07600000	4491.68400000	4508.42600000	4507.26000000	4477.00800000	4472.61000000	4520.44400000	4518.67000000	4527.33800000	4525.97800000	4504.65840000	4503.24040000
2815317725.75250816	4515.82400000	4517.65600000	4491.21800000	4488.42400000	4513.05800000	4503.46000000	4497.96400000	4492.06800000	4478.76000000	4474.07800000	4499.36480000	4495.13720000
2816321070.23411369	4539.54800000	4530.89600000	4514.01000000	4514.14600000	4526.28800000	4524.76600000	4528.72800000	4517.73400000	4494.70000000	4492.22200000	4520.65480000	4515.95280000
2817324414.71571922	4537.35000000	4529.60800000	4494.11400000	4493.05400000	4504.06200000	4499.17800000	4477.61200000	4472.02600000	4487.04600000	4487.49800000	4500.03680000	4496.27280000
2818327759.19732428	4487.97800000	4485.46000000	4515.56400000	4507.49600000	4497.85000000	4490.90800000	4497.03400000	4499.45400000	4495.04200000	4489.34200000	4498.69360000	4494.53200000
2819331103.67892981	4477.71200000	4481.62200000	4565.58800000	4562.55200000	4479.27400000	4479.56200000	4496.30400000	4491.10600000	4520.76400000	4520.68000000	4507.92840000	4507.10440000
2820334448.16053534	4492.87600000	4482.72400000	4566.41600000	4561.25200000	4485.31200000	4476.41400000	4502.98200000	4493.45400000	4524.25000000	4529.80800000	4514.36720000	4508.73040000
2821337792.64214039	4561.60800000	4557.19600000	4485.53200000	4485.30000000	4487.09600000	4492.48000000	4470.12600000	4468.41400000	4473.73000000	4475.72200000	4495.61840000	4495.82240000
2822341137.12374592	4558.59800000	4552.73400000	4488.06800000	4487.26400000	4486.30800000	4482.53400000	4489.33400000	4488.18000000	4475.46800000	4473.09400000	4499.55520000	4496.76120000
2823344481.60535097	4507.28000000	4512.70600000	4535.00600000	4539.96400000	4518.08000000	4523.93800000	4530.93400000	4530.54000000	4481.60200000	4487.28200000	4514.58040000	4518.88600000
2824347826.08695650	4538.21800000	4542.10200000	4520.42000000	4515.05400000	4500.60400000	4502.28800000	4496.28400000	4498.70000000	4504.04000000	4508.85800000	4511.91320000	4513.40040000
2825351170.56856203	4508.47600000	4512.34800000	4537.03000000	4537.90000000	4517.76600000	4518.33800000	4543.14400000	4543.43400000	4471.08800000	4473.33400000	4515.50080000	4517.07080000
2826354515.05016708	4519.21200000	4525.95600000	4490.35600000	4495.25600000	4487.71400000	4499.77400000	4463.07800000	4472.83000000	4480.72000000	4491.63400000	4488.21600000	4497.09000000
2827357859.53177261	4518.67400000	4525.58200000	4525.84800000	4532.40000000	4505.51600000	4519.85400000	4529.45400000	4537.48200000	4470.46400000	4477.22600000	4509.99120000	4518.50880000
2828361204.01337814	4473.57800000	4483.53200000	4547.90400000	4562.71800000	4482.35000000	4489.46200000	4531.69800000	4542.59200000	4454.52200000	4467.97000000	4498.01040000	4509.25480000
2829364548.49498320	4485.79400000	4500.01400000	4476.12800000	4491.42000000	4474.79000000	4490.07400000	4477.76000000	4490.88200000	4462.23800000	4477.19200000	4475.34200000	4489.91640000
2830367892.97658873	4519.32400000	4542.64000000	4485.98000000	4513.42800000	4487.57000000	4501.62800000	4476.06000000	4497.61000000	4491.20800000	4517.77200000	4492.02840000	4514.61560000
2831371237.45819378	4491.08800000	4524.38200000	4461.96000000	4489.41600000	4472.27600000	4503.90400000	4452.18200000	4475.52800000	4451.28600000	4482.44200000	4465.75840000	4495.13440000
2832374581.93979931	4491.66400000	4517.35600000	4456.45200000	4480.61600000	4467.64400000	4505.92600000	4452.48400000	4484.92200000	4444.83400000	4479.39000000	4462.61560000	4493.64200000
2833377926.42140484	4535.77800000	4564.13200000	4456.68200000	4485.11800000	4472.19600000	4507.42000000	4463.35400000	4498.13600000	4470.03400000	4507.07600000	4479.60880000	4512.37640000
2834381270.90300989	4441.94400000	4472.13800000	4525.55000000	4557.20200000	4459.01200000	4487.38400000	4459.37400000	4494.49200000	4483.58400000	4516.30400000	4473.89280000	4505.50400000
2835384615.38461542	4498.36200000	4526.65200000	4461.01000000	4485.81000000	4472.23400000	4503.82200000	4455.19000000	4482.97200000	4449.02800000	4482.89000000	4467.16480000	4496.42920000
2836387959.86622095	4483.04000000	4505.20800000	4546.36400000	4562.54000000	4475.36600000	4494.02400000	4501.98200000	4523.46000000	4487.41800000	4513.34200000	4498.83400000	4519.71480000
2837391304.34782600	4485.74200000	4501.06000000	4529.29800000	4543.84400000	4496.09600000	4516.54600000	4528.70400000	4538.03600000	4451.18600000	4462.50600000	4498.20520000	4512.39840000
2838394648.82943153	4531.79400000	4539.03200000	4479.08600000	4491.39600000	4484.30400000	4496.26600000	4480.69200000	4490.40800000	4474.57400000	4485.44400000	4490.09000000	4500.50920000
2839397993.31103659	4529.30600000	4534.31200000	4496.36200000	4507.59800000	4488.81600000	4496.59600000	4494.63400000	4507.49800000	4499.66600000	4507.58400000	4501.75680000	4510.71760000
2840401337.79264212	4478.47000000	4475.67000000	4549.48000000	4560.62200000	4482.37400000	4491.57400000	4523.11000000	4534.98000000	4471.31600000	4471.71800000	4500.95000000	4506.91280000
2841404682.27424765	4490.57800000	4492.05200000	4567.58000000	4570.23800000	4478.86400000	4480.36000000	4500.01800000	4501.97800000	4523.77800000	4521.68000000	4512.16360000	4513.26160000
2842408026.75585270	4478.10400000	4479.07800000	4475.44800000	4482.60200000	4525.81600000	4534.07400000	4503.25600000	4513.70200000	4487.52000000	4492.35600000	4494.02880000	4500.36240000
2843411371.23745823	4508.30200000	4512.24200000	4486.44800000	4495.32000000	4498.85600000	4508.90400000	4484.96400000	4482.98600000	4464.66600000	4470.89600000	4488.64720000	4494.06960000
2844414715.71906376	4515.72800000	4526.98400000	4487.47400000	4493.80800000	4493.02600000	4496.40600000	4466.28600000	4476.74400000	4478.76400000	4490.83200000	4488.25560000	4496.95480000
2845418060.20066881	4534.77600000	4538.44800000	4506.43200000	4511.22400000	4491.81800000	4500.88200000	4484.68000000	4494.08800000	4502.15400000	4511.18200000	4503.97200000	4511.16480000
2846421404.68227434	4503.41200000	4511.46000000	4530.52200000	4545.12400000	4512.72000000	4515.52200000	4508.76800000	4521.12800000	4471.62800000	4491.53600000	4505.41000000	4516.95400000
2847424749.16387939	4503.10200000	4509.57400000	4523.86000000	4538.10600000	4495.88000000	4506.44600000	4511.60800000	4523.49200000	4480.80800000	4487.25600000	4503.05160000	4512.97480000
2848428093.64548492	4512.36600000	4522.34000000	4481.31200000	4492.71400000	4499.47400000	4510.88000000	4484.42800000	4503.33800000	4476.44400000	4499.79200000	4490.80480000	4505.81280000
2849431438.12709045	4455.29200000	4482.66200000	4534.02600000	4553.72600000	4465.97200000	4492.02000000	4523.13200000	4543.33200000	4432.73000000	4458.66400000	4482.23040000	4506.08080000
2850434782.60869551	4437.83200000	4478.37000000	4508.22600000	4546.83800000	4448.56200000	4482.71400000	4457.71200000	4492.76800000	4479.94600000	4511.07800000	4466.45560000	4502.35360000
2851438127.09030104	4486.18200000	4523.36400000	4451.46600000	4490.64600000	4449.36200000	4494.86600000	4486.90200000	4526.52000000	4465.46400000	4508.35000000	4467.87520000	4508.74920000
2852441471.57190657	4497.69800000	4534.31000000	4475.06400000	4512.42000000	4472.52000000	4512.32400000	4488.56600000	4531.31200000	4468.33200000	4510.51400000	4480.43600000	4520.17600000
2853444816.05351162	4496.47000000	4544.54200000	4465.44400000	4510.75200000	4460.00600000	4499.52800000	4458.62000000	4500.35600000	4462.95400000	4507.21000000	4468.69880000	4512.47760000
2854448160.53511715	4499.03000000	4535.29000000	4470.27000000	4511.14400000	4478.97000000	4514.77200000	4489.48600000	4529.19200000	4426.32400000	4460.12600000	4472.81600000	4510.10480000
2855451505.01672220	4458.62400000	4492.43000000	4518.95000000	4559.32400000	4450.27600000	4485.61600000	4491.25400000	4532.25200000	4460.65200000	4497.90200000	4475.95120000	4513.50480000
2856454849.49832773	4490.13800000	4510.64400000	4505.01200000	4526.88800000	4487.53600000	4512.98000000	4508.52600000	4534.21200000	4450.99000000	4479.73200000	4488.44040000	4512.89120000
2857458193.97993326	4467.55200000	4499.29400000	4498.93000000	4517.52000000	4455.88600000	4478.24800000	4467.58000000	4488.99600000	4494.52000000	4510.95600000	4476.89360000	4499.00280000
2858461538.46153831	4497.25000000	4514.20400000	4477.84800000	4485.26600000	4488.31200000	4506.13800000	4473.66000000	4491.37800000	4461.54400000	4473.63600000	4479.72280000	4494.12440000
2859464882.94314384	4551.78600000	4557.04000000	4478.90600000	4487.11800000	4479.74800000	4487.66000000	4461.72400000	4461.98200000	4477.70400000	4480.79600000	4489.97360000	4494.91920000
2860468227.42474937	4526.20800000	4527.69000000	4520.41800000	4523.27000000	4513.26600000	4519.13200000	4514.87200000	4519.08800000	4483.54200000	4487.61800000	4511.66120000	4515.35960000
2861471571.90635443	4522.02400000	4516.82800000	4491.46600000	4490.89400000	4499.37000000	4503.66400000	4480.59600000	4492.34600000	4474.34000000	4482.10600000	4493.55920000	4497.16760000
2862474916.38795996	4559.69400000	4560.85800000	4481.45800000	4483.49200000	4497.64800000	4506.17000000	4525.21000000	4521.39600000	4503.20800000	4500.72200000	4513.44360000	4514.52760000
2863478260.86956501	4492.42800000	4496.23400000	4507.00200000	4494.09800000	4495.83800000	4491.83200000	4495.31600000	4497.61200000	4482.86800000	4483.84200000	4494.69040000	4492.72360000
2864481605.35117054	4480.59200000	4474.61000000	4526.14800000	4524.17200000	4483.40600000	4478.64000000	4512.04200000	4508.74800000	4516.16800000	4516.72200000	4503.67120000	4500.57840000
2865484949.83277607	4532.73200000	4529.03400000	4504.14600000	4504.71400000	4512.47800000	4509.09400000	4535.55800000	4530.67000000	4516.75000000	4510.93200000	4520.33280000	4516.88880000
2866488294.31438112	4535.40000000	4531.98600000	4497.30000000	4494.72800000	4510.24800000	4511.44400000	4503.29600000	4496.54600000	4505.28800000	4502.91600000	4510.30640000	4507.52400000
2867491638.79598665	4531.04600000	4528.88400000	4500.94400000	4498.26400000	4501.01200000	4500.46000000	4530.18600000	4536.41800000	4515.16000000	4517.84400000	4515.66960000	4516.37400000
2868494983.27759218	4552.56800000	4548.66600000	4494.91400000	4487.08000000	4503.31000000	4502.24800000	4502.23400000	4493.65800000	4493.82400000	4491.43600000	4509.37000000	4504.61760000
2869498327.75919724	4550.28000000	4543.80000000	4496.29800000	4497.44600000	4508.96200000	4505.04200000	4496.17000000	4492.00200000	4489.18000000	4483.40200000	4508.17800000	4504.33840000
2870501672.24080276	4502.90400000	4501.06400000	4555.36800000	4555.62400000	4514.67000000	4514.46800000	4541.38400000	4538.26400000	4475.24400000	4474.19200000	4517.91400000	4516.72240000
2871505016.72240782	4517.47400000	4513.41600000	4494.93200000	4496.49000000	4518.06800000	4507.82600000	4495.47000000	4488.70400000	4498.09600000	4490.16200000	4504.80800000	4499.31960000
2872508361.20401335	4556.64400000	4552.66800000	4494.52600000	4492.10800000	4494.22800000	4491.81200000	4476.86400000	4471.30400000	4485.82600000	4480.75000000	4501.61760000	4497.72840000
2873511705.68561888	4475.52200000	4470.98800000	4525.68800000	4526.05000000	4498.03400000	4490.32800000	4509.18600000	4505.12400000	4515.58200000	4504.92000000	4504.80240000	4499.48200000
2874515050.16722393	4480.28200000	4475.54600000	4552.06400000	4546.12200000	4486.77800000	4484.76000000	4548.51000000	4542.26000000	4475.58800000	4464.72400000	4508.64440000	4502.68240000
2875518394.64882946	4557.61000000	4559.39600000	4489.06600000	4488.38400000	4491.97200000	4491.56400000	4484.19600000	4479.15000000	4481.35200000	4479.68200000	4500.83920000	4499.63520000
2876521739.13043499	4489.51200000	4486.89000000	4561.53800000	4551.63000000	4507.22600000	4498.35000000	4546.59400000	4545.16000000	4471.99200000	4467.26200000	4515.37240000	4509.85840000
2877525083.61204004	4499.91400000	4498.86200000	4518.30200000	4520.33200000	4486.35200000	4482.61600000	4501.62000000	4505.91600000	4522.38600000	4517.05800000	4505.71480000	4504.95680000
2878528428.09364557	4555.85200000	4542.08600000	4488.04800000	4485.82000000	4511.08200000	4500.82800000	4535.00200000	4532.78400000	4506.15000000	4505.71600000	4519.22680000	4513.44680000
2879531772.57525063	4500.77000000	4492.66200000	4560.14600000	4556.33800000	4502.89000000	4496.23000000	4543.90400000	4540.71800000	4473.18200000	4471.57800000	4516.17840000	4511.50520000
2880535117.05685616	4528.19000000	4520.23600000	4535.15400000	4525.41600000	4515.78000000	4516.87800000	4538.50200000	4544.17200000	4480.48400000	4478.91200000	4519.62200000	4517.12280000
2881538461.53846169	4540.49400000	4536.50200000	4519.41400000	4514.68200000	4518.12200000	4516.99200000	4533.50000000	4524.50600000	4477.71400000	4477.29600000	4517.84880000	4513.99560000
2882541806.02006674	4520.94600000	4520.05000000	4493.10200000	4489.98600000	4523.24800000	4517.22200000	4493.97400000	4495.19000000	4485.82800000	4482.14200000	4503.41960000	4500.91800000
2883545150.50167227	4498.39200000	4493.38400000	4496.68800000	4493.95000000	4551.95400000	4545.32200000	4514.32400000	4510.45800000	4494.07200000	4484.46400000	4511.08600000	4505.51560000
2884548494.98327780	4489.47600000	4482.33000000	4490.85200000	4485.05400000	4531.20400000	4525.97400000	4520.84600000	4511.95000000	4496.02600000	4487.52800000	4505.68080000	4498.56720000
2885551839.46488285	4503.48000000	4494.08400000	4524.36200000	4516.21800000	4485.27000000	4485.57600000	4494.17800000	4490.63800000	4523.05200000	4520.52400000	4506.06840000	4501.40800000
2886555183.94648838	4505.58600000	4501.50800000	4566.33200000	4564.81400000	4485.58600000	4483.60200000	4518.39400000	4510.53000000	4518.45600000	4507.65800000	4518.87080000	4513.62240000
2887558528.42809343	4558.50600000	4549.23800000	4489.55400000	4485.41000000	4502.83600000	4500.32800000	4527.74400000	4525.51600000	4507.58800000	4507.57000000	4517.24560000	4513.61240000
2888561872.90969896	4525.05800000	4522.34200000	4527.87000000	4526.94800000	4519.76200000	4513.84400000	4530.99600000	4533.11600000	4480.44200000	4475.87400000	4516.82560000	4514.42480000
2889565217.39130449	4485.81600000	4486.36600000	4516.11000000	4512.51400000	4495.29800000	4489.52800000	4504.42600000	4499.29400000	4494.48400000	4494.91800000	4499.22680000	4496.52400000
2890568561.87290955	4543.81200000	4541.08400000	4507.31000000	4508.46000000	4498.15200000	4498.57600000	4510.06000000	4504.95600000	4511.39600000	4509.51400000	4514.14600000	4512.51800000
2891571906.35451508	4498.51800000	4495.55000000	4528.26000000	4521.26400000	4491.08200000	4489.66000000	4493.17600000	4489.43400000	4507.15200000	4502.90200000	4503.63760000	4499.76200000
2892575250.83612061	4490.92400000	4490.24000000	4488.37800000	4492.98000000	4537.19600000	4532.67200000	4511.89800000	4509.03600000	4501.73400000	4492.51200000	4506.02600000	4503.48800000
2893578595.31772566	4552.42000000	4549.12400000	4496.24400000	4493.90600000	4489.26000000	4488.18400000	4466.47000000	4465.44800000	4476.06800000	4474.88200000	4496.09240000	4494.30880000
2894581939.79933119	4471.91800000	4477.41400000	4528.46200000	4526.59400000	4486.56800000	4491.08600000	4506.72600000	4506.85600000	4513.03800000	4506.28200000	4501.34240000	4501.64640000
2895585284.28093624	4512.94800000	4514.43200000	4494.65800000	4491.72600000	4517.15400000	4520.57600000	4494.59800000	4493.10400000	4481.62600000	4479.11400000	4500.19680000	4499.79040000
2896588628.76254177	4539.73200000	4538.43600000	4506.82000000	4514.91000000	4513.77000000	4513.50800000	4531.92600000	4536.26400000	4474.24600000	4470.19200000	4513.29880000	4514.66200000
2897591973.24414730	4527.89400000	4528.00000000	4497.14600000	4491.27400000	4497.84800000	4503.46000000	4502.76200000	4498.92000000	4501.85600000	4505.05000000	4505.50120000	4505.34080000
2898595317.72575235	4478.30600000	4484.03000000	4477.29000000	4477.28200000	4525.84200000	4532.90400000	4519.09400000	4518.99800000	4487.52600000	4492.93400000	4497.61160000	4501.22960000
2899598662.20735788	4527.27800000	4536.70800000	4499.23400000	4507.93200000	4518.18200000	4522.43600000	4503.92200000	4518.08800000	4464.44200000	4475.50200000	4502.61160000	4512.13320000
2900602006.68896341	4474.83000000	4485.61000000	4556.80600000	4566.26000000	4472.83000000	4485.92400000	4496.21800000	4504.95600000	4512.15600000	4526.38800000	4502.56800000	4513.82760000
2901605351.17056847	4484.78800000	4497.74600000	4543.09200000	4559.00600000	4477.87400000	4487.39800000	4500.00000000	4512.75000000	4486.99600000	4500.94800000	4498.55000000	4511.56960000
2902608695.65217400	4493.94800000	4510.45000000	4466.00600000	4492.19800000	4503.27400000	4522.02200000	4476.97000000	4493.84000000	4455.90000000	4484.33800000	4479.21960000	4500.56960000
2903612040.13377905	4531.31800000	4565.11800000	4465.71800000	4502.11800000	4463.12000000	4495.31000000	4484.89200000	4520.46400000	4474.77400000	4509.01600000	4483.96440000	4518.40520000
2904615384.61538458	4524.61800000	4553.81400000	4462.92400000	4493.24000000	4458.97800000	4491.92600000	4452.31800000	4490.16400000	4441.82000000	4482.04600000	4468.13160000	4502.23800000
2905618729.09699011	4512.59000000	4551.05600000	4451.81800000	4490.69600000	4459.82800000	4505.29000000	4456.49600000	4499.41800000	4465.12000000	4504.27400000	4469.17040000	4510.14680000
2906622073.57859516	4457.73400000	4492.65800000	4481.98200000	4518.26800000	4436.62000000	4480.35400000	4457.37200000	4497.36200000	4481.76200000	4518.40600000	4463.09400000	4501.40960000
2907625418.06020069	4517.48800000	4550.03800000	4461.11400000	4506.27200000	4450.37600000	4488.23000000	4465.13800000	4504.01200000	4464.58800000	4507.50600000	4471.74080000	4511.21160000
2908628762.54180622	4513.66600000	4537.93000000	4466.47600000	4495.43800000	4469.94000000	4492.80600000	4435.95600000	4466.61000000	4443.33600000	4472.71200000	4465.87480000	4493.09920000
2909632107.02341127	4477.73400000	4491.27800000	4537.83200000	4560.79600000	4476.05000000	4488.14400000	4497.72200000	4514.26600000	4488.43800000	4509.67000000	4495.55520000	4512.83080000
2910635451.50501680	4477.65000000	4500.73600000	4478.95800000	4495.50000000	4484.85000000	4494.87800000	4475.30000000	4498.02600000	4459.38000000	4479.91200000	4475.22760000	4493.81040000
2911638795.98662186	4473.40200000	4485.21000000	4547.53600000	4558.39200000	4479.99200000	4489.76200000	4520.91400000	4529.47600000	4469.37600000	4475.79600000	4498.24400000	4507.72720000
2912642140.46822739	4530.56000000	4538.43400000	4488.51800000	4500.23800000	4489.10200000	4494.35000000	4469.54800000	4469.57400000	4482.67600000	4482.44400000	4492.08080000	4497.00800000
2913645484.94983292	4556.28200000	4552.92400000	4474.97400000	4487.28200000	4482.69800000	4483.33800000	4475.16200000	4477.82800000	4470.21000000	4477.44800000	4491.86520000	4495.76400000
2914648829.43143797	4487.80600000	4493.89800000	4557.59800000	4564.79800000	4491.82400000	4494.55200000	4527.17400000	4527.09400000	4499.00000000	4496.65200000	4512.68040000	4515.39880000
2915652173.91304350	4497.57000000	4497.10400000	4492.76200000	4493.82800000	4494.79600000	4498.31600000	4494.70600000	4492.16400000	4484.39400000	4481.45800000	4492.84560000	4492.57400000
2916655518.39464903	4555.09200000	4561.94200000	4479.68600000	4488.67400000	4487.62800000	4482.48200000	4467.56000000	4471.64800000	4465.83600000	4474.07000000	4491.16040000	4495.76320000
2917658862.87625408	4559.48200000	4568.44800000	4489.80400000	4496.11400000	4486.84200000	4491.31600000	4524.94000000	4524.39000000	4503.66400000	4508.48600000	4512.94640000	4517.75080000
2918662207.35785961	4566.17000000	4565.69400000	4503.49000000	4507.10600000	4491.43800000	4499.74000000	4518.51600000	4526.56400000	4504.86000000	4506.21800000	4516.89480000	4521.06440000
2919665551.83946514	4533.56800000	4540.77000000	4499.36200000	4506.32800000	4478.34600000	4487.92800000	4494.00400000	4506.12200000	4496.94000000	4508.17800000	4500.44400000	4509.86520000
2920668896.32107019	4491.91400000	4499.19800000	4480.82200000	4495.59600000	4521.73600000	4527.47600000	4491.00600000	4499.72600000	4466.75800000	4482.18200000	4490.44720000	4500.83560000
2921672240.80267572	4485.53200000	4510.12800000	4520.23400000	4538.52400000	4495.51400000	4515.44400000	4511.30400000	4540.38800000	4465.48200000	4484.64200000	4495.61320000	4517.82520000
2922675585.28428078	4476.23000000	4491.57800000	4544.23800000	4576.83000000	4459.07400000	4484.19600000	4467.56600000	4493.75800000	4490.23400000	4518.88200000	4487.46840000	4513.04880000
2923678929.76588631	4510.73600000	4537.95400000	4488.65800000	4518.27200000	4492.00400000	4515.75400000	4486.65000000	4517.87200000	4463.76000000	4489.77400000	4488.36160000	4515.92520000
2924682274.24749184	4522.32000000	4548.29400000	4461.75400000	4489.25200000	4472.99400000	4498.49200000	4474.48200000	4501.60800000	4466.34600000	4491.64600000	4479.57920000	4505.85840000
2925685618.72909689	4458.36600000	4474.93800000	4518.67400000	4544.81000000	4454.71000000	4481.76200000	4470.72800000	4497.73000000	4494.35800000	4516.91800000	4479.36720000	4503.23160000
2926688963.21070242	4454.24000000	4478.31800000	4488.79200000	4516.56600000	4466.42800000	4483.79000000	4489.89000000	4515.47800000	4491.00200000	4517.73600000	4478.07040000	4502.37760000
2927692307.69230747	4526.35200000	4541.78400000	4480.61400000	4500.33400000	4493.86200000	4506.41800000	4486.59600000	4502.82800000	4491.33600000	4507.94200000	4495.75200000	4511.86120000
2928695652.17391300	4468.72200000	4487.11400000	4548.08400000	4560.41800000	4470.95400000	4480.39800000	4480.10000000	4495.48800000	4510.68000000	4520.78400000	4495.70800000	4508.84040000
2929698996.65551853	4483.87600000	4489.21000000	4542.74600000	4552.14000000	4491.50400000	4506.49000000	4537.39200000	4543.36600000	4463.06000000	4466.23000000	4503.71560000	4511.48720000
2930702341.13712358	4511.30800000	4515.68000000	4540.58600000	4545.65800000	4520.02000000	4515.33800000	4520.40600000	4520.81400000	4475.69400000	4484.11200000	4513.60280000	4516.32040000
2931705685.61872911	4497.35800000	4498.68000000	4559.57800000	4559.83200000	4508.82800000	4505.61800000	4539.56600000	4541.04600000	4474.25200000	4477.06200000	4515.91640000	4516.44760000
2932709030.10033464	4492.29600000	4489.78400000	4511.98400000	4504.74600000	4485.35400000	4484.17600000	4512.62600000	4513.10200000	4524.44400000	4519.18000000	4505.34080000	4502.19760000
2933712374.58193970	4491.48200000	4489.13000000	4511.04800000	4510.56600000	4494.69200000	4494.87800000	4492.67000000	4491.74400000	4476.83800000	4476.01400000	4493.34600000	4492.46640000
2934715719.06354523	4517.47400000	4519.29400000	4544.56400000	4536.69800000	4526.12000000	4521.14800000	4523.79200000	4525.61200000	4483.36000000	4478.82800000	4519.06200000	4516.31600000
2935719063.54515076	4478.98200000	4479.84800000	4547.42200000	4540.77000000	4486.01600000	4484.96000000	4494.42200000	4496.69000000	4513.29400000	4512.52200000	4504.02720000	4502.95800000
2936722408.02675581	4534.67600000	4532.19800000	4497.59600000	4495.34200000	4500.48800000	4499.66000000	4535.10600000	4530.59000000	4515.14400000	4507.87200000	4516.60200000	4513.13240000
2937725752.50836134	4538.50400000	4539.13200000	4477.96800000	4471.35000000	4504.61400000	4501.45400000	4536.29800000	4527.73400000	4507.13800000	4497.77400000	4512.90440000	4507.48880000
2938729096.98996639	4487.27600000	4484.01200000	4488.13000000	4483.37200000	4529.37800000	4523.96800000	4522.85200000	4515.40200000	4495.12400000	4488.08400000	4504.55200000	4498.96760000
2939732441.47157192	4552.86600000	4545.88000000	4493.63800000	4494.14400000	4509.92800000	4499.24600000	4502.46400000	4502.32400000	4497.06800000	4491.33000000	4511.19280000	4506.58480000
2940735785.95317745	4516.42800000	4512.59200000	4537.54600000	4530.65600000	4527.57600000	4524.66000000	4537.10400000	4533.40000000	4486.78000000	4486.82600000	4521.08680000	4517.62680000
2941739130.43478251	4523.28600000	4521.93800000	4536.25200000	4538.66800000	4523.14200000	4515.38800000	4547.29200000	4543.70600000	4491.23600000	4486.63000000	4524.24160000	4521.26600000
2942742474.91638803	4482.49600000	4478.79800000	4482.05200000	4476.91400000	4540.18800000	4531.71800000	4527.73800000	4523.25600000	4500.16800000	4488.77200000	4506.52840000	4499.89160000
2943745819.39799309	4482.80600000	4476.53800000	4516.73000000	4513.57000000	4488.80200000	4485.30800000	4528.31400000	4523.99200000	4514.97400000	4513.20800000	4506.32520000	4502.52320000
2944749163.87959862	4502.76200000	4497.29600000	4501.23200000	4494.02600000	4529.63800000	4530.36600000	4518.77000000	4510.88400000	4502.44200000	4499.84200000	4510.96880000	4506.48280000
2945752508.36120415	4552.84400000	4551.84000000	4492.67800000	4489.30800000	4494.41200000	4492.95600000	4513.56200000	4505.80000000	4516.27600000	4511.65200000	4513.95440000	4510.31120000
2946755852.84280920	4478.83000000	4476.66400000	4529.64400000	4520.91400000	4500.11600000	4492.45800000	4511.87400000	4514.21000000	4513.90600000	4509.39000000	4506.87400000	4502.72720000
2947759197.32441473	4491.92800000	4489.02800000	4558.17600000	4560.30200000	4497.33000000	4493.00400000	4520.08800000	4518.99000000	4504.85000000	4498.97200000	4514.47440000	4512.05920000
2948762541.80602026	4497.15600000	4496.82600000	4521.02800000	4512.97800000	4487.78400000	4489.59200000	4495.55000000	4489.92400000	4505.84400000	4495.18800000	4501.47240000	4496.90160000
2949765886.28762531	4488.64200000	4487.84400000	4517.53000000	4510.55000000	4490.65200000	4488.41000000	4523.62200000	4522.85200000	4525.24000000	4512.40600000	4509.13720000	4504.41240000
2950769230.76923084	4483.19600000	4478.00400000	4523.14600000	4515.12600000	4495.30600000	4493.14600000	4517.80800000	4520.60800000	4518.84400000	4512.85800000	4507.66000000	4503.94840000
2951772575.25083637	4527.06800000	4518.10200000	4492.87800000	4487.12600000	4502.63200000	4507.75000000	4489.96400000	4487.46000000	4492.03800000	4488.28000000	4500.91600000	4497.74360000
2952775919.73244143	4523.14600000	4514.52200000	4552.75200000	4543.13600000	4526.60000000	4521.81600000	4534.71000000	4525.55800000	4497.16600000	4486.00000000	4526.87480000	4518.20640000
2953779264.21404696	4569.85000000	4563.56400000	4499.79600000	4496.57800000	4501.78200000	4499.75200000	4516.81800000	4508.45000000	4504.41200000	4506.42400000	4518.53160000	4514.95360000
2954782608.69565201	4491.83800000	4488.35800000	4516.81400000	4508.48400000	4487.34000000	4483.52200000	4518.15200000	4516.73200000	4526.63800000	4522.67400000	4508.15640000	4503.95400000
2955785953.17725754	4552.25800000	4549.64400000	4489.85200000	4490.16000000	4499.57800000	4493.04200000	4511.62000000	4508.63200000	4510.67600000	4508.43400000	4512.79680000	4509.98240000
2956789297.65886307	4471.79000000	4470.23800000	4516.47800000	4513.21800000	4484.34000000	4481.84400000	4516.96200000	4519.16600000	4516.11000000	4512.34400000	4501.13600000	4499.36200000
2957792642.14046812	4480.28200000	4472.78000000	4525.94600000	4524.86800000	4487.24400000	4477.64800000	4516.54000000	4512.88400000	4510.18000000	4504.30800000	4504.03840000	4498.49760000
2958795986.62207365	4494.97200000	4490.67400000	4556.46800000	4563.05400000	4495.95000000	4501.68000000	4539.12200000	4543.40600000	4471.16800000	4472.05000000	4511.53600000	4514.17280000
2959799331.10367870	4510.74600000	4508.86200000	4542.24000000	4539.91400000	4520.17600000	4520.17000000	4536.53600000	4541.47600000	4471.40600000	4468.46600000	4516.22080000	4515.77760000
2960802675.58528423	4530.02800000	4533.26400000	4502.26600000	4506.76600000	4506.74000000	4515.58800000	4517.50800000	4524.99200000	4494.10000000	4501.38400000	4510.12840000	4516.39880000
2961806020.06688976	4549.03600000	4554.45000000	4478.49400000	4482.61600000	4501.28600000	4503.25200000	4495.73400000	4499.23000000	4502.83800000	4507.45400000	4505.47760000	4509.40040000
2962809364.54849482	4508.18600000	4515.31600000	4481.95800000	4496.86800000	4499.33200000	4509.25800000	4478.26200000	4492.95600000	4463.39800000	4476.25000000	4486.22720000	4498.12960000
2963812709.03010035	4481.48000000	4498.29200000	4491.38800000	4511.34600000	4478.30400000	4499.34600000	4480.94600000	4500.83400000	4463.60200000	4474.79800000	4479.14400000	4496.92320000
2964816053.51170588	4470.26200000	4495.28000000	4540.75200000	4576.69200000	4464.57200000	4490.57400000	4469.25800000	4498.52600000	4498.82400000	4520.25600000	4488.73360000	4516.26560000
2965819397.99331093	4454.35800000	4488.67600000	4483.02600000	4517.69400000	4457.11400000	4491.24200000	4454.13800000	4485.67000000	4457.05400000	4500.12000000	4461.13800000	4496.68040000
2966822742.47491646	4456.58400000	4496.73200000	4531.01800000	4565.10000000	4452.13400000	4488.49200000	4461.50600000	4501.12800000	4478.15600000	4513.02000000	4475.87960000	4512.89440000
2967826086.95652199	4495.39400000	4528.14400000	4475.65200000	4512.15600000	4471.81200000	4513.46800000	4483.33000000	4521.54000000	4448.27600000	4482.06200000	4474.89280000	4511.47400000
2968829431.43812704	4452.22000000	4484.18800000	4521.49400000	4555.45200000	4461.97000000	4499.23800000	4507.74000000	4544.88400000	4426.26000000	4465.34600000	4473.93680000	4509.82160000
2969832775.91973257	4498.65200000	4534.56800000	4449.26000000	4482.57000000	4456.47200000	4497.63600000	4489.03600000	4521.55800000	4461.14400000	4499.65600000	4470.91280000	4507.19760000
2970836120.40133762	4525.41400000	4551.09800000	4460.06600000	4490.60800000	4461.92400000	4493.31800000	4443.44400000	4466.58600000	4448.94600000	4477.61000000	4467.95880000	4495.84400000
2971839464.88294315	4475.98000000	4486.04600000	4496.62800000	4510.84200000	4480.38000000	4490.06200000	4483.55200000	4502.84200000	4470.42000000	4484.83200000	4481.39200000	4494.92480000
2972842809.36454868	4512.91000000	4525.15000000	4486.38600000	4497.48600000	4489.34400000	4503.81400000	4519.27000000	4534.22400000	4502.58400000	4515.61600000	4502.09880000	4515.25800000
2973846153.84615374	4488.66200000	4492.87400000	4485.09000000	4492.98000000	4533.45600000	4540.49400000	4493.00400000	4505.07000000	4471.11000000	4481.75000000	4494.26440000	4502.63360000
2974849498.32775927	4536.08000000	4535.66200000	4510.54400000	4516.38800000	4513.35200000	4521.56600000	4518.35200000	4515.95600000	4488.44400000	4495.90000000	4513.35440000	4517.09440000
2975852842.80936432	4560.50200000	4556.81400000	4483.59400000	4489.38800000	4505.02000000	4507.76000000	4493.27200000	4499.13800000	4502.93600000	4511.37400000	4509.06480000	4512.89480000
2976856187.29096985	4515.40000000	4520.46200000	4537.46000000	4529.32000000	4520.06200000	4517.20000000	4541.13800000	4534.39200000	4478.63000000	4483.08000000	4518.53800000	4516.89080000
2977859531.77257538	4513.84800000	4517.74800000	4475.96000000	4483.81000000	4497.68200000	4507.33600000	4471.25400000	4480.23800000	4469.73000000	4480.90400000	4485.69480000	4494.00720000
2978862876.25418043	4472.96800000	4471.56200000	4518.40000000	4521.52200000	4486.42200000	4486.25200000	4500.85000000	4506.55800000	4497.74800000	4511.58400000	4495.27760000	4499.49560000
2979866220.73578596	4477.56800000	4477.98200000	4502.25800000	4508.43200000	4481.55200000	4485.87000000	4518.84800000	4520.92000000	4516.85800000	4519.21000000	4499.41680000	4502.48280000
2980869565.21739149	4528.75200000	4534.48400000	4509.69200000	4519.90000000	4505.17400000	4513.64000000	4506.10000000	4517.77400000	4491.78600000	4504.06600000	4508.30080000	4517.97280000
2981872909.69899654	4506.04200000	4513.76000000	4524.23800000	4538.03200000	4506.52600000	4519.61000000	4532.26400000	4545.65800000	4466.62400000	4486.78800000	4507.13880000	4520.76960000
2982876254.18060207	4440.33600000	4466.37400000	4493.10200000	4511.25400000	4463.11600000	4488.36000000	4496.72600000	4522.33600000	4487.89200000	4512.45400000	4476.23440000	4500.15560000
2983879598.66220760	4506.61400000	4521.72200000	4471.11600000	4496.29000000	4476.04800000	4499.54600000	4452.25400000	4478.19400000	4461.49200000	4489.99400000	4473.50480000	4497.14920000
2984882943.14381266	4487.13000000	4524.64600000	4472.98600000	4497.01400000	4491.65400000	4521.64400000	4476.14000000	4508.92000000	4462.03800000	4485.89600000	4477.98960000	4507.62400000
2985886287.62541819	4472.97600000	4502.21600000	4542.16400000	4562.31600000	4456.10600000	4484.88600000	4479.00200000	4506.12800000	4492.60800000	4516.11800000	4488.57120000	4514.33280000
2986889632.10702324	4454.17800000	4476.09600000	4489.30600000	4511.31800000	4463.29600000	4492.90200000	4493.62800000	4513.17600000	4488.98600000	4513.08800000	4477.87880000	4501.31600000
2987892976.58862877	4477.86000000	4497.82000000	4546.82000000	4559.65200000	4469.57800000	4489.25600000	4485.51000000	4503.91400000	4492.79600000	4514.74000000	4494.51280000	4513.07640000
2988896321.07023430	4535.93400000	4548.81200000	4489.37600000	4498.78200000	4491.00200000	4500.29600000	4487.52800000	4499.89200000	4473.77600000	4491.61600000	4495.52320000	4507.87960000
2989899665.55183935	4513.28200000	4517.84800000	4477.95200000	4485.99400000	4501.93200000	4510.45600000	4482.55800000	4484.86200000	4480.44000000	4491.95400000	4491.23280000	4498.22280000
2990903010.03344488	4489.75400000	4485.33000000	4476.93000000	4485.72200000	4529.79200000	4531.20600000	4519.56800000	4519.13600000	4484.61800000	4481.72800000	4500.13240000	4500.62440000
2991906354.51504993	4484.61400000	4484.74400000	4503.48000000	4506.05800000	4487.21600000	4488.34000000	4520.49000000	4521.67600000	4511.90000000	4510.39000000	4501.54000000	4502.24160000
2992909698.99665546	4480.96400000	4483.31200000	4558.51000000	4556.85600000	4492.75600000	4483.62800000	4535.03200000	4536.38400000	4474.34600000	4472.00800000	4508.32160000	4506.43760000
2993913043.47826099	4479.94400000	4473.29200000	4508.35200000	4509.79800000	4490.56800000	4492.28200000	4520.16600000	4518.15800000	4514.85400000	4516.48200000	4502.77680000	4502.00240000
2994916387.95986605	4561.08400000	4557.14600000	4485.51200000	4482.47200000	4493.62600000	4486.38600000	4479.88600000	4476.75000000	4480.52000000	4477.03400000	4500.12560000	4495.95760000
2995919732.44147158	4520.42400000	4517.42000000	4538.87000000	4535.57600000	4509.74200000	4513.57400000	4537.76000000	4527.58800000	4481.87000000	4477.92800000	4517.73320000	4514.41720000
2996923076.92307711	4539.47000000	4537.42600000	4515.22200000	4509.92200000	4510.93600000	4513.53400000	4527.31800000	4527.91200000	4507.69800000	4508.20800000	4520.12880000	4519.40040000
2997926421.40468216	4516.35400000	4521.05400000	4497.50000000	4491.93000000	4513.86400000	4512.31400000	4505.32800000	4498.98200000	4492.48200000	4485.93600000	4505.10560000	4502.04320000
2998929765.88628769	4556.17800000	4552.06800000	4497.30400000	4495.00800000	4493.79000000	4488.80200000	4503.16000000	4503.46800000	4511.31600000	4504.49600000	4512.34960000	4508.76840000
2999933110.36789322	4505.28600000	4492.46000000	4517.93200000	4510.81800000	4485.90600000	4484.75600000	4505.27600000	4505.08800000	4526.50800000	4513.80400000	4508.18160000	4501.38520000
3000936454.84949827	4490.84200000	4489.24000000	4558.31200000	4549.87400000	4498.61200000	4497.60400000	4537.38800000	4525.66000000	4510.01800000	4499.76800000	4519.03440000	4512.42920000
3001939799.33110380	4504.40800000	4494.53400000	4502.45800000	4496.76400000	4542.67800000	4535.14000000	4509.32000000	4510.32000000	4490.91800000	4481.33600000	4509.95640000	4503.61880000
3002943143.81270885	4537.42800000	4531.22400000	4497.13200000	4489.35600000	4504.04600000	4501.54400000	4527.36800000	4521.94000000	4512.87800000	4505.13400000	4515.77040000	4509.83960000
3003946488.29431438	4554.66400000	4549.45200000	4501.85400000	4495.07200000	4506.21200000	4503.03200000	4507.88800000	4501.38400000	4509.13600000	4503.99200000	4515.95080000	4510.58640000
3004949832.77591991	4522.73000000	4517.17200000	4541.49600000	4538.46800000	4515.68000000	4516.02600000	4535.69800000	4525.70800000	4488.61600000	4484.28200000	4520.84400000	4516.33120000
3005953177.25752497	4574.47000000	4565.70200000	4498.37200000	4485.94800000	4506.59200000	4500.80600000	4528.56200000	4521.63600000	4504.21600000	4504.52800000	4522.44240000	4515.72400000
3006956521.73913050	4488.27800000	4481.64400000	4569.18800000	4559.56200000	4495.55400000	4487.67800000	4532.84200000	4526.61600000	4486.29800000	4482.84800000	4514.43200000	4507.66960000
3007959866.22073555	4534.16800000	4532.16800000	4523.75000000	4520.41200000	4517.91600000	4512.11600000	4531.34200000	4519.05600000	4496.18200000	4492.63400000	4520.67160000	4515.27720000
3008963210.70234108	4518.72800000	4505.08000000	4545.39200000	4536.98000000	4521.47800000	4516.30600000	4546.29000000	4541.13200000	4477.53000000	4473.90600000	4521.88360000	4514.68080000
3009966555.18394661	4491.62800000	4493.12200000	4486.45200000	4479.60200000	4538.46200000	4532.67600000	4518.83200000	4516.02200000	4489.43000000	4491.62400000	4504.96080000	4502.60920000
3010969899.66555166	4479.87000000	4473.15600000	4525.41200000	4524.67200000	4492.39200000	4488.08800000	4521.53800000	4521.15800000	4516.57200000	4507.46200000	4507.15680000	4502.90720000
3011973244.14715719	4539.54000000	4535.85200000	4484.17600000	4480.97200000	4503.51600000	4503.42400000	4536.30800000	4530.46400000	4506.73800000	4497.40000000	4514.05560000	4509.62240000
3012976588.62876272	4477.69400000	4475.65000000	4542.61600000	4538.74200000	4486.04200000	4486.08600000	4506.11200000	4497.40000000	4512.70800000	4509.90200000	4505.03440000	4501.55600000
3013979933.11036777	4563.00400000	4556.29200000	4490.81000000	4483.99800000	4496.35000000	4485.29800000	4470.74200000	4462.06200000	4482.92200000	4478.84200000	4500.76560000	4493.29840000
3014983277.59197330	4493.72600000	4487.88800000	4560.38200000	4558.43800000	4502.10000000	4495.67000000	4546.69200000	4542.22200000	4469.10400000	4465.49200000	4514.40080000	4509.94200000
3015986622.07357883	4556.44000000	4557.35800000	4489.43000000	4483.49000000	4509.19800000	4505.97200000	4538.21200000	4531.05000000	4509.43800000	4511.78600000	4520.54360000	4517.93120000
3016989966.55518389	4492.62200000	4484.45400000	4564.65600000	4558.22400000	4495.36200000	4494.51600000	4542.58800000	4537.76800000	4477.72200000	4477.57400000	4514.59000000	4510.50720000
3017993311.03678942	4496.22200000	4487.18200000	4497.42200000	4488.22800000	4539.22800000	4532.70800000	4525.40200000	4518.87600000	4504.17000000	4495.90400000	4512.48880000	4504.57960000
3018996655.51839447	4550.57600000	4547.32600000	4501.94000000	4496.83000000	4499.73200000	4501.22000000	4492.94400000	4489.82600000	4494.23000000	4484.55200000	4507.88440000	4503.95080000
3020000000.00000000	4481.14600000	4472.94400000	4529.99000000	4519.38800000	4490.69800000	4488.14000000	4516.54000000	4516.24400000	4516.84200000	4507.37200000	4507.04320000	4500.81760000
