freq	PL_sig1	PL_ref1	PL_sig2	PL_ref2	PL_sig3	PL_ref3	PL_sig4	PL_ref4	PL_sig5	PL_ref5	avgPL_sig	avgPL_ref
2620000000.00000000	5628.02800000	5617.20000000	5622.46400000	5611.15800000	5655.36800000	5648.54600000	5617.59400000	5610.47000000	5552.44200000	5542.60600000	5615.17920000	5605.99600000
2621672240.80267572	5623.75800000	5617.80600000	5643.13600000	5631.88200000	5610.56400000	5608.76800000	5627.27600000	5614.91600000	5582.38600000	5576.68000000	5617.42400000	5610.01040000
2623344481.60535097	5605.25400000	5601.42400000	5676.92000000	5670.55200000	5625.50600000	5616.82000000	5623.41000000	5606.82600000	5599.73600000	5588.62800000	5626.16520000	5616.85000000
2625016722.40802670	5621.12000000	5611.01600000	5662.66600000	5655.34400000	5630.36200000	5613.57000000	5578.00600000	5574.23800000	5554.57000000	5541.66600000	5609.34480000	5599.16680000
2626688963.21070242	5662.43800000	5656.14000000	5620.72000000	5613.43600000	5621.32000000	5617.84600000	5630.32600000	5625.33400000	5531.96600000	5526.16200000	5613.35400000	5607.78360000
2628361204.01337814	5662.08000000	5661.04600000	5618.24200000	5617.01000000	5625.33400000	5623.44000000	5611.33000000	5606.23200000	5533.05000000	5523.70000000	5610.00720000	5606.28560000
2630033444.81605339	5569.66200000	5561.63200000	5614.74800000	5615.74400000	5669.07600000	5660.02400000	5587.37400000	5568.79200000	5571.57600000	5570.87000000	5602.48720000	5595.41240000
2631705685.61872911	5618.81800000	5611.11200000	5642.48000000	5638.84000000	5619.22800000	5608.65000000	5620.35000000	5610.02400000	5570.42200000	5566.84400000	5614.25960000	5607.09400000
2633377926.42140484	5589.59200000	5576.61600000	5618.32200000	5612.09200000	5638.48800000	5638.48600000	5570.92800000	5561.69200000	5564.81400000	5561.17200000	5596.42880000	5590.01160000
2635050167.22408009	5591.05800000	5580.68200000	5646.24000000	5636.07800000	5644.45600000	5637.63800000	5598.52600000	5593.26200000	5558.83400000	5546.18600000	5607.82280000	5598.76920000
2636722408.02675581	5629.93400000	5617.10000000	5614.97000000	5604.99400000	5659.62400000	5652.81200000	5626.82200000	5615.62600000	5545.55400000	5546.00600000	5615.38080000	5607.30760000
2638394648.82943153	5627.87200000	5621.40000000	5640.05600000	5639.20000000	5635.52800000	5630.59600000	5601.93000000	5598.80200000	5572.20000000	5563.26200000	5615.51720000	5610.65200000
2640066889.63210726	5618.44200000	5615.37600000	5647.60000000	5641.08400000	5623.72000000	5621.71600000	5571.08000000	5565.56400000	5538.17200000	5532.40600000	5599.80280000	5595.22920000
2641739130.43478251	5666.51600000	5655.54600000	5600.66600000	5590.51000000	5630.13200000	5626.45800000	5618.36600000	5608.79000000	5531.23200000	5521.43400000	5609.38240000	5600.54760000
2643411371.23745823	5678.67600000	5669.39600000	5600.73200000	5593.18200000	5626.41800000	5621.12400000	5622.03000000	5613.70200000	5539.78000000	5530.48800000	5613.52720000	5605.57840000
2645083612.04013395	5650.44000000	5639.18000000	5646.40400000	5638.19800000	5643.87200000	5638.42200000	5609.90800000	5603.40800000	5564.29800000	5560.00200000	5622.98440000	5615.84200000
2646755852.84280920	5611.51000000	5601.27400000	5635.31000000	5628.81400000	5619.32200000	5616.72600000	5603.83800000	5599.35000000	5563.24600000	5551.15800000	5606.64520000	5599.46440000
2648428093.64548492	5586.06400000	5580.42400000	5658.48600000	5648.25800000	5630.26600000	5624.19000000	5602.32000000	5589.25800000	5585.49800000	5578.13200000	5612.52680000	5604.05240000
2650100334.44816065	5579.05400000	5573.76600000	5628.45600000	5613.99600000	5654.33000000	5651.55400000	5567.47200000	5563.77800000	5583.19800000	5576.36800000	5602.50200000	5595.89240000
2651772575.25083590	5629.44000000	5624.76600000	5618.88200000	5613.46200000	5652.35800000	5649.58800000	5623.33600000	5613.92400000	5548.57200000	5537.17200000	5614.51760000	5607.78240000
2653444816.05351162	5637.17800000	5630.20200000	5667.71000000	5660.18000000	5625.07800000	5617.38000000	5609.49000000	5603.44400000	5646.79200000	5642.24600000	5637.24960000	5630.69040000
2655117056.85618734	5630.84000000	5627.09200000	5658.15600000	5647.86200000	5605.18400000	5598.70200000	5623.49000000	5608.90800000	5610.49200000	5600.17000000	5625.63240000	5616.54680000
2656789297.65886307	5636.63800000	5631.15600000	5669.61600000	5660.07200000	5619.36400000	5613.01800000	5608.53600000	5597.61200000	5637.95000000	5637.32000000	5634.42080000	5627.83560000
2658461538.46153831	5616.09000000	5609.53800000	5639.65000000	5639.97000000	5632.90400000	5628.89400000	5616.39000000	5610.24400000	5658.31800000	5651.77800000	5632.67040000	5628.08480000
2660133779.26421404	5620.44400000	5615.19600000	5664.95600000	5657.32800000	5633.47200000	5626.28800000	5609.23800000	5600.52400000	5661.30400000	5648.58600000	5637.88280000	5629.58440000
2661806020.06688976	5629.37400000	5624.46800000	5673.05600000	5664.84400000	5615.28400000	5612.11200000	5601.32200000	5594.54000000	5646.34600000	5640.20200000	5633.07640000	5627.23320000
2663478260.86956501	5611.49800000	5609.06800000	5655.33200000	5650.73000000	5622.83200000	5616.74600000	5577.98400000	5574.88400000	5557.10400000	5554.07200000	5604.95000000	5601.10000000
2665150501.67224073	5636.61000000	5630.95400000	5650.01400000	5639.70000000	5601.22000000	5593.55600000	5603.06800000	5598.29200000	5618.98600000	5612.93200000	5621.97960000	5615.08680000
2666822742.47491646	5603.41400000	5595.70000000	5654.35000000	5637.53400000	5620.94400000	5614.61400000	5607.11600000	5603.35200000	5541.50800000	5532.39600000	5605.46640000	5596.71920000
2668494983.27759218	5577.93000000	5573.97600000	5625.03000000	5625.22000000	5636.85200000	5630.76800000	5577.10800000	5575.72000000	5573.70800000	5568.69400000	5598.12560000	5594.87560000
2670167224.08026743	5581.36000000	5578.67200000	5636.20800000	5639.15800000	5674.07000000	5665.08800000	5600.92000000	5590.30600000	5573.05600000	5570.72400000	5613.12280000	5608.78960000
2671839464.88294315	5608.20600000	5605.87000000	5666.22600000	5668.21000000	5638.80200000	5636.41000000	5589.76600000	5577.33200000	5563.94000000	5566.74600000	5613.38800000	5610.91360000
2673511705.68561888	5567.76000000	5561.16600000	5643.53000000	5643.92200000	5669.77000000	5666.98400000	5583.00000000	5587.36600000	5571.93800000	5566.61000000	5607.19960000	5605.20960000
2675183946.48829412	5663.14800000	5670.14600000	5621.82600000	5614.71800000	5641.45200000	5631.72800000	5619.84800000	5613.03800000	5546.18400000	5545.95800000	5618.49160000	5615.11760000
2676856187.29096985	5633.23800000	5622.64000000	5613.58000000	5610.33800000	5618.23600000	5612.26800000	5622.89800000	5611.35200000	5573.62800000	5570.09600000	5612.31600000	5605.33880000
2678528428.09364557	5628.54600000	5628.37200000	5655.26800000	5654.81200000	5642.06600000	5643.10000000	5577.52200000	5564.25800000	5572.37400000	5565.10200000	5615.15520000	5611.12880000
2680200668.89632130	5668.32200000	5664.52800000	5599.24800000	5595.69800000	5621.04600000	5619.94000000	5617.39400000	5611.25400000	5541.00400000	5540.42800000	5609.40280000	5606.36960000
2681872909.69899654	5579.43400000	5577.95600000	5626.54600000	5626.77000000	5659.55600000	5654.19200000	5589.69200000	5588.38600000	5586.31600000	5584.72800000	5608.30880000	5606.40640000
2683545150.50167227	5662.88800000	5658.64800000	5608.12000000	5598.16000000	5630.46600000	5624.73200000	5613.47400000	5606.74200000	5531.57400000	5528.85400000	5609.30440000	5603.42720000
2685217391.30434799	5565.84600000	5566.39600000	5588.82800000	5598.81800000	5646.89200000	5648.76200000	5563.52400000	5560.40200000	5576.89400000	5577.84600000	5588.39680000	5590.44480000
2686889632.10702324	5602.10600000	5597.91000000	5645.18000000	5642.94400000	5610.98800000	5604.28600000	5611.41600000	5607.20200000	5538.74000000	5536.05200000	5601.68600000	5597.67880000
2688561872.90969896	5595.60600000	5593.28000000	5640.28200000	5636.86600000	5614.67800000	5606.25200000	5593.95800000	5594.97400000	5546.11200000	5542.90400000	5598.12720000	5594.85520000
2690234113.71237469	5612.76800000	5601.18200000	5601.00400000	5602.75400000	5650.15400000	5650.71000000	5624.92800000	5622.92600000	5559.56800000	5559.38800000	5609.68440000	5607.39200000
2691906354.51504993	5582.04000000	5577.37400000	5643.06600000	5636.02000000	5638.96200000	5639.76200000	5586.90600000	5586.55000000	5562.48800000	5551.98000000	5602.69240000	5598.33720000
2693578595.31772566	5590.37400000	5584.20400000	5632.36600000	5621.76800000	5619.35200000	5610.13600000	5599.16800000	5594.13000000	5544.10200000	5543.48200000	5597.07240000	5590.74400000
2695250836.12040138	5604.26400000	5605.18600000	5650.97800000	5650.13000000	5621.33200000	5614.06400000	5580.86800000	5573.74200000	5531.21600000	5523.87800000	5597.73160000	5593.40000000
2696923076.92307711	5615.20000000	5612.11200000	5649.77000000	5653.99400000	5636.82600000	5627.25600000	5577.92800000	5574.87000000	5550.50200000	5549.71000000	5606.04520000	5603.58840000
2698595317.72575235	5626.01200000	5619.53400000	5631.53400000	5634.18800000	5622.78600000	5626.63400000	5589.98000000	5591.05400000	5562.21800000	5561.93200000	5606.50600000	5606.66840000
2700267558.52842808	5616.04800000	5615.80800000	5641.16400000	5632.54400000	5609.28400000	5611.21000000	5616.32600000	5613.91800000	5577.20600000	5576.00400000	5612.00560000	5609.89680000
2701939799.33110380	5605.91600000	5608.67800000	5639.51000000	5639.10800000	5624.71200000	5622.14000000	5598.51000000	5602.89600000	5630.67200000	5628.27000000	5619.86400000	5620.21840000
2703612040.13377905	5620.49000000	5620.05600000	5655.70800000	5650.39200000	5633.81400000	5633.56800000	5605.60600000	5603.34000000	5648.91600000	5641.58000000	5632.90680000	5629.78720000
2705284280.93645477	5573.24600000	5574.99600000	5630.53400000	5629.71200000	5655.08400000	5648.73200000	5569.24800000	5562.49400000	5562.26800000	5561.09000000	5598.07600000	5595.40480000
2706956521.73913050	5594.41000000	5598.92400000	5627.77400000	5622.12800000	5618.69800000	5615.04600000	5603.70600000	5606.07600000	5636.42600000	5636.14800000	5616.20280000	5615.66440000
2708628762.54180622	5599.59800000	5605.32400000	5634.31000000	5639.87400000	5619.13600000	5621.04200000	5605.08800000	5606.29600000	5540.13200000	5543.42200000	5599.65280000	5603.19160000
2710301003.34448147	5561.03400000	5567.80600000	5605.10600000	5600.10600000	5655.17200000	5654.85000000	5570.12200000	5567.84400000	5565.12400000	5571.00000000	5591.31160000	5592.32120000
2711973244.14715719	5623.92200000	5614.22400000	5630.85400000	5629.90400000	5637.06000000	5634.35000000	5580.85200000	5585.02800000	5574.12800000	5572.63600000	5609.36320000	5607.22840000
2713645484.94983292	5669.41400000	5672.03200000	5620.23600000	5621.82600000	5627.33000000	5627.06800000	5624.77200000	5622.88000000	5552.36200000	5553.50600000	5618.82280000	5619.46240000
2715317725.75250816	5613.09800000	5616.76600000	5639.89600000	5648.96200000	5612.26600000	5625.03200000	5575.30400000	5576.07200000	5533.57600000	5536.72600000	5594.82800000	5600.71160000
2716989966.55518389	5617.64000000	5615.79000000	5642.06400000	5636.80400000	5632.18000000	5631.58000000	5568.60000000	5573.60000000	5553.91400000	5560.51600000	5602.87960000	5603.65800000
2718662207.35785961	5652.46200000	5657.20200000	5603.28800000	5612.79400000	5658.37000000	5656.08600000	5618.32800000	5620.12800000	5569.63400000	5581.19200000	5620.41640000	5625.48040000
2720334448.16053534	5574.61400000	5581.86000000	5615.30400000	5620.21000000	5621.41400000	5628.80000000	5583.27400000	5588.44800000	5562.85000000	5567.78200000	5591.49120000	5597.42000000
2722006688.96321058	5656.26800000	5651.00200000	5591.90400000	5597.14000000	5621.00800000	5620.92800000	5610.49000000	5614.81400000	5518.31200000	5521.83800000	5599.59640000	5601.14440000
2723678929.76588631	5596.32200000	5592.12200000	5644.22800000	5646.87400000	5601.15400000	5606.31600000	5598.77200000	5595.44200000	5536.33200000	5541.20800000	5595.36160000	5596.39240000
2725351170.56856203	5604.10400000	5611.94200000	5591.06800000	5599.82200000	5618.01800000	5625.38400000	5621.48800000	5629.50800000	5588.15200000	5586.42400000	5604.56600000	5610.61600000
2727023411.37123728	5647.97000000	5654.09000000	5622.93000000	5632.11800000	5625.45000000	5628.01200000	5614.78200000	5618.53600000	5546.74800000	5549.60200000	5611.57600000	5616.47160000
2728695652.17391300	5611.78400000	5615.84000000	5587.63000000	5597.67600000	5649.07200000	5649.93000000	5619.48600000	5626.69200000	5558.72800000	5558.44600000	5605.34000000	5609.71680000
2730367892.97658873	5574.35400000	5576.45800000	5617.54600000	5621.41400000	5649.91600000	5655.26800000	5569.52800000	5581.13800000	5572.98200000	5582.22000000	5596.86520000	5603.29960000
2732040133.77926445	5568.02000000	5575.89200000	5615.49800000	5623.02000000	5631.18000000	5637.27400000	5561.01800000	5568.31000000	5564.95800000	5572.08800000	5588.13480000	5595.31680000
2733712374.58193970	5594.15000000	5610.94200000	5623.04800000	5632.50200000	5625.37200000	5628.57000000	5605.99000000	5616.09800000	5533.18400000	5533.20200000	5596.34880000	5604.26280000
2735384615.38461542	5602.59400000	5612.21200000	5616.94400000	5624.87600000	5632.12400000	5641.54000000	5610.26800000	5612.98600000	5526.16800000	5534.70600000	5597.61960000	5605.26400000
2737056856.18729115	5588.92600000	5592.75000000	5663.55800000	5668.55600000	5605.32800000	5616.47000000	5591.65800000	5597.50600000	5573.69800000	5582.14000000	5604.63360000	5611.48440000
2738729096.98996639	5596.54000000	5603.97200000	5636.79200000	5647.47800000	5605.23600000	5617.48600000	5560.18600000	5574.06000000	5509.05400000	5526.35400000	5581.56160000	5593.87000000
2740401337.79264212	5630.04800000	5644.74000000	5636.87400000	5642.25600000	5585.82800000	5601.77000000	5595.82800000	5601.79800000	5602.02400000	5609.40800000	5610.12040000	5619.99440000
2742073578.59531784	5603.19000000	5605.63600000	5575.89000000	5593.36000000	5623.19000000	5629.36400000	5621.63800000	5624.10000000	5591.02600000	5594.27800000	5602.98680000	5609.34760000
2743745819.39799309	5643.34400000	5653.67000000	5600.60600000	5611.67400000	5659.07400000	5670.18400000	5603.81400000	5612.08400000	5554.11200000	5563.94800000	5612.19000000	5622.31200000
2745418060.20066881	5594.53800000	5598.80400000	5623.14000000	5628.97600000	5598.56200000	5615.30400000	5586.49200000	5597.41200000	5532.82600000	5536.05400000	5587.11160000	5595.31000000
2747090301.00334454	5664.29200000	5674.06000000	5622.68200000	5623.45400000	5624.18800000	5635.96800000	5611.55400000	5619.53000000	5543.32400000	5551.40400000	5613.20800000	5620.88320000
2748762541.80602026	5601.42800000	5615.83400000	5632.38800000	5638.82800000	5622.45000000	5629.84400000	5562.60400000	5576.84800000	5547.56400000	5562.40200000	5593.28680000	5604.75120000
2750434782.60869551	5589.18400000	5600.66600000	5610.41400000	5621.54800000	5599.20000000	5610.65000000	5592.57400000	5598.25400000	5620.50800000	5630.62000000	5602.37600000	5612.34760000
2752107023.41137123	5601.87600000	5614.27800000	5601.58200000	5617.09600000	5596.20200000	5612.26000000	5583.63200000	5594.62800000	5630.04200000	5640.07000000	5602.66680000	5615.66640000
2753779264.21404696	5560.91400000	5574.22200000	5608.66600000	5614.78400000	5636.11200000	5645.52400000	5541.62600000	5551.52400000	5557.68200000	5568.99000000	5581.00000000	5591.00880000
2755451505.01672220	5592.85800000	5608.77200000	5627.24000000	5641.36000000	5596.63000000	5612.54400000	5561.53800000	5574.37600000	5513.29800000	5528.20000000	5578.31280000	5593.05040000
2757123745.81939793	5600.49800000	5609.41600000	5632.01200000	5642.98000000	5595.25200000	5612.88200000	5563.93000000	5576.67800000	5503.06200000	5521.52200000	5578.95080000	5592.69560000
2758795986.62207365	5564.87400000	5569.95800000	5628.01400000	5636.90400000	5625.97600000	5639.27400000	5558.30000000	5578.30800000	5554.17200000	5563.46600000	5586.26720000	5597.58200000
2760468227.42474937	5594.47200000	5612.05600000	5633.86400000	5648.27800000	5602.75800000	5620.65000000	5564.37400000	5576.71200000	5522.72800000	5550.14200000	5583.63920000	5601.56760000
2762140468.22742462	5628.84600000	5639.60800000	5577.62000000	5594.24000000	5649.70800000	5656.14600000	5602.49200000	5617.15000000	5550.96200000	5564.72400000	5601.92560000	5614.37360000
2763812709.03010035	5577.50200000	5590.12400000	5629.97000000	5642.07000000	5597.79200000	5608.24600000	5592.49400000	5604.51800000	5520.76600000	5542.86200000	5583.70480000	5597.56400000
2765484949.83277607	5584.01200000	5593.81400000	5658.65400000	5666.85000000	5602.28200000	5622.71800000	5601.70800000	5616.60400000	5571.36200000	5587.16200000	5603.60360000	5617.42960000
2767157190.63545132	5570.92000000	5594.60400000	5650.16400000	5666.26400000	5605.04400000	5617.88400000	5597.26800000	5620.29000000	5560.51200000	5574.18400000	5596.78160000	5614.64520000
2768829431.43812704	5558.06400000	5582.37600000	5578.19000000	5597.39000000	5612.45800000	5624.63200000	5564.59000000	5587.56200000	5543.54600000	5563.40600000	5571.36960000	5591.07320000
2770501672.24080276	5613.47600000	5629.66600000	5626.96200000	5650.64600000	5590.09600000	5608.46400000	5571.26200000	5593.14800000	5603.50600000	5625.25400000	5601.06040000	5621.43560000
2772173913.04347801	5649.78400000	5670.56200000	5598.45800000	5616.31400000	5607.11800000	5623.91200000	5584.64800000	5603.63000000	5507.02400000	5536.64000000	5589.40640000	5610.21160000
2773846153.84615374	5636.93200000	5656.56000000	5589.75400000	5610.61000000	5642.96000000	5665.57200000	5583.48000000	5606.10000000	5520.80600000	5542.99200000	5594.78640000	5616.36680000
2775518394.64882946	5593.02000000	5614.07000000	5611.19600000	5636.79600000	5607.20200000	5625.65200000	5561.83400000	5583.90400000	5523.42200000	5555.81000000	5579.33480000	5603.24640000
2777190635.45150518	5588.97800000	5608.73800000	5608.04600000	5633.29600000	5618.06200000	5639.21800000	5583.88600000	5608.13000000	5517.21000000	5545.32800000	5583.23640000	5606.94200000
2778862876.25418043	5559.24400000	5582.75800000	5639.90000000	5667.25600000	5593.38000000	5619.26600000	5577.19400000	5595.46400000	5547.69800000	5580.12000000	5583.48320000	5608.97280000
2780535117.05685616	5574.46200000	5598.73000000	5615.31800000	5642.15800000	5616.36400000	5646.05200000	5531.74800000	5562.97600000	5547.18000000	5570.72400000	5577.01440000	5604.12800000
2782207357.85953188	5569.14000000	5594.31600000	5620.40600000	5641.02800000	5586.78000000	5617.37400000	5577.06800000	5608.80200000	5511.57400000	5533.90200000	5572.99360000	5599.08440000
2783879598.66220760	5544.41600000	5569.53000000	5588.30600000	5618.52200000	5622.97600000	5651.73200000	5546.77600000	5575.25200000	5547.35400000	5573.94600000	5569.96560000	5597.79640000
2785551839.46488285	5540.70600000	5570.48400000	5583.47600000	5615.19600000	5617.68200000	5647.60600000	5537.55600000	5565.64400000	5538.24800000	5570.76600000	5563.53360000	5593.93920000
2787224080.26755857	5599.17000000	5629.70400000	5607.25000000	5635.85000000	5564.34600000	5595.10600000	5581.10800000	5612.95000000	5550.94800000	5588.25400000	5580.56440000	5612.37280000
2788896321.07023430	5577.11000000	5597.47400000	5578.88200000	5614.42400000	5576.99200000	5616.51600000	5563.75600000	5596.81000000	5604.76000000	5639.48000000	5580.30000000	5612.94080000
2790568561.87290955	5585.41800000	5614.85000000	5585.41200000	5614.92400000	5573.14000000	5607.37800000	5582.45000000	5615.06600000	5545.31000000	5577.06200000	5574.34600000	5605.85600000
2792240802.67558527	5553.49400000	5589.21800000	5603.09000000	5642.26000000	5573.39000000	5612.84200000	5562.61200000	5597.89800000	5602.00000000	5638.33600000	5578.91720000	5616.11080000
2793913043.47826099	5583.43600000	5621.48800000	5597.16200000	5640.09200000	5597.93200000	5642.67600000	5534.56000000	5573.19200000	5542.60800000	5572.85600000	5571.13960000	5610.06080000
2795585284.28093624	5548.79600000	5592.27800000	5585.18800000	5621.23400000	5559.11800000	5597.73600000	5545.34800000	5587.84000000	5583.56000000	5628.09400000	5564.40200000	5605.43640000
2797257525.08361197	5580.27600000	5618.88400000	5609.13000000	5650.18200000	5549.85200000	5591.18600000	5555.95000000	5604.09200000	5577.15400000	5617.21600000	5574.47240000	5616.31200000
2798929765.88628769	5558.76000000	5607.19800000	5586.44200000	5628.74600000	5571.36600000	5614.31400000	5571.41000000	5606.10200000	5602.73000000	5646.17000000	5578.14160000	5620.50600000
2800602006.68896341	5578.79600000	5624.32800000	5607.05600000	5651.22400000	5550.30200000	5600.28400000	5548.34800000	5593.34000000	5582.10800000	5627.21000000	5573.32200000	5619.27720000
2802274247.49163866	5575.20000000	5620.79400000	5582.24800000	5624.19600000	5604.61000000	5648.44400000	5563.65200000	5611.59200000	5492.04200000	5540.15000000	5563.55040000	5609.03520000
2803946488.29431438	5616.83400000	5660.95600000	5580.57800000	5630.11600000	5579.95400000	5624.59000000	5569.35000000	5624.30600000	5500.77800000	5551.11600000	5569.49880000	5618.21680000
2805618729.09699011	5561.01000000	5609.01000000	5584.82600000	5634.46200000	5558.42400000	5606.56200000	5559.61200000	5618.77400000	5514.31600000	5572.47200000	5555.63760000	5608.25600000
2807290969.89966536	5528.99200000	5578.61400000	5566.22800000	5620.19200000	5575.72800000	5631.86600000	5540.70200000	5596.34600000	5512.62600000	5564.66400000	5544.85520000	5598.33640000
2808963210.70234108	5518.27400000	5578.22400000	5556.18600000	5617.98400000	5569.42200000	5631.81600000	5505.93200000	5565.27400000	5503.01400000	5563.44600000	5530.56560000	5591.34880000
2810635451.50501680	5550.64600000	5615.49800000	5606.13600000	5669.08800000	5555.62800000	5620.68600000	5543.22200000	5608.32600000	5522.97400000	5587.50400000	5555.72120000	5620.22040000
2812307692.30769253	5593.66800000	5658.54400000	5541.29400000	5608.52400000	5597.97200000	5672.16800000	5548.60000000	5621.70000000	5482.55200000	5550.19200000	5552.81720000	5622.22560000
2813979933.11036777	5492.42400000	5567.48400000	5546.24800000	5619.45800000	5581.62000000	5653.87200000	5484.48800000	5560.41200000	5495.04400000	5565.65800000	5519.96480000	5593.37680000
2815652173.91304350	5514.24800000	5588.86800000	5577.42400000	5654.06200000	5578.83800000	5654.76400000	5497.14800000	5577.85400000	5472.32800000	5556.23800000	5527.99720000	5606.35720000
2817324414.71571922	5558.36000000	5633.93800000	5555.04800000	5643.73400000	5551.93000000	5636.38800000	5507.59000000	5595.80400000	5478.84800000	5562.52200000	5530.35520000	5614.47720000
2818996655.51839447	5494.84400000	5582.01200000	5531.54800000	5616.48600000	5550.60800000	5644.38000000	5486.24200000	5572.29400000	5478.86400000	5570.47600000	5508.42120000	5597.12960000
2820668896.32107019	5480.86000000	5573.89000000	5535.61800000	5629.13600000	5536.25800000	5628.92200000	5501.48600000	5599.18400000	5475.68600000	5572.78800000	5505.98160000	5600.78400000
2822341137.12374592	5525.95600000	5626.42600000	5560.80800000	5664.74800000	5507.89800000	5609.97000000	5496.06200000	5603.63200000	5494.59000000	5596.04800000	5517.06280000	5620.16480000
2824013377.92642117	5449.17400000	5561.32400000	5526.67200000	5639.75000000	5546.06200000	5664.78400000	5457.43000000	5570.58000000	5444.52400000	5554.08600000	5484.77240000	5598.10480000
2825685618.72909689	5507.45000000	5616.99400000	5460.61200000	5585.81000000	5529.99800000	5655.71200000	5505.15000000	5629.15800000	5431.31200000	5547.26000000	5486.90440000	5606.98680000
2827357859.53177261	5539.26000000	5658.98800000	5498.56000000	5622.79800000	5493.75600000	5620.12400000	5486.71800000	5621.45400000	5397.18600000	5525.69200000	5483.09600000	5609.81120000
2829030100.33444834	5504.49800000	5632.01800000	5512.94800000	5646.37600000	5504.10000000	5633.84200000	5461.82400000	5598.96000000	5425.51200000	5568.16400000	5481.77640000	5615.87200000
2830702341.13712358	5443.48400000	5578.08600000	5495.69400000	5635.43800000	5487.46000000	5629.12200000	5460.64400000	5603.55200000	5416.42400000	5567.07000000	5460.74120000	5602.65360000
2832374581.93979931	5424.24000000	5582.99200000	5487.69200000	5644.08600000	5505.73600000	5661.32200000	5431.41000000	5581.16800000	5423.51600000	5580.38800000	5454.51880000	5609.99120000
2834046822.74247503	5453.72200000	5616.03600000	5490.54000000	5653.83200000	5465.58000000	5629.21600000	5450.98200000	5612.19000000	5478.88800000	5649.84800000	5467.94240000	5632.22440000
2835719063.54515028	5406.40200000	5573.24600000	5475.72800000	5642.12800000	5494.55200000	5664.68800000	5399.71600000	5575.76800000	5377.85800000	5554.24200000	5430.85120000	5602.01440000
2837391304.34782600	5428.74400000	5607.99800000	5450.84200000	5634.24000000	5435.74800000	5612.38400000	5431.26800000	5613.64400000	5464.44800000	5649.93800000	5442.21000000	5623.64080000
2839063545.15050173	5440.94000000	5632.21800000	5418.05200000	5600.43400000	5465.23800000	5655.85400000	5440.32200000	5632.70400000	5373.47200000	5559.23600000	5427.60480000	5616.08920000
2840735785.95317745	5409.61400000	5591.76800000	5459.97200000	5645.55600000	5459.80600000	5648.58800000	5391.33200000	5585.56800000	5356.03000000	5547.32000000	5415.35080000	5603.76000000
2842408026.75585270	5414.28400000	5607.66000000	5480.82200000	5665.87400000	5424.69800000	5624.00600000	5415.48800000	5619.87400000	5373.39200000	5574.93400000	5421.73680000	5618.46960000
2844080267.55852842	5416.71200000	5608.68200000	5440.24800000	5639.32400000	5393.56600000	5601.29000000	5413.99400000	5620.39200000	5384.62000000	5586.48600000	5409.82800000	5611.23480000
2845752508.36120415	5432.70800000	5624.72800000	5447.08200000	5654.69200000	5438.88600000	5646.02600000	5366.00200000	5574.82400000	5358.02400000	5571.48200000	5408.54040000	5614.35040000
2847424749.16387939	5413.97400000	5615.33600000	5433.08600000	5637.47600000	5421.49600000	5628.99200000	5408.80600000	5609.72000000	5439.23200000	5646.04400000	5423.31880000	5627.51360000
2849096989.96655512	5413.59600000	5615.97000000	5431.04600000	5643.71400000	5418.41800000	5628.01200000	5371.01600000	5578.23800000	5338.59600000	5546.74000000	5394.53440000	5602.53480000
2850769230.76923084	5422.02800000	5625.70200000	5436.78600000	5647.10600000	5427.98200000	5637.62000000	5369.12400000	5573.76800000	5363.13600000	5575.75800000	5403.81120000	5611.99080000
2852441471.57190657	5406.65200000	5612.48400000	5429.10600000	5634.56600000	5435.22600000	5638.58600000	5395.95600000	5604.71800000	5327.68800000	5541.58400000	5398.92560000	5606.38760000
2854113712.37458181	5419.83000000	5616.88400000	5417.69600000	5625.61400000	5400.14200000	5604.80000000	5399.68200000	5616.89800000	5372.67800000	5581.15800000	5402.00560000	5609.07080000
2855785953.17725754	5399.68000000	5600.51200000	5428.08400000	5641.22200000	5436.50000000	5639.14200000	5392.25200000	5601.51200000	5348.75200000	5560.34600000	5401.05360000	5608.54680000
2857458193.97993326	5400.38400000	5605.55800000	5453.52800000	5656.04800000	5433.33200000	5635.44400000	5367.91000000	5576.11200000	5353.29000000	5561.81600000	5401.68880000	5606.99560000
2859130434.78260851	5416.21400000	5613.39600000	5414.10000000	5614.44000000	5406.69200000	5611.08600000	5384.97200000	5593.96800000	5431.50000000	5639.34200000	5410.69560000	5614.44640000
2860802675.58528423	5386.65600000	5574.25200000	5435.13200000	5624.09600000	5445.52000000	5648.62600000	5376.94600000	5574.51000000	5358.46600000	5555.80600000	5400.54400000	5595.45800000
2862474916.38795996	5420.27200000	5605.11400000	5455.66400000	5649.02800000	5432.95600000	5618.24000000	5420.56000000	5612.63000000	5351.33400000	5539.83800000	5416.15720000	5604.97000000
2864147157.19063568	5429.09600000	5615.69000000	5454.26600000	5638.73600000	5456.18000000	5639.99400000	5415.20200000	5601.23800000	5358.04800000	5547.21400000	5422.55840000	5608.57440000
2865819397.99331093	5449.85000000	5628.21600000	5482.87800000	5654.33200000	5445.72400000	5624.97800000	5427.64200000	5609.56400000	5476.00200000	5655.55600000	5456.41920000	5634.52920000
2867491638.79598665	5425.24400000	5586.62400000	5471.48600000	5637.55400000	5447.59600000	5620.69800000	5433.79400000	5606.56400000	5397.59000000	5572.81600000	5435.14200000	5604.85120000
2869163879.59866238	5431.14200000	5588.74000000	5457.80400000	5619.85400000	5440.71200000	5604.60800000	5432.53600000	5602.19200000	5467.35200000	5634.53400000	5445.90920000	5609.98560000
2870836120.40133762	5490.24000000	5650.23000000	5439.11800000	5601.14800000	5496.79800000	5664.64800000	5450.35400000	5618.25000000	5407.28800000	5578.71400000	5456.75960000	5622.59800000
2872508361.20401335	5491.54800000	5652.89600000	5459.99000000	5629.88600000	5464.15600000	5629.10600000	5450.32600000	5613.28800000	5377.45400000	5551.52200000	5448.69480000	5615.33960000
2874180602.00668907	5500.72600000	5672.84000000	5444.27800000	5614.85200000	5453.10600000	5631.56200000	5434.73600000	5608.89000000	5339.90000000	5518.81800000	5434.54920000	5609.39240000
2875852842.80936432	5448.00000000	5619.05200000	5459.53000000	5630.53200000	5440.09800000	5614.58200000	5424.90000000	5606.92800000	5371.46000000	5561.07800000	5428.79760000	5606.43440000
2877525083.61204004	5385.52000000	5579.83600000	5428.49600000	5618.50200000	5455.14600000	5646.05800000	5379.38000000	5571.97000000	5361.97200000	5559.70200000	5402.10280000	5595.21360000
2879197324.41471577	5449.73200000	5630.46400000	5416.29800000	5598.31000000	5452.23800000	5649.81200000	5435.70600000	5636.80600000	5376.20200000	5564.81400000	5426.03520000	5616.04120000
2880869565.21739149	5377.35600000	5567.33000000	5420.15000000	5614.99000000	5452.44400000	5647.68200000	5362.38200000	5563.82400000	5378.22000000	5581.24200000	5398.11040000	5595.01360000
2882541806.02006674	5432.02600000	5628.53200000	5459.54800000	5658.52400000	5406.26800000	5598.53200000	5400.67400000	5602.54400000	5419.58000000	5620.23600000	5423.61920000	5621.67360000
2884214046.82274246	5462.43600000	5656.78800000	5411.89200000	5599.95200000	5416.45800000	5613.53200000	5408.08000000	5607.47800000	5340.30800000	5542.29800000	5407.83480000	5604.00960000
2885886287.62541819	5385.55800000	5571.11000000	5415.46200000	5610.80400000	5436.96200000	5631.92200000	5397.07000000	5596.46800000	5370.85200000	5571.56600000	5401.18080000	5596.37400000
2887558528.42809343	5488.55800000	5676.47800000	5433.53400000	5620.06000000	5442.41400000	5633.09000000	5425.87000000	5617.84200000	5361.96000000	5558.73800000	5430.46720000	5621.24160000
2889230769.23076916	5412.67600000	5601.33800000	5438.14000000	5624.08800000	5421.75000000	5614.19400000	5408.49600000	5604.00400000	5433.12600000	5631.99600000	5422.83760000	5615.12400000
2890903010.03344488	5442.89800000	5632.15200000	5404.55800000	5596.33600000	5461.87600000	5658.15800000	5432.68600000	5626.29000000	5375.92800000	5562.99400000	5423.58920000	5615.18600000
2892575250.83612061	5437.22400000	5607.38800000	5452.04800000	5635.95400000	5440.24600000	5623.77400000	5410.42800000	5599.10200000	5448.57400000	5635.89000000	5437.70400000	5620.42160000
2894247491.63879585	5434.38200000	5617.07600000	5459.95200000	5646.31800000	5414.77400000	5597.08600000	5433.73400000	5619.14800000	5402.64000000	5587.89600000	5429.09640000	5613.50480000
2895919732.44147158	5457.90000000	5631.26600000	5480.37200000	5655.98400000	5429.69600000	5605.62600000	5433.51200000	5612.67000000	5428.31600000	5604.41400000	5445.95920000	5621.99200000
2897591973.24414730	5455.25800000	5611.39400000	5479.00000000	5642.52400000	5444.60600000	5606.62200000	5408.05200000	5578.10600000	5351.21200000	5524.29200000	5427.62560000	5592.58760000
2899264214.04682255	5459.84200000	5609.15600000	5507.47400000	5667.16000000	5482.13800000	5635.14000000	5418.54400000	5580.84800000	5393.65200000	5558.81600000	5452.33000000	5610.22400000
2900936454.84949827	5436.94600000	5581.95000000	5475.28200000	5622.79200000	5498.79400000	5648.25600000	5421.63000000	5573.48000000	5392.47600000	5553.28800000	5445.02560000	5595.95320000
2902608695.65217400	5490.17800000	5615.94400000	5484.04600000	5621.53000000	5466.60600000	5601.74600000	5473.81200000	5618.92000000	5431.62200000	5574.63200000	5469.25280000	5606.55440000
2904280936.45484924	5443.30200000	5570.99200000	5499.36600000	5635.52400000	5517.37200000	5655.76600000	5450.48200000	5582.32800000	5439.56600000	5577.47000000	5470.01760000	5604.41600000
2905953177.25752497	5507.41600000	5613.66600000	5525.75800000	5644.34400000	5493.69600000	5613.64000000	5451.47600000	5567.67800000	5426.15600000	5549.25000000	5480.90040000	5597.71560000
2907625418.06020069	5560.58200000	5663.37800000	5495.90000000	5600.06000000	5509.29400000	5616.41000000	5503.49200000	5614.90600000	5426.10000000	5536.78800000	5499.07360000	5606.30840000
2909297658.86287642	5478.23400000	5576.78400000	5532.71000000	5638.05800000	5564.33000000	5667.78400000	5485.92000000	5592.14600000	5478.47400000	5575.02800000	5507.93360000	5609.96000000
2910969899.66555166	5535.28000000	5620.23200000	5506.44800000	5592.69200000	5566.00600000	5658.15000000	5544.45200000	5635.37600000	5457.04200000	5552.46200000	5521.84560000	5611.78240000
2912642140.46822739	5547.79200000	5620.81200000	5591.59200000	5671.44200000	5532.55600000	5613.58600000	5523.30800000	5604.18000000	5505.79000000	5598.13600000	5540.20760000	5621.63120000
2914314381.27090311	5525.79400000	5605.62600000	5571.01200000	5650.02800000	5560.86000000	5642.76000000	5492.65000000	5577.58600000	5491.42400000	5561.27000000	5528.34800000	5607.45400000
2915986622.07357883	5544.85800000	5608.26200000	5585.88400000	5659.22800000	5571.30200000	5637.92600000	5520.79600000	5596.76400000	5574.86400000	5648.34600000	5559.54080000	5630.10520000
2917658862.87625408	5556.19000000	5615.90600000	5577.35200000	5645.57400000	5527.30400000	5594.92200000	5543.62600000	5610.89800000	5516.83000000	5582.20400000	5544.26040000	5609.90080000
2919331103.67892981	5564.26000000	5622.95200000	5537.66800000	5590.15200000	5599.87400000	5653.64800000	5557.31800000	5618.44400000	5494.75400000	5561.45600000	5550.77480000	5609.33040000
2921003344.48160553	5566.29400000	5622.44600000	5540.18400000	5595.41200000	5603.67800000	5655.87800000	5566.80600000	5624.93400000	5494.82800000	5554.44400000	5554.35800000	5610.62280000
2922675585.28428078	5617.54400000	5658.12600000	5567.20000000	5615.18000000	5576.37400000	5624.40000000	5568.40000000	5615.58000000	5494.92600000	5547.26400000	5564.88880000	5612.11000000
2924347826.08695650	5616.25800000	5661.62400000	5564.32200000	5608.82600000	5628.35600000	5667.70800000	5573.76200000	5623.53400000	5520.50000000	5562.66600000	5580.63960000	5624.87160000
2926020066.88963223	5596.32600000	5629.04800000	5604.67000000	5643.21000000	5599.24000000	5635.06400000	5537.62200000	5576.05800000	5533.60000000	5561.90800000	5574.29160000	5609.05760000
2927692307.69230747	5550.83000000	5592.89200000	5587.49800000	5633.28600000	5582.62800000	5630.42000000	5553.64600000	5591.48000000	5517.65000000	5555.87400000	5558.45040000	5600.79040000
2929364548.49498320	5548.89600000	5574.82400000	5609.40600000	5637.24000000	5624.58400000	5656.68800000	5534.24600000	5572.22400000	5522.34200000	5554.23400000	5567.89480000	5599.04200000
2931036789.29765892	5613.97600000	5647.80200000	5586.26800000	5623.84200000	5599.26800000	5633.90400000	5581.19200000	5611.08200000	5522.83400000	5555.37000000	5580.70760000	5614.40000000
2932709030.10033464	5575.35000000	5606.54400000	5601.86200000	5632.16400000	5574.91200000	5609.39800000	5565.60600000	5599.68800000	5536.66400000	5562.89400000	5570.87880000	5602.13760000
2934381270.90300989	5539.70600000	5578.12400000	5598.62800000	5628.06400000	5610.26600000	5647.65400000	5551.06200000	5580.52600000	5525.53800000	5551.56600000	5565.04000000	5597.18680000
2936053511.70568562	5583.93600000	5622.83600000	5616.90000000	5647.81800000	5616.19200000	5643.37400000	5548.56800000	5575.94200000	5550.06200000	5572.16200000	5583.13160000	5612.42640000
2937725752.50836134	5628.13200000	5649.17400000	5585.69200000	5610.61200000	5585.20200000	5614.62200000	5593.79600000	5615.38600000	5501.05000000	5530.15000000	5578.77440000	5603.98880000
2939397993.31103659	5613.31800000	5630.31400000	5629.62400000	5651.77200000	5568.39800000	5595.74000000	5591.78800000	5610.45000000	5575.04400000	5601.93800000	5595.63440000	5618.04280000
2941070234.11371231	5607.69800000	5626.80200000	5617.46200000	5637.35200000	5574.17800000	5595.90200000	5599.47600000	5615.84400000	5577.05800000	5595.87000000	5595.17440000	5614.35400000
2942742474.91638803	5578.80200000	5594.52000000	5606.32200000	5620.43400000	5594.20400000	5614.83600000	5580.63600000	5599.73000000	5626.98800000	5640.83400000	5597.39040000	5614.07080000
2944414715.71906376	5574.12200000	5600.22400000	5611.84800000	5633.87800000	5596.65800000	5615.32200000	5590.26600000	5609.40600000	5624.25400000	5632.53000000	5599.42960000	5618.27200000
2946086956.52173901	5646.17800000	5666.29600000	5596.05800000	5623.80400000	5611.62000000	5625.66200000	5595.79400000	5615.84800000	5530.59800000	5548.94600000	5596.04960000	5616.11120000
2947759197.32441473	5557.84600000	5575.43200000	5627.63200000	5643.58800000	5656.93800000	5661.99200000	5577.10600000	5592.90800000	5553.95000000	5567.88200000	5594.69440000	5608.36040000
2949431438.12709045	5658.32600000	5672.16800000	5595.01600000	5607.97000000	5610.85800000	5626.69800000	5592.24400000	5599.11200000	5512.57400000	5535.88000000	5593.80360000	5608.36560000
2951103678.92976570	5655.92400000	5671.18800000	5606.86200000	5621.90600000	5618.71000000	5629.72200000	5592.06800000	5603.41200000	5503.08400000	5525.38800000	5595.32960000	5610.32320000
2952775919.73244143	5662.34800000	5671.45000000	5613.20800000	5624.01200000	5624.60000000	5633.11200000	5611.69000000	5623.23000000	5543.33200000	5555.14800000	5611.03560000	5621.39040000
2954448160.53511715	5594.74800000	5611.81000000	5581.44600000	5592.52800000	5605.77600000	5614.09800000	5612.45800000	5628.03000000	5568.72800000	5579.10200000	5592.63120000	5605.11360000
2956120401.33779240	5592.92800000	5618.45000000	5658.03600000	5671.40400000	5602.33600000	5621.83800000	5601.08200000	5609.90600000	5563.97200000	5576.69200000	5603.67080000	5619.65800000
2957792642.14046812	5606.04000000	5616.40800000	5617.30000000	5633.67200000	5623.11400000	5628.66800000	5576.72200000	5580.35400000	5556.74600000	5570.39000000	5595.98440000	5605.89840000
2959464882.94314384	5603.02000000	5609.59200000	5642.98400000	5649.51200000	5612.87600000	5622.48000000	5565.97200000	5572.18800000	5538.58400000	5550.83600000	5592.68720000	5600.92160000
2961137123.74581957	5580.44800000	5589.17400000	5633.83000000	5644.56000000	5642.22200000	5650.40600000	5556.38800000	5565.97400000	5564.22200000	5572.19600000	5595.42200000	5604.46200000
2962809364.54849482	5608.58200000	5621.82800000	5635.40800000	5644.43600000	5584.16200000	5588.31400000	5585.39000000	5596.41400000	5608.49800000	5621.75800000	5604.40800000	5614.55000000
2964481605.35117054	5568.68000000	5568.77600000	5596.81800000	5605.68600000	5645.87600000	5655.78400000	5566.49200000	5577.53600000	5555.11000000	5564.84600000	5586.59520000	5594.52560000
2966153846.15384626	5605.80400000	5613.94600000	5629.32000000	5628.07800000	5625.37400000	5632.40000000	5575.39200000	5587.52000000	5559.50600000	5562.71600000	5599.07920000	5604.93200000
2967826086.95652199	5606.26200000	5614.91600000	5636.77000000	5637.90200000	5606.73000000	5621.36600000	5562.54200000	5565.78600000	5522.32800000	5526.21600000	5586.92640000	5593.23720000
2969498327.75919724	5577.15000000	5576.93400000	5645.59000000	5655.41600000	5612.31000000	5618.36600000	5590.52000000	5591.82600000	5569.45000000	5577.23600000	5599.00400000	5603.95560000
2971170568.56187296	5645.41600000	5650.58000000	5622.52800000	5629.73200000	5628.76800000	5634.92400000	5600.84600000	5604.73000000	5551.92800000	5554.23000000	5609.89720000	5614.83920000
2972842809.36454868	5652.03800000	5653.53000000	5615.87400000	5614.04400000	5640.71600000	5647.36600000	5597.57000000	5602.31600000	5538.85000000	5553.76400000	5609.00960000	5614.20400000
2974515050.16722393	5664.73600000	5667.25800000	5592.69600000	5600.20400000	5619.21600000	5620.30200000	5613.28400000	5614.16200000	5523.54800000	5522.36000000	5602.69600000	5604.85720000
2976187290.96989965	5580.67000000	5579.08400000	5642.80800000	5646.45000000	5618.19600000	5622.79800000	5600.36000000	5599.48800000	5574.86400000	5574.82800000	5603.37960000	5604.52960000
2977859531.77257538	5572.30400000	5570.78200000	5618.24800000	5619.82000000	5653.30400000	5648.81000000	5561.98800000	5559.13800000	5564.26800000	5573.67800000	5594.02240000	5594.44560000
2979531772.57525063	5640.64000000	5652.01200000	5603.64400000	5607.56600000	5616.26400000	5619.80000000	5597.67400000	5598.47200000	5537.01200000	5535.91000000	5599.04680000	5602.75200000
2981204013.37792635	5613.02400000	5621.39200000	5618.22400000	5620.86200000	5611.74200000	5612.72800000	5608.85800000	5606.75600000	5570.58400000	5572.88200000	5604.48640000	5606.92400000
2982876254.18060207	5620.86400000	5626.47400000	5654.89600000	5658.23000000	5621.39200000	5621.01400000	5593.77400000	5591.54000000	5643.25000000	5647.62800000	5626.83520000	5628.97720000
2984548494.98327732	5661.44800000	5668.16200000	5613.36400000	5628.04600000	5629.84000000	5636.58600000	5621.30400000	5623.07200000	5553.51600000	5552.02800000	5615.89440000	5621.57880000
2986220735.78595304	5592.48000000	5601.66800000	5638.27400000	5648.53000000	5643.06400000	5648.05000000	5579.48600000	5579.47800000	5554.97400000	5551.37400000	5601.65560000	5605.82000000
2987892976.58862877	5612.78600000	5614.42200000	5631.41000000	5635.80600000	5596.87200000	5591.98600000	5606.22200000	5613.38600000	5580.86000000	5579.17000000	5605.63000000	5606.95400000
2989565217.39130449	5615.86600000	5616.57000000	5635.94400000	5638.20000000	5598.93200000	5592.71400000	5613.51200000	5616.26200000	5598.04000000	5601.30400000	5612.45880000	5613.01000000
2991237458.19397974	5580.89000000	5578.29600000	5601.30000000	5603.89800000	5628.92800000	5627.15400000	5567.04600000	5574.40200000	5572.69000000	5574.42600000	5590.17080000	5591.63520000
2992909698.99665546	5566.81400000	5572.33600000	5620.32600000	5612.05000000	5653.44200000	5652.00200000	5553.82000000	5553.67400000	5568.51800000	5573.99600000	5592.58400000	5592.81160000
2994581939.79933119	5575.21800000	5566.49000000	5614.46800000	5612.27400000	5649.09200000	5649.12400000	5561.87800000	5557.24200000	5566.28600000	5570.78800000	5593.38840000	5591.18360000
2996254180.60200691	5576.10000000	5586.12600000	5643.12600000	5640.49800000	5614.32400000	5613.11800000	5603.71200000	5603.94200000	5578.43600000	5576.16200000	5603.13960000	5603.96920000
2997926421.40468216	5605.22400000	5602.55400000	5631.42200000	5627.55400000	5604.83200000	5606.97800000	5599.98600000	5601.00600000	5554.29400000	5562.21000000	5599.15160000	5600.06040000
2999598662.20735788	5595.91200000	5592.27600000	5648.18400000	5643.16400000	5641.52400000	5633.52600000	5601.89200000	5598.71400000	5571.48200000	5567.28800000	5611.79880000	5606.99360000
3001270903.01003361	5619.33600000	5617.00800000	5597.44000000	5596.62600000	5613.19600000	5611.95400000	5614.32200000	5612.16600000	5579.00800000	5579.16200000	5604.66040000	5603.38320000
3002943143.81270885	5621.42600000	5617.64400000	5654.42600000	5654.21400000	5644.52800000	5635.22000000	5605.02400000	5603.58600000	5645.49600000	5647.30000000	5634.18000000	5631.59280000
3004615384.61538458	5633.96600000	5636.75400000	5593.68600000	5601.25600000	5659.42200000	5651.40400000	5615.26000000	5622.35000000	5568.77400000	5570.30200000	5614.22160000	5616.41320000
3006287625.41806030	5577.40600000	5581.07000000	5616.65600000	5622.48400000	5625.10200000	5631.81000000	5596.58200000	5599.09800000	5575.94400000	5579.18400000	5598.33800000	5602.72920000
3007959866.22073555	5629.25000000	5623.98400000	5643.95600000	5633.60000000	5633.03800000	5628.74400000	5592.14200000	5592.60000000	5557.00000000	5553.32600000	5611.07720000	5606.45080000
3009632107.02341127	5561.45200000	5570.06400000	5621.52000000	5623.61000000	5657.62200000	5655.43600000	5567.81200000	5566.35800000	5560.38400000	5565.14800000	5593.75800000	5596.12320000
3011304347.82608700	5654.76400000	5651.65200000	5612.57200000	5609.11200000	5618.17400000	5620.25000000	5614.17200000	5619.94000000	5531.28800000	5530.58600000	5606.19400000	5606.30800000
3012976588.62876272	5606.56400000	5612.19000000	5585.32400000	5579.49400000	5649.52200000	5654.51600000	5622.69200000	5623.43600000	5553.05200000	5545.54200000	5603.43080000	5603.03560000
3014648829.43143797	5643.50800000	5636.17200000	5653.08400000	5648.72200000	5597.44000000	5591.34800000	5616.41400000	5608.49200000	5608.35600000	5610.10200000	5623.76040000	5618.96720000
3016321070.23411369	5576.28800000	5575.53800000	5623.53800000	5621.22800000	5647.90200000	5642.77400000	5569.00600000	5568.01000000	5569.14800000	5568.17800000	5597.17640000	5595.14560000
3017993311.03678942	5596.60200000	5593.17600000	5648.54400000	5639.28400000	5629.59800000	5626.66600000	5596.16600000	5582.49200000	5564.55800000	5564.76600000	5607.09360000	5601.27680000
3019665551.83946514	5619.60200000	5618.98800000	5665.64800000	5665.70600000	5625.84600000	5614.52800000	5601.09400000	5598.98000000	5594.23400000	5587.73200000	5621.28480000	5617.18680000
3021337792.64214039	5626.56000000	5629.22200000	5637.91000000	5631.76600000	5635.92200000	5631.66200000	5588.50000000	5591.51200000	5564.59000000	5566.70800000	5610.69640000	5610.17400000
3023010033.44481611	5584.64600000	5585.83600000	5654.04600000	5650.21000000	5654.71400000	5655.70000000	5576.86800000	5572.80800000	5565.09600000	5559.29000000	5607.07400000	5604.76880000
3024682274.24749184	5584.07800000	5582.93200000	5628.39400000	5622.79600000	5594.51000000	5587.65400000	5590.27400000	5585.36200000	5636.92400000	5632.90400000	5606.83600000	5602.32960000
3026354515.05016708	5626.44800000	5617.63000000	5669.26400000	5670.33400000	5622.95800000	5621.65400000	5610.54200000	5606.42800000	5637.63000000	5631.87000000	5633.36840000	5629.58320000
3028026755.85284281	5581.26800000	5572.64000000	5648.93000000	5641.32000000	5658.60200000	5645.93400000	5573.54400000	5570.93600000	5567.65200000	5557.65200000	5605.99920000	5597.69640000
3029698996.65551853	5573.47200000	5565.82000000	5650.27200000	5645.32200000	5676.25800000	5664.45000000	5584.91800000	5580.57000000	5564.19800000	5564.39000000	5609.82360000	5604.11040000
3031371237.45819378	5556.56800000	5555.34800000	5643.50200000	5646.43600000	5673.12400000	5661.04000000	5583.63200000	5579.41400000	5561.59800000	5558.21400000	5603.68480000	5600.09040000
3033043478.26086950	5604.76600000	5605.34400000	5644.03800000	5637.40000000	5639.16800000	5637.38400000	5606.63800000	5604.54400000	5570.22200000	5562.60800000	5612.96640000	5609.45600000
3034715719.06354523	5586.57800000	5576.86800000	5611.03200000	5607.49800000	5637.47400000	5626.94200000	5576.33800000	5574.70400000	5574.90000000	5572.55400000	5597.26440000	5591.71320000
3036387959.86622047	5626.78000000	5625.57000000	5673.01600000	5665.04600000	5632.72800000	5624.59200000	5611.59600000	5607.46600000	5592.98400000	5583.90400000	5627.42080000	5621.31560000
3038060200.66889620	5610.54000000	5602.54600000	5608.98600000	5605.59600000	5650.74600000	5643.10000000	5626.24000000	5615.79000000	5556.64600000	5547.56000000	5610.63160000	5602.91840000
3039732441.47157192	5629.71400000	5628.70000000	5653.95400000	5651.74800000	5647.23600000	5634.67400000	5598.87000000	5599.68600000	5665.04600000	5653.69400000	5638.96400000	5633.70040000
3041404682.27424765	5664.23200000	5652.93400000	5616.81400000	5613.36400000	5659.72000000	5652.77200000	5607.95800000	5597.38400000	5552.96200000	5545.97800000	5620.33720000	5612.48640000
3043076923.07692289	5627.59600000	5627.30200000	5633.55600000	5633.60600000	5640.67200000	5635.68200000	5579.20000000	5576.77200000	5582.92200000	5579.25800000	5612.78920000	5610.52400000
3044749163.87959862	5667.26400000	5659.79000000	5602.65600000	5594.12800000	5620.07400000	5618.46200000	5621.24600000	5616.20800000	5539.83000000	5538.26200000	5610.21400000	5605.37000000
3046421404.68227434	5614.79600000	5613.80800000	5618.04200000	5621.03000000	5605.48200000	5604.01600000	5626.44800000	5611.73200000	5583.87800000	5582.17800000	5609.72920000	5606.55280000
3048093645.48495007	5622.93400000	5615.55600000	5664.34400000	5658.73600000	5638.65800000	5627.24600000	5594.23800000	5595.27600000	5653.17000000	5650.93800000	5634.66880000	5629.55040000
3049765886.28762531	5633.08000000	5628.79200000	5668.25800000	5661.36800000	5611.49200000	5610.32200000	5604.86600000	5602.44400000	5611.82600000	5603.62000000	5625.90440000	5621.30920000
3051438127.09030104	5623.83400000	5623.55400000	5670.51800000	5671.08200000	5633.60600000	5628.57800000	5610.59200000	5613.32400000	5597.81400000	5591.60600000	5627.27280000	5625.62880000
3053110367.89297676	5624.15000000	5613.59000000	5644.57400000	5638.46800000	5603.91600000	5591.56000000	5625.02800000	5626.08600000	5594.10200000	5584.88600000	5618.35400000	5610.91800000
3054782608.69565201	5610.31600000	5599.95400000	5648.64400000	5642.37200000	5624.73200000	5615.48800000	5603.99600000	5594.04400000	5636.66200000	5627.95800000	5624.87000000	5615.96320000
3056454849.49832773	5607.09200000	5599.20000000	5638.86400000	5634.78200000	5615.18600000	5612.98200000	5599.86400000	5593.01600000	5547.68000000	5540.31800000	5601.73720000	5596.05960000
3058127090.30100346	5580.13400000	5574.11400000	5612.20000000	5609.09600000	5634.94600000	5629.16800000	5589.89800000	5590.34400000	5571.53000000	5564.08600000	5597.74160000	5593.36160000
3059799331.10367870	5641.61000000	5637.61200000	5655.79400000	5650.17600000	5598.41200000	5597.62200000	5613.37000000	5602.39600000	5609.40000000	5608.09800000	5623.71720000	5619.18080000
3061471571.90635443	5625.43400000	5619.78800000	5644.57800000	5642.16800000	5601.49200000	5592.45600000	5626.96800000	5624.71000000	5599.94600000	5587.67600000	5619.68360000	5613.35960000
3063143812.70903015	5600.29000000	5593.74400000	5650.30800000	5641.57000000	5641.77000000	5639.67800000	5592.03400000	5588.83800000	5561.35200000	5552.27800000	5609.15080000	5603.22160000
3064816053.51170588	5585.72200000	5577.35800000	5633.18200000	5624.99000000	5602.71200000	5594.57600000	5594.02000000	5588.53800000	5643.29400000	5632.59800000	5611.78600000	5603.61200000
3066488294.31438112	5634.34600000	5625.12400000	5654.68200000	5652.33400000	5614.82800000	5611.73000000	5603.42800000	5591.00200000	5636.47400000	5628.31800000	5628.75160000	5621.70160000
3068160535.11705685	5586.13200000	5583.37400000	5622.27600000	5610.05000000	5636.18200000	5631.88800000	5580.53000000	5574.60800000	5575.75200000	5571.21200000	5600.17440000	5594.22640000
3069832775.91973257	5623.06600000	5618.34600000	5605.61400000	5596.26800000	5660.24800000	5647.96400000	5642.42000000	5633.87800000	5570.59800000	5554.78800000	5620.38920000	5610.24880000
3071505016.72240782	5628.31800000	5616.05600000	5671.38400000	5662.57800000	5635.24600000	5629.70400000	5597.88600000	5594.52800000	5652.52800000	5649.26400000	5637.07240000	5630.42600000
3073177257.52508354	5629.56000000	5613.98800000	5640.99400000	5633.00200000	5642.20800000	5629.05400000	5583.38000000	5571.18600000	5594.53800000	5580.49600000	5618.13600000	5605.54520000
3074849498.32775927	5628.71800000	5620.74400000	5680.54200000	5670.29800000	5626.02200000	5617.91000000	5611.35000000	5604.64200000	5591.51600000	5581.19400000	5627.62960000	5618.95760000
3076521739.13043499	5586.35200000	5575.98000000	5668.38000000	5657.43400000	5636.59600000	5619.94600000	5608.57600000	5605.01200000	5589.99400000	5577.61800000	5617.97960000	5607.19800000
3078193979.93311024	5608.95200000	5601.92200000	5628.33400000	5627.44400000	5651.40400000	5643.61600000	5618.01800000	5604.91400000	5545.76000000	5541.46000000	5610.49360000	5603.87120000
3079866220.73578596	5586.16400000	5587.43000000	5637.44800000	5635.75800000	5657.90800000	5657.79000000	5587.97600000	5588.14800000	5591.88800000	5576.80400000	5612.27680000	5609.18600000
3081538461.53846169	5595.53600000	5599.34400000	5624.16800000	5623.23400000	5618.48200000	5606.72800000	5618.20200000	5606.50000000	5645.28400000	5632.73000000	5620.33440000	5613.70720000
3083210702.34113693	5618.96600000	5605.09000000	5648.52600000	5635.50600000	5648.05800000	5637.42400000	5594.21600000	5579.34800000	5589.28400000	5582.64000000	5619.81000000	5608.00160000
3084882943.14381266	5621.51200000	5615.01000000	5665.66600000	5657.06600000	5652.31600000	5643.89000000	5607.08800000	5591.81200000	5658.52400000	5652.67600000	5641.02120000	5632.09080000
3086555183.94648838	5667.33000000	5666.11800000	5627.11200000	5623.54200000	5629.29400000	5621.10200000	5636.23800000	5620.20200000	5564.14800000	5552.60800000	5624.82440000	5616.71440000
3088227424.74916363	5595.96000000	5590.21200000	5647.95200000	5647.24600000	5654.96200000	5648.27800000	5587.91800000	5580.02800000	5553.95400000	5553.57800000	5608.14920000	5603.86840000
3089899665.55183935	5606.35800000	5601.68200000	5673.27800000	5672.97600000	5623.79600000	5619.21400000	5625.47800000	5615.63200000	5579.64200000	5573.40800000	5621.71040000	5616.58240000
3091571906.35451508	5631.04200000	5623.66600000	5617.03400000	5606.46400000	5649.86000000	5645.36800000	5616.28000000	5610.57000000	5545.10800000	5537.65200000	5611.86480000	5604.74400000
3093244147.15719080	5600.94400000	5600.42400000	5652.28200000	5641.79400000	5610.14600000	5608.66400000	5616.44800000	5603.59400000	5546.37400000	5536.77800000	5605.23880000	5598.25080000
3094916387.95986605	5587.59200000	5586.11400000	5644.18600000	5628.58000000	5606.07800000	5599.46600000	5601.72000000	5591.55200000	5642.64200000	5636.15200000	5616.44360000	5608.37280000
3096588628.76254177	5619.05600000	5618.75800000	5632.16800000	5634.39000000	5646.51000000	5642.64600000	5607.04600000	5602.43400000	5557.71600000	5548.69400000	5612.49920000	5609.38440000
3098260869.56521749	5674.87400000	5667.94200000	5632.38800000	5620.73600000	5637.48600000	5621.62000000	5636.77200000	5626.25600000	5564.10800000	5554.65200000	5629.12560000	5618.24120000
3099933110.36789322	5615.45400000	5605.97400000	5656.32800000	5640.63000000	5626.54200000	5609.94200000	5574.62000000	5563.53000000	5547.34600000	5540.80600000	5604.05800000	5592.17640000
3101605351.17056847	5673.70400000	5669.66600000	5629.03200000	5621.05600000	5648.01800000	5633.54200000	5626.46200000	5616.72800000	5567.12600000	5554.78800000	5628.86840000	5619.15600000
3103277591.97324419	5625.14800000	5618.47800000	5662.63800000	5655.32400000	5652.78000000	5640.28000000	5601.71000000	5596.43400000	5663.83800000	5652.40600000	5641.22280000	5632.58440000
3104949832.77591991	5602.90200000	5598.28400000	5658.83200000	5657.05200000	5641.80400000	5631.68800000	5586.01200000	5576.84600000	5566.85400000	5558.52800000	5611.28080000	5604.47960000
3106622073.57859516	5665.63800000	5659.04000000	5618.00400000	5616.50400000	5626.02200000	5623.14400000	5622.93000000	5620.81600000	5528.64200000	5520.28000000	5612.24720000	5607.95680000
3108294314.38127089	5654.29400000	5644.29800000	5600.10600000	5590.06600000	5669.13000000	5662.38800000	5631.09600000	5622.82600000	5575.83000000	5565.30200000	5626.09120000	5616.97600000
3109966555.18394661	5612.86000000	5610.08200000	5619.68000000	5613.95000000	5615.96200000	5609.49200000	5605.19800000	5598.53400000	5641.93800000	5639.96600000	5619.12760000	5614.40480000
3111638795.98662186	5663.47600000	5660.66600000	5610.63000000	5607.37600000	5674.31200000	5666.62800000	5624.32800000	5610.71200000	5555.35200000	5549.07200000	5625.61960000	5618.89080000
3113311036.78929758	5604.76200000	5593.85000000	5643.61200000	5632.66400000	5615.12000000	5606.90400000	5594.76400000	5591.27400000	5545.33600000	5534.73800000	5600.71880000	5591.88600000
3114983277.59197330	5635.59800000	5620.37600000	5629.46800000	5623.37600000	5620.53400000	5606.82000000	5630.54600000	5618.10600000	5595.03200000	5583.40200000	5622.23560000	5610.41600000
3116655518.39464903	5612.57200000	5608.10800000	5641.82400000	5636.90000000	5614.85600000	5603.84000000	5622.64800000	5612.05600000	5578.68000000	5569.58000000	5614.11600000	5606.09680000
3118327759.19732428	5624.01600000	5623.07400000	5640.51800000	5636.32600000	5609.55400000	5604.41000000	5627.78400000	5615.16000000	5597.29400000	5591.09000000	5619.83320000	5614.01200000
3120000000.00000000	5598.40400000	5591.30400000	5641.40400000	5632.78000000	5620.23600000	5613.69800000	5605.85800000	5600.60000000	5642.02200000	5631.29600000	5621.58480000	5613.93560000
