freq	PL_sig1	PL_ref1	PL_sig2	PL_ref2	PL_sig3	PL_ref3	PL_sig4	PL_ref4	PL_sig5	PL_ref5	avgPL_sig	avgPL_ref
2620000000.00000000	2585.27400000	2582.13000000	2576.17600000	2578.00600000	2580.36000000	2576.47400000	2592.52600000	2596.11600000	2551.26600000	2556.79600000	2577.12040000	2577.90440000
2621672240.80267572	2606.31400000	2602.57800000	2596.78200000	2602.06600000	2576.15000000	2576.99200000	2592.79400000	2593.82000000	2566.22400000	2571.68600000	2587.65280000	2589.42840000
2623344481.60535097	2576.03600000	2579.24600000	2589.24400000	2595.31000000	2565.89600000	2568.24200000	2592.92000000	2596.54800000	2570.10800000	2568.34800000	2578.84080000	2581.53880000
2625016722.40802670	2598.41600000	2595.37000000	2601.60600000	2602.59800000	2578.57000000	2575.07800000	2590.59000000	2589.76800000	2572.03400000	2572.69000000	2588.24320000	2587.10080000
2626688963.21070242	2570.33000000	2570.54600000	2586.51000000	2586.39400000	2563.89800000	2567.27600000	2593.38400000	2597.62400000	2566.51800000	2563.15800000	2576.12800000	2576.99960000
2628361204.01337814	2599.38200000	2598.84600000	2591.42600000	2588.27200000	2576.09800000	2577.85200000	2577.97600000	2577.68000000	2576.27800000	2577.99200000	2584.23200000	2584.12840000
2630033444.81605339	2577.73400000	2581.36600000	2580.17800000	2577.28800000	2584.23200000	2583.90800000	2604.66400000	2600.56000000	2561.20200000	2561.62800000	2581.60200000	2580.95000000
2631705685.61872911	2609.35000000	2602.53400000	2582.10800000	2584.48800000	2570.40600000	2572.74000000	2590.38600000	2591.43400000	2570.67600000	2573.52200000	2584.58520000	2584.94360000
2633377926.42140484	2600.98000000	2598.23800000	2588.89400000	2589.49800000	2574.98400000	2573.69000000	2588.16600000	2587.51400000	2575.20200000	2574.63200000	2585.64520000	2584.71440000
2635050167.22408009	2592.74000000	2589.05800000	2588.05400000	2583.96000000	2570.37800000	2571.03200000	2582.05000000	2585.61000000	2567.45200000	2569.88200000	2580.13480000	2579.90840000
2636722408.02675581	2601.69200000	2604.18800000	2568.96800000	2573.18000000	2575.45000000	2577.58600000	2595.60000000	2596.39800000	2575.72800000	2573.62000000	2583.48760000	2584.99440000
2638394648.82943153	2586.36400000	2584.30000000	2583.85000000	2584.70400000	2570.90200000	2568.58000000	2570.64800000	2572.67400000	2575.47800000	2572.86400000	2577.44840000	2576.62440000
2640066889.63210726	2599.81200000	2594.85600000	2585.26000000	2583.47400000	2571.94800000	2568.45200000	2580.09800000	2585.62800000	2577.17200000	2574.39200000	2582.85800000	2581.36040000
2641739130.43478251	2590.70800000	2588.70000000	2592.41400000	2588.65000000	2574.46000000	2576.20400000	2578.89800000	2577.47400000	2565.60200000	2564.22200000	2580.41640000	2579.05000000
2643411371.23745823	2585.47200000	2585.75800000	2580.53400000	2581.76400000	2573.13600000	2576.99200000	2576.80800000	2579.81000000	2574.04400000	2573.01200000	2577.99880000	2579.46720000
2645083612.04013395	2577.69600000	2580.72800000	2572.67000000	2580.27600000	2579.82200000	2582.97600000	2586.50000000	2586.94000000	2554.35200000	2558.02800000	2574.20800000	2577.78960000
2646755852.84280920	2565.62800000	2564.60400000	2580.53200000	2582.07600000	2564.36200000	2568.36600000	2603.13600000	2602.12000000	2562.58600000	2567.09000000	2575.24880000	2576.85120000
2648428093.64548492	2606.97800000	2602.54000000	2590.41600000	2589.06000000	2569.12400000	2567.52600000	2585.42800000	2586.43800000	2571.96400000	2573.45400000	2584.78200000	2583.80360000
2650100334.44816065	2597.29000000	2600.32000000	2587.70200000	2589.98400000	2566.75400000	2571.12000000	2576.30600000	2575.88200000	2565.23600000	2563.58000000	2578.65760000	2580.17720000
2651772575.25083590	2595.17800000	2596.84400000	2583.64400000	2586.42200000	2571.30200000	2568.03800000	2576.52200000	2579.18600000	2574.31000000	2572.33400000	2580.19120000	2580.56480000
2653444816.05351162	2564.18000000	2568.26000000	2592.40000000	2591.11400000	2562.11000000	2568.06400000	2598.15400000	2600.40000000	2564.06400000	2562.39800000	2576.18160000	2578.04720000
2655117056.85618734	2597.99000000	2597.81600000	2580.22600000	2579.18600000	2574.06000000	2576.55800000	2592.94200000	2598.31800000	2582.38400000	2588.69000000	2585.52040000	2588.11360000
2656789297.65886307	2593.28400000	2595.87600000	2589.06800000	2588.64800000	2566.23000000	2575.17600000	2577.87400000	2572.41800000	2568.53000000	2572.71200000	2578.99720000	2580.96600000
2658461538.46153831	2602.47600000	2601.41600000	2604.36600000	2604.56600000	2576.86400000	2575.50200000	2582.38800000	2590.18600000	2566.50400000	2576.00000000	2586.51960000	2589.53400000
2660133779.26421404	2595.86200000	2598.95600000	2591.82600000	2592.98400000	2574.01200000	2570.46600000	2585.91600000	2585.22200000	2569.27600000	2567.77200000	2583.37840000	2583.08000000
2661806020.06688976	2582.97600000	2586.50800000	2579.04200000	2584.24800000	2566.38200000	2572.98600000	2575.83800000	2577.26800000	2564.40000000	2571.19800000	2573.72760000	2578.44160000
2663478260.86956501	2601.30400000	2600.17800000	2586.98000000	2587.87800000	2567.68600000	2568.74800000	2580.54400000	2577.57200000	2575.92200000	2578.84800000	2582.48720000	2582.64480000
2665150501.67224073	2569.26000000	2569.88600000	2574.91400000	2576.53800000	2568.72200000	2580.82000000	2593.38200000	2600.96800000	2564.36600000	2567.74400000	2574.12880000	2579.19120000
2666822742.47491646	2579.31800000	2583.82400000	2578.29600000	2583.13600000	2562.26600000	2565.52000000	2578.71000000	2581.69800000	2576.42000000	2573.14200000	2575.00200000	2577.46400000
2668494983.27759218	2599.28200000	2598.37000000	2581.55000000	2593.03000000	2569.05400000	2567.41200000	2582.01000000	2583.07600000	2576.20400000	2572.91000000	2581.62000000	2582.95960000
2670167224.08026743	2605.53400000	2604.56200000	2575.10800000	2579.32000000	2576.62200000	2576.57000000	2576.73600000	2579.97200000	2574.91200000	2577.29400000	2581.78240000	2583.54360000
2671839464.88294315	2565.14200000	2570.60000000	2575.88000000	2576.05600000	2569.66800000	2574.24200000	2591.58400000	2599.68400000	2568.97200000	2567.68600000	2574.24920000	2577.65360000
2673511705.68561888	2590.06400000	2588.18600000	2579.24000000	2581.93000000	2566.32400000	2569.41000000	2571.49000000	2574.94800000	2562.99000000	2560.06800000	2574.02160000	2574.90840000
2675183946.48829412	2571.79800000	2580.21600000	2567.73000000	2573.84600000	2575.03600000	2575.19200000	2599.90200000	2598.45200000	2550.20200000	2553.61000000	2572.93360000	2576.26320000
2676856187.29096985	2581.37400000	2583.78200000	2574.83200000	2584.04800000	2567.79000000	2571.85600000	2568.13600000	2576.37000000	2566.62400000	2567.58200000	2571.75120000	2576.72760000
2678528428.09364557	2599.55000000	2605.71400000	2580.00400000	2582.76800000	2567.15800000	2571.58800000	2585.68600000	2589.78600000	2565.36800000	2572.99400000	2579.55320000	2584.57000000
2680200668.89632130	2579.47000000	2583.40400000	2582.12000000	2585.14600000	2565.47800000	2565.74000000	2575.81000000	2581.16000000	2563.21800000	2569.81400000	2573.21920000	2577.05280000
2681872909.69899654	2592.21800000	2597.09600000	2572.64000000	2573.75800000	2579.38600000	2580.33800000	2594.29000000	2595.42200000	2572.62600000	2580.48600000	2582.23200000	2585.42000000
2683545150.50167227	2560.94800000	2558.78800000	2579.50800000	2585.71400000	2565.18800000	2570.01200000	2598.21400000	2601.30200000	2565.10200000	2567.25600000	2573.79200000	2576.61440000
2685217391.30434799	2588.14600000	2590.68000000	2576.78400000	2580.19400000	2575.91200000	2579.66600000	2588.17800000	2596.55400000	2577.96000000	2582.51400000	2581.39600000	2585.92160000
2686889632.10702324	2597.69600000	2604.55400000	2586.58000000	2582.98800000	2569.36600000	2572.03200000	2583.36600000	2585.33400000	2569.47800000	2576.70200000	2581.29720000	2584.32200000
2688561872.90969896	2605.39800000	2600.43200000	2595.64800000	2598.57600000	2572.35200000	2571.26200000	2586.07800000	2587.76600000	2571.00400000	2573.31600000	2586.09600000	2586.27040000
2690234113.71237469	2579.22200000	2579.18600000	2576.40800000	2576.27600000	2580.00600000	2584.25400000	2598.15000000	2604.32800000	2559.28600000	2559.90400000	2578.61440000	2580.78960000
2691906354.51504993	2591.81200000	2599.22600000	2592.56200000	2595.71600000	2569.30600000	2570.80400000	2576.64200000	2584.83400000	2564.33600000	2563.04600000	2578.93160000	2582.72520000
2693578595.31772566	2600.92600000	2599.93000000	2591.31600000	2600.20800000	2572.45200000	2578.29600000	2579.70200000	2586.80200000	2567.77600000	2571.75000000	2582.43440000	2587.39720000
2695250836.12040138	2598.73800000	2603.92600000	2598.12200000	2597.20800000	2576.84800000	2576.19600000	2584.55000000	2593.43000000	2567.14800000	2569.57400000	2585.08120000	2588.06680000
2696923076.92307711	2591.08400000	2596.67800000	2578.97200000	2589.36600000	2567.29400000	2572.13200000	2580.76400000	2582.32800000	2578.26800000	2580.04800000	2579.27640000	2584.11040000
2698595317.72575235	2579.70800000	2581.37400000	2574.07400000	2576.48400000	2585.99000000	2585.11000000	2576.32200000	2580.44600000	2551.99400000	2558.20000000	2573.61760000	2576.32280000
2700267558.52842808	2591.34000000	2599.24600000	2577.76200000	2579.09600000	2564.16000000	2573.71800000	2588.62600000	2591.38600000	2570.14200000	2571.61200000	2578.40600000	2583.01160000
2701939799.33110380	2569.68800000	2571.77600000	2572.45200000	2575.27800000	2573.42200000	2581.34800000	2600.61600000	2605.60800000	2566.32800000	2565.58000000	2576.50120000	2579.91800000
2703612040.13377905	2595.94600000	2596.93200000	2584.14800000	2586.94400000	2572.86600000	2576.72800000	2570.80800000	2577.45800000	2564.29200000	2563.15000000	2577.61200000	2580.24240000
2705284280.93645477	2569.92200000	2575.15600000	2568.99200000	2571.85600000	2575.62000000	2580.59200000	2593.35800000	2596.63200000	2549.74200000	2553.02800000	2571.52680000	2575.45280000
2706956521.73913050	2581.23800000	2586.90600000	2577.16000000	2586.13200000	2566.64000000	2570.92400000	2571.31000000	2574.79000000	2564.67800000	2568.77000000	2572.20520000	2577.50440000
2708628762.54180622	2583.77400000	2582.63600000	2579.48200000	2580.32400000	2567.03200000	2573.17200000	2572.84800000	2577.42800000	2566.18600000	2569.97600000	2573.86440000	2576.70720000
2710301003.34448147	2567.93800000	2574.17800000	2570.17400000	2578.31000000	2579.99400000	2583.49000000	2602.55200000	2604.68000000	2564.13600000	2571.07000000	2576.95880000	2582.34560000
2711973244.14715719	2574.63800000	2577.09000000	2572.83800000	2574.65400000	2586.73200000	2590.82200000	2574.93200000	2578.75800000	2553.19200000	2561.72600000	2572.46640000	2576.61000000
2713645484.94983292	2599.34400000	2603.05000000	2588.74600000	2585.78400000	2578.93600000	2581.43000000	2569.69000000	2573.21600000	2557.72400000	2566.74400000	2578.88800000	2582.04480000
2715317725.75250816	2563.69800000	2570.53000000	2568.01800000	2571.88600000	2570.73200000	2577.98600000	2595.33200000	2601.30600000	2563.19400000	2570.36400000	2572.19480000	2578.41440000
2716989966.55518389	2593.06000000	2601.17400000	2579.83000000	2583.99000000	2563.17000000	2569.78400000	2581.03400000	2591.23600000	2563.41000000	2569.02600000	2576.10080000	2583.04200000
2718662207.35785961	2567.12600000	2568.51000000	2563.44800000	2576.72400000	2575.86600000	2578.56400000	2591.70200000	2597.98400000	2568.11000000	2571.15800000	2573.25040000	2578.58800000
2720334448.16053534	2588.52200000	2598.57800000	2578.76600000	2586.13600000	2568.35400000	2580.90200000	2578.67800000	2585.44200000	2571.25800000	2579.16400000	2577.11560000	2586.04440000
2722006688.96321058	2589.36200000	2596.27400000	2583.66400000	2586.71200000	2577.69400000	2582.47200000	2570.08400000	2580.36400000	2567.46400000	2572.89200000	2577.65360000	2583.74280000
2723678929.76588631	2586.53800000	2599.78600000	2578.77800000	2589.53000000	2565.48600000	2567.46400000	2571.39000000	2576.75200000	2567.00200000	2570.22000000	2573.83880000	2580.75040000
2725351170.56856203	2562.10600000	2567.01400000	2569.14600000	2579.02000000	2577.96200000	2580.26200000	2586.65200000	2597.49200000	2560.95200000	2568.37600000	2571.36360000	2578.43280000
2727023411.37123728	2569.04200000	2581.15600000	2566.77800000	2576.17200000	2571.63800000	2579.51200000	2589.82600000	2601.65600000	2543.17200000	2555.24800000	2568.09120000	2578.74880000
2728695652.17391300	2572.88200000	2585.71600000	2563.10400000	2575.33800000	2575.52400000	2583.67000000	2593.87000000	2601.66600000	2547.27400000	2556.47400000	2570.53080000	2580.57280000
2730367892.97658873	2590.49800000	2604.48800000	2581.86200000	2593.43200000	2568.32000000	2579.94600000	2569.49800000	2574.64000000	2561.98600000	2573.97200000	2574.43280000	2585.29560000
2732040133.77926445	2591.70200000	2603.47600000	2577.96600000	2592.93600000	2567.26400000	2579.71800000	2561.49200000	2575.58200000	2552.91000000	2563.38200000	2570.26680000	2583.01880000
2733712374.58193970	2578.25600000	2587.64000000	2581.21200000	2590.26600000	2557.44600000	2568.83000000	2571.45200000	2584.65800000	2553.64400000	2563.07800000	2568.40200000	2578.89440000
2735384615.38461542	2557.19600000	2564.84000000	2580.69600000	2588.19000000	2560.52000000	2569.23200000	2589.39200000	2604.19400000	2557.45800000	2569.41400000	2569.05240000	2579.17400000
2737056856.18729115	2569.67800000	2583.35000000	2563.28400000	2573.33200000	2571.29200000	2584.46000000	2571.28800000	2588.89600000	2537.88000000	2549.15200000	2562.68440000	2575.83800000
2738729096.98996639	2595.66800000	2605.34400000	2570.07400000	2583.73000000	2562.04600000	2568.30200000	2570.45200000	2581.94800000	2565.22000000	2567.70200000	2572.69200000	2581.40520000
2740401337.79264212	2567.75400000	2581.58600000	2562.22400000	2574.85600000	2569.09800000	2582.46000000	2579.49600000	2584.87000000	2535.27400000	2553.63000000	2562.76920000	2575.48040000
2742073578.59531784	2556.57800000	2565.63800000	2566.62600000	2579.96400000	2559.29000000	2570.43600000	2584.68400000	2595.64400000	2558.05200000	2568.37600000	2565.04600000	2576.01160000
2743745819.39799309	2588.39000000	2601.19200000	2594.42800000	2601.69000000	2562.94600000	2574.55000000	2571.37400000	2586.00400000	2562.73400000	2574.27200000	2575.97440000	2587.54160000
2745418060.20066881	2588.03200000	2601.92000000	2568.77600000	2580.15600000	2558.19800000	2570.54800000	2574.70400000	2582.63000000	2555.19200000	2570.87200000	2568.98040000	2581.22520000
2747090301.00334454	2583.08000000	2591.03200000	2574.17400000	2584.41200000	2558.78400000	2566.66000000	2559.34000000	2573.99400000	2554.72800000	2566.12600000	2566.02120000	2576.44480000
2748762541.80602026	2587.10600000	2604.85000000	2575.48000000	2588.41800000	2560.07400000	2572.53400000	2570.00800000	2586.01000000	2556.92200000	2573.88400000	2569.91800000	2585.13920000
2750434782.60869551	2573.17000000	2589.50800000	2566.35800000	2581.84000000	2555.30400000	2571.35200000	2560.10600000	2577.62800000	2558.95400000	2576.26000000	2562.77840000	2579.31760000
2752107023.41137123	2574.89000000	2589.01000000	2570.14800000	2580.75600000	2559.60000000	2573.33600000	2558.09400000	2572.25800000	2557.72600000	2575.32000000	2564.09160000	2578.13600000
2753779264.21404696	2570.07000000	2582.80600000	2570.30600000	2588.43400000	2562.16600000	2578.43600000	2555.37400000	2575.08200000	2549.25800000	2565.04200000	2561.43480000	2577.96000000
2755451505.01672220	2583.62400000	2604.28200000	2572.52200000	2590.62600000	2556.11200000	2569.00400000	2567.52800000	2583.89000000	2550.11600000	2569.23600000	2565.98040000	2583.40760000
2757123745.81939793	2556.90000000	2574.98400000	2556.30400000	2574.38200000	2577.14800000	2589.47600000	2569.04000000	2583.40000000	2542.58600000	2558.29200000	2560.39560000	2576.10680000
2758795986.62207365	2581.13800000	2600.03800000	2567.58800000	2586.91400000	2555.28800000	2575.59400000	2554.72400000	2570.87600000	2548.25400000	2572.95800000	2561.39840000	2581.27600000
2760468227.42474937	2584.63800000	2601.38200000	2572.72800000	2589.01800000	2561.43400000	2575.33800000	2553.13200000	2572.82000000	2548.70200000	2567.53000000	2564.12680000	2581.21760000
2762140468.22742462	2552.85600000	2565.68400000	2570.67000000	2592.79600000	2548.29800000	2565.48000000	2575.55600000	2596.63200000	2546.56400000	2566.27000000	2558.78880000	2577.37240000
2763812709.03010035	2561.81800000	2579.66800000	2557.72600000	2578.66800000	2571.14800000	2591.45800000	2563.59200000	2581.53400000	2536.03400000	2552.69600000	2558.06360000	2576.80480000
2765484949.83277607	2563.32200000	2585.17800000	2565.84600000	2582.87600000	2551.88000000	2570.96000000	2556.73600000	2579.81800000	2547.43000000	2568.44600000	2557.04280000	2577.45560000
2767157190.63545132	2545.23200000	2563.38000000	2557.60000000	2579.44800000	2552.05200000	2571.47200000	2576.71000000	2596.28400000	2548.77000000	2567.36000000	2556.07280000	2575.58880000
2768829431.43812704	2573.85200000	2598.58600000	2564.61800000	2584.81200000	2547.39400000	2571.52200000	2559.35800000	2583.44400000	2549.86000000	2572.70200000	2559.01640000	2582.21320000
2770501672.24080276	2545.56600000	2569.41000000	2562.53000000	2588.97400000	2545.69800000	2569.27800000	2577.77000000	2602.25600000	2539.99200000	2560.10600000	2554.31120000	2578.00480000
2772173913.04347801	2581.77800000	2603.70600000	2568.83200000	2591.98400000	2551.24600000	2573.18400000	2554.85000000	2581.54200000	2548.86600000	2574.44000000	2561.11440000	2584.97120000
2773846153.84615374	2569.96600000	2599.65000000	2550.29400000	2576.97400000	2550.68200000	2575.75800000	2569.40000000	2599.32400000	2548.57600000	2577.18800000	2557.78360000	2585.77880000
2775518394.64882946	2566.18000000	2597.28400000	2561.08600000	2586.67000000	2547.82400000	2570.22800000	2554.81000000	2576.75600000	2547.21800000	2576.96200000	2555.42360000	2581.58000000
2777190635.45150518	2547.51200000	2579.25400000	2546.94800000	2573.93400000	2551.71200000	2577.47800000	2569.00600000	2596.73600000	2525.86400000	2551.13800000	2548.20840000	2575.70800000
2778862876.25418043	2569.80600000	2596.42200000	2559.54400000	2585.97600000	2544.63600000	2574.97000000	2548.70800000	2580.15200000	2540.93800000	2564.64200000	2552.72640000	2580.43240000
2780535117.05685616	2568.57200000	2597.00400000	2559.13800000	2590.13600000	2536.18800000	2573.94800000	2556.48000000	2587.87800000	2537.52000000	2568.59200000	2551.57960000	2583.51160000
2782207357.85953188	2571.75200000	2605.91400000	2569.96800000	2603.38000000	2550.47000000	2583.29600000	2557.79800000	2591.11600000	2539.25600000	2574.96200000	2557.84880000	2591.73360000
2783879598.66220760	2550.59400000	2586.10400000	2536.05800000	2574.99800000	2548.91600000	2582.43400000	2565.12400000	2602.81200000	2524.40400000	2564.16800000	2545.01920000	2582.10320000
2785551839.46488285	2568.15200000	2599.91000000	2557.44600000	2587.60600000	2540.35000000	2574.72800000	2540.80000000	2575.79800000	2535.94800000	2564.76600000	2548.53920000	2580.56160000
2787224080.26755857	2542.25200000	2583.32200000	2534.05400000	2572.16000000	2542.96200000	2578.40200000	2560.75200000	2596.71800000	2518.01200000	2556.89200000	2539.60640000	2577.49880000
2788896321.07023430	2562.91800000	2604.31000000	2557.73200000	2599.67600000	2545.36800000	2587.35000000	2544.07400000	2577.92000000	2534.04800000	2577.10000000	2548.82800000	2589.27120000
2790568561.87290955	2567.84600000	2607.66200000	2561.75000000	2602.00800000	2537.85400000	2579.98800000	2549.15200000	2591.80200000	2529.62000000	2571.20200000	2549.24440000	2590.53240000
2792240802.67558527	2537.05000000	2579.62400000	2549.79800000	2590.54200000	2523.55000000	2563.61600000	2548.02600000	2593.09000000	2534.52000000	2574.66000000	2538.58880000	2580.30640000
2793913043.47826099	2554.68400000	2602.56800000	2539.17600000	2586.60000000	2533.64400000	2576.65000000	2527.88600000	2571.30600000	2521.73000000	2564.44800000	2535.42400000	2580.31440000
2795585284.28093624	2541.81000000	2584.89600000	2536.76000000	2582.58800000	2528.93000000	2573.72800000	2526.21200000	2574.39200000	2529.39200000	2576.12200000	2532.62080000	2578.34520000
2797257525.08361197	2552.12800000	2600.46200000	2540.19400000	2584.71600000	2528.16800000	2572.53000000	2526.11200000	2580.73800000	2528.96800000	2574.23000000	2535.11400000	2582.53520000
2798929765.88628769	2557.19000000	2605.24000000	2552.78000000	2605.79400000	2525.63800000	2578.01400000	2539.61400000	2590.70000000	2518.84400000	2568.10800000	2538.81320000	2589.57120000
2800602006.68896341	2531.23600000	2580.13200000	2537.12600000	2586.83600000	2514.71200000	2566.33800000	2533.62400000	2586.95400000	2520.80800000	2576.60600000	2527.50120000	2579.37320000
2802274247.49163866	2534.54400000	2588.06200000	2530.59600000	2584.57000000	2517.39800000	2567.43200000	2528.53800000	2580.78000000	2516.02600000	2572.33000000	2525.42040000	2578.63480000
2803946488.29431438	2532.82000000	2589.43400000	2532.20600000	2586.59200000	2516.38000000	2572.24200000	2525.08200000	2579.10200000	2507.54800000	2560.80600000	2522.80720000	2577.63520000
2805618729.09699011	2500.36000000	2560.66800000	2520.67400000	2580.40400000	2512.45400000	2570.72200000	2537.56000000	2597.58000000	2505.37400000	2566.59000000	2515.28440000	2575.19280000
2807290969.89966536	2537.84600000	2601.53800000	2522.21800000	2582.94600000	2511.58800000	2571.65000000	2513.28400000	2576.14000000	2512.47600000	2573.75600000	2519.48240000	2581.20600000
2808963210.70234108	2504.29800000	2566.06800000	2518.98600000	2582.82000000	2509.65400000	2572.44600000	2531.43000000	2602.35400000	2503.30400000	2568.57400000	2513.53440000	2578.45240000
2810635451.50501680	2500.96600000	2565.19800000	2508.90200000	2574.03200000	2511.05200000	2581.55200000	2530.91800000	2598.56800000	2503.72200000	2569.44800000	2511.11200000	2577.75960000
2812307692.30769253	2528.42800000	2597.35800000	2515.90000000	2587.04400000	2496.98000000	2564.44400000	2509.33400000	2577.61000000	2498.85400000	2573.10600000	2509.89920000	2579.91240000
2813979933.11036777	2536.63000000	2605.19200000	2514.34400000	2583.31600000	2497.74000000	2575.83200000	2511.55400000	2584.54000000	2502.62000000	2577.67600000	2512.57760000	2585.31120000
2815652173.91304350	2529.86600000	2603.46000000	2503.82000000	2577.99400000	2502.19000000	2578.74400000	2523.99000000	2597.21000000	2515.75400000	2586.54600000	2515.12400000	2588.79080000
2817324414.71571922	2499.24000000	2576.56600000	2503.03200000	2580.98800000	2503.22800000	2581.70800000	2523.79600000	2596.90800000	2485.18000000	2559.52200000	2502.89520000	2579.13840000
2818996655.51839447	2513.41800000	2585.92000000	2509.59400000	2584.32400000	2498.77200000	2572.32400000	2504.65600000	2582.08200000	2494.28200000	2570.54600000	2504.14440000	2579.03920000
2820668896.32107019	2523.32800000	2598.42600000	2501.82400000	2584.06600000	2497.70200000	2573.00000000	2491.56600000	2573.75600000	2490.90800000	2569.75800000	2501.06560000	2579.80120000
2822341137.12374592	2503.50400000	2580.24200000	2500.55800000	2579.71000000	2502.26000000	2581.45600000	2519.65800000	2599.53600000	2481.79000000	2563.59000000	2501.55400000	2580.90680000
2824013377.92642117	2499.19000000	2581.03400000	2495.51000000	2573.89800000	2500.97400000	2580.06200000	2518.18200000	2600.56200000	2479.20000000	2559.19400000	2498.61120000	2578.95000000
2825685618.72909689	2508.14000000	2587.25600000	2501.42400000	2583.27600000	2485.82800000	2572.35400000	2497.29800000	2574.28800000	2487.48800000	2574.19800000	2496.03560000	2578.27440000
2827357859.53177261	2527.46400000	2603.83200000	2505.76400000	2583.48200000	2494.37200000	2579.15000000	2497.86200000	2581.20200000	2491.67800000	2571.35400000	2503.42800000	2583.80400000
2829030100.33444834	2515.27600000	2595.20800000	2503.58400000	2579.70000000	2491.87400000	2569.79800000	2491.79200000	2574.55400000	2485.84800000	2572.02800000	2497.67480000	2578.25760000
2830702341.13712358	2506.90400000	2589.46600000	2508.01200000	2585.31000000	2489.39000000	2572.36200000	2488.70000000	2570.84400000	2486.83600000	2574.75800000	2495.96840000	2578.54800000
2832374581.93979931	2493.10800000	2576.38600000	2493.52800000	2580.64400000	2508.34000000	2595.40600000	2505.41000000	2583.19000000	2469.00200000	2557.10400000	2493.87760000	2578.54600000
2834046822.74247503	2516.40200000	2600.01000000	2506.78000000	2586.48000000	2488.19000000	2572.87600000	2493.26800000	2579.41400000	2497.58600000	2578.10200000	2500.44520000	2583.37640000
2835719063.54515028	2513.97400000	2600.03800000	2499.37000000	2582.97400000	2485.57800000	2572.43400000	2486.44600000	2573.13400000	2483.92800000	2567.88000000	2493.85920000	2579.29200000
2837391304.34782600	2491.73000000	2577.81200000	2497.22000000	2581.43200000	2480.64200000	2566.19400000	2498.03000000	2583.39000000	2490.71400000	2576.49200000	2491.66720000	2577.06400000
2839063545.15050173	2484.40400000	2570.18600000	2503.61800000	2591.41800000	2486.44200000	2573.29000000	2510.60800000	2597.06400000	2486.11400000	2569.99800000	2494.23720000	2580.39120000
2840735785.95317745	2522.14600000	2603.80600000	2509.89600000	2599.65600000	2492.19800000	2578.04600000	2498.01000000	2589.63600000	2486.59600000	2569.62000000	2501.76920000	2588.15280000
2842408026.75585270	2522.49200000	2606.60000000	2517.86000000	2605.37000000	2493.35400000	2575.17200000	2507.92800000	2589.02800000	2483.20200000	2577.45000000	2504.96720000	2590.72400000
2844080267.55852842	2513.39800000	2600.13400000	2507.74200000	2589.99600000	2485.27400000	2567.00600000	2496.14000000	2579.46200000	2486.50400000	2572.06400000	2497.81160000	2581.73240000
2845752508.36120415	2511.71400000	2601.18000000	2498.58400000	2584.18800000	2484.82600000	2576.71000000	2487.16800000	2569.14800000	2481.84600000	2569.26400000	2492.82760000	2580.09800000
2847424749.16387939	2517.93600000	2601.39800000	2502.05200000	2582.59000000	2487.33000000	2571.90200000	2481.98000000	2569.62000000	2488.29400000	2576.18800000	2495.51840000	2580.33960000
2849096989.96655512	2517.45000000	2600.44400000	2498.87200000	2578.87600000	2494.34800000	2582.92400000	2510.19800000	2600.21000000	2491.03800000	2576.55200000	2502.38120000	2587.80120000
2850769230.76923084	2501.16600000	2581.40200000	2499.82200000	2581.50200000	2482.36400000	2565.06000000	2494.62800000	2576.75800000	2489.33800000	2574.28400000	2493.46360000	2575.80120000
2852441471.57190657	2523.70200000	2603.02000000	2507.14000000	2594.06000000	2492.83400000	2571.88800000	2498.73200000	2583.95200000	2484.81200000	2567.11000000	2501.44400000	2584.00600000
2854113712.37458181	2521.12200000	2597.84000000	2506.66800000	2586.66000000	2493.05400000	2575.87400000	2497.53000000	2580.31600000	2483.66600000	2559.48200000	2500.40800000	2580.03440000
2855785953.17725754	2524.43800000	2600.72600000	2517.23000000	2595.45800000	2492.79800000	2570.44800000	2515.08000000	2593.68000000	2489.31200000	2571.17600000	2507.77160000	2586.29760000
2857458193.97993326	2501.93600000	2584.14600000	2498.25200000	2574.75800000	2503.64600000	2579.60000000	2522.51200000	2604.38600000	2474.23800000	2551.63400000	2500.11680000	2578.90480000
2859130434.78260851	2525.92400000	2603.34800000	2510.17600000	2582.47600000	2498.75200000	2573.14600000	2490.93400000	2570.60600000	2495.21600000	2572.19200000	2504.20040000	2580.35360000
2860802675.58528423	2526.20200000	2600.89000000	2518.60000000	2594.95400000	2494.72400000	2571.89600000	2515.44600000	2591.17400000	2495.18600000	2574.08200000	2510.03160000	2586.59920000
2862474916.38795996	2530.04400000	2600.54400000	2526.56800000	2597.95400000	2508.37600000	2577.07400000	2521.60000000	2595.54800000	2499.33400000	2572.12400000	2517.18440000	2588.64880000
2864147157.19063568	2498.84800000	2568.55600000	2510.51400000	2583.04800000	2493.85800000	2570.26800000	2529.46600000	2602.33000000	2493.40400000	2564.47400000	2505.21800000	2577.73520000
2865819397.99331093	2515.93800000	2585.53400000	2509.09800000	2574.30200000	2511.65800000	2582.19000000	2518.91800000	2587.94800000	2489.14000000	2554.89800000	2508.95040000	2576.97440000
2867491638.79598665	2537.05600000	2601.66200000	2523.14600000	2588.88000000	2508.61000000	2578.75600000	2513.99400000	2578.14800000	2504.71400000	2567.67000000	2517.50400000	2583.02320000
2869163879.59866238	2541.15800000	2605.18800000	2522.96600000	2586.73800000	2513.64200000	2576.19200000	2510.13400000	2575.20600000	2509.50200000	2569.68000000	2519.48040000	2582.60080000
2870836120.40133762	2542.61400000	2601.37800000	2521.36600000	2584.27400000	2515.61400000	2575.39400000	2526.66800000	2589.67800000	2510.09800000	2576.48000000	2523.27200000	2585.44080000
2872508361.20401335	2539.23000000	2604.56000000	2531.06800000	2588.59200000	2521.66400000	2584.58800000	2514.97800000	2574.32400000	2502.26800000	2568.18400000	2521.84160000	2584.04960000
2874180602.00668907	2533.76600000	2597.65600000	2518.14400000	2582.23200000	2512.13800000	2578.39600000	2536.98800000	2599.47600000	2507.86200000	2573.31000000	2521.77960000	2586.21400000
2875852842.80936432	2529.78600000	2599.29400000	2520.46200000	2583.61400000	2508.28400000	2579.57400000	2513.81000000	2577.23000000	2505.50600000	2568.94800000	2515.56960000	2581.73200000
2877525083.61204004	2533.12400000	2596.99400000	2521.36800000	2591.46200000	2512.67800000	2579.70600000	2504.07800000	2573.46400000	2500.32000000	2564.31000000	2514.31360000	2581.18720000
2879197324.41471577	2513.79000000	2585.38600000	2512.71600000	2584.97600000	2510.76200000	2576.21000000	2510.91400000	2579.76600000	2502.83600000	2573.93200000	2510.20360000	2580.05400000
2880869565.21739149	2498.47600000	2571.95000000	2506.42000000	2576.02600000	2512.75000000	2582.12000000	2532.31800000	2605.17400000	2502.36800000	2570.84400000	2510.46640000	2581.22280000
2882541806.02006674	2511.16800000	2585.41400000	2513.27200000	2588.97200000	2493.62600000	2570.36800000	2513.46200000	2586.79000000	2503.48600000	2572.96600000	2507.00280000	2580.90200000
2884214046.82274246	2525.99000000	2599.28600000	2518.70400000	2597.88800000	2499.59400000	2570.36000000	2501.19000000	2577.77000000	2489.52600000	2566.49600000	2507.00080000	2582.36000000
2885886287.62541819	2512.98600000	2586.06200000	2502.25400000	2574.29400000	2507.78000000	2580.23400000	2511.54600000	2587.50000000	2476.74600000	2553.24000000	2502.26240000	2576.26600000
2887558528.42809343	2512.16800000	2586.06400000	2509.29000000	2587.07600000	2496.40600000	2578.24400000	2501.17000000	2580.82800000	2490.89800000	2567.74600000	2501.98640000	2579.99160000
2889230769.23076916	2524.49000000	2598.95200000	2512.47600000	2582.26200000	2499.04400000	2580.62800000	2506.39000000	2587.80800000	2491.95000000	2572.37400000	2506.87000000	2584.40480000
2890903010.03344488	2511.07600000	2593.20600000	2501.96400000	2580.48400000	2497.17800000	2570.67200000	2498.00600000	2576.91200000	2489.25200000	2568.19800000	2499.49520000	2577.89440000
2892575250.83612061	2524.51600000	2606.33800000	2511.68000000	2591.94400000	2486.45000000	2572.73600000	2501.34000000	2580.23400000	2487.36000000	2566.22800000	2502.26920000	2583.49600000
2894247491.63879585	2509.62600000	2583.81800000	2505.12800000	2580.36000000	2495.67800000	2571.25200000	2496.96200000	2579.71000000	2490.27400000	2568.56200000	2499.53360000	2576.74040000
2895919732.44147158	2524.48000000	2599.03400000	2518.29200000	2589.61800000	2507.59600000	2584.87000000	2498.31600000	2574.97400000	2493.52000000	2570.31000000	2508.44080000	2583.76120000
2897591973.24414730	2519.27800000	2598.50800000	2511.85400000	2590.88800000	2498.34400000	2575.45800000	2501.64200000	2579.75000000	2488.23600000	2568.30600000	2503.87080000	2582.58200000
2899264214.04682255	2505.99400000	2581.07000000	2503.37800000	2573.84000000	2512.36000000	2586.15400000	2528.99800000	2601.27800000	2487.83800000	2562.77200000	2507.71360000	2581.02280000
2900936454.84949827	2519.51400000	2591.01400000	2511.35600000	2592.90600000	2496.13000000	2571.76000000	2500.16000000	2579.64200000	2495.04000000	2566.28400000	2504.44000000	2580.32120000
2902608695.65217400	2523.99600000	2595.57800000	2513.68200000	2586.80800000	2500.68000000	2574.80600000	2506.07200000	2584.59800000	2483.51800000	2559.27200000	2505.58960000	2580.21240000
2904280936.45484924	2533.39000000	2606.19000000	2524.79000000	2595.84800000	2504.85400000	2580.82800000	2519.62800000	2592.65800000	2498.74600000	2572.91800000	2516.28160000	2589.68840000
2905953177.25752497	2523.06400000	2593.82400000	2516.89200000	2584.38000000	2495.71400000	2565.85800000	2509.55000000	2581.91000000	2492.37800000	2566.90400000	2507.51960000	2578.57520000
2907625418.06020069	2513.20600000	2585.43600000	2515.32000000	2586.17800000	2494.56600000	2569.32000000	2514.74600000	2580.60800000	2506.85600000	2573.66200000	2508.93880000	2579.04080000
2909297658.86287642	2523.46400000	2598.87800000	2509.22000000	2583.32600000	2499.31600000	2571.88000000	2507.65400000	2575.90600000	2501.10000000	2570.54600000	2508.15080000	2580.10720000
2910969899.66555166	2533.65400000	2603.35000000	2523.92400000	2590.70200000	2502.53600000	2568.22200000	2508.49200000	2580.88400000	2500.77600000	2571.43400000	2513.87640000	2582.91840000
2912642140.46822739	2514.81600000	2580.27600000	2499.68600000	2567.53200000	2512.19600000	2578.55200000	2530.54800000	2596.06000000	2491.30400000	2556.19600000	2509.71000000	2575.72320000
2914314381.27090311	2508.22600000	2576.01400000	2511.43600000	2577.20800000	2513.70400000	2583.32800000	2532.78000000	2601.50400000	2498.52200000	2564.06400000	2512.93360000	2580.42360000
2915986622.07357883	2518.01200000	2584.47200000	2513.73600000	2579.64200000	2507.57600000	2570.15400000	2513.87800000	2580.47400000	2508.02400000	2573.71000000	2512.24520000	2577.69040000
2917658862.87625408	2506.71200000	2571.51600000	2511.78800000	2578.00400000	2521.95000000	2580.14800000	2543.58000000	2601.40600000	2504.84400000	2571.24000000	2517.77480000	2580.46280000
2919331103.67892981	2509.50000000	2568.60000000	2525.74800000	2592.65000000	2505.31200000	2572.24400000	2534.84600000	2594.23600000	2515.99600000	2569.20600000	2518.28040000	2579.38720000
2921003344.48160553	2538.89200000	2601.29200000	2527.31800000	2589.47800000	2525.30400000	2586.09000000	2522.24400000	2583.74000000	2511.00800000	2570.61600000	2524.95320000	2586.24320000
2922675585.28428078	2541.55600000	2604.23200000	2525.20400000	2587.81800000	2514.42200000	2569.81200000	2523.67800000	2583.67800000	2510.78600000	2572.26600000	2523.12920000	2583.56120000
2924347826.08695650	2532.06600000	2592.14400000	2520.77400000	2579.14600000	2511.39200000	2570.74600000	2512.05400000	2578.06000000	2508.98600000	2570.63800000	2517.05440000	2578.14680000
2926020066.88963223	2553.11200000	2601.03600000	2520.49000000	2580.13200000	2519.86600000	2577.70800000	2527.91200000	2587.18000000	2517.65800000	2572.43600000	2527.80760000	2583.69840000
2927692307.69230747	2532.84200000	2585.84400000	2536.06600000	2587.76200000	2515.30800000	2575.01200000	2520.31400000	2577.68800000	2517.58800000	2570.26800000	2524.42360000	2579.31480000
2929364548.49498320	2536.44800000	2590.32600000	2532.97800000	2585.23200000	2524.89600000	2572.19400000	2529.52000000	2581.05200000	2519.52800000	2570.78600000	2528.67400000	2579.91800000
2931036789.29765892	2555.77400000	2604.93200000	2540.65800000	2592.39200000	2519.87600000	2572.53800000	2529.04000000	2577.72200000	2513.70000000	2563.28800000	2531.80960000	2582.17440000
2932709030.10033464	2535.40200000	2581.02000000	2544.28800000	2589.88000000	2521.00600000	2565.78000000	2542.12800000	2588.35000000	2530.32800000	2573.13800000	2534.63040000	2579.63360000
2934381270.90300989	2558.45800000	2601.21200000	2542.90200000	2583.78200000	2530.96200000	2573.34000000	2529.75000000	2572.22400000	2528.96800000	2571.79800000	2538.20800000	2580.47120000
2936053511.70568562	2541.11200000	2576.05000000	2551.47000000	2587.26400000	2525.15400000	2569.57400000	2553.84200000	2594.91600000	2533.84800000	2569.78000000	2541.08520000	2579.51680000
2937725752.50836134	2554.09800000	2584.66600000	2542.77000000	2581.03600000	2533.23000000	2567.98800000	2540.86000000	2576.94400000	2533.17200000	2566.05200000	2540.82600000	2575.33720000
2939397993.31103659	2557.49800000	2589.79200000	2553.13400000	2590.57200000	2536.10800000	2573.75200000	2550.23600000	2581.27000000	2537.03000000	2566.82000000	2546.80120000	2580.44120000
2941070234.11371231	2568.59600000	2600.76600000	2549.70200000	2581.47400000	2548.89400000	2581.07000000	2565.71000000	2591.99000000	2544.88200000	2577.85000000	2555.55680000	2586.63000000
2942742474.91638803	2571.09400000	2600.17400000	2551.46200000	2578.47800000	2551.09400000	2576.61800000	2565.80600000	2594.26000000	2545.77400000	2574.62600000	2557.04600000	2584.83120000
2944414715.71906376	2539.72000000	2570.78800000	2562.11600000	2598.61000000	2539.74600000	2567.92600000	2571.23600000	2595.21200000	2546.86400000	2575.54800000	2551.93640000	2581.61680000
2946086956.52173901	2559.34000000	2585.36600000	2559.82800000	2584.95000000	2545.45800000	2566.66600000	2546.87800000	2571.69000000	2538.56200000	2560.95800000	2550.01320000	2573.92600000
2947759197.32441473	2559.81800000	2583.48600000	2548.58400000	2570.67600000	2559.06800000	2583.11400000	2562.95000000	2586.63000000	2531.23800000	2551.35200000	2552.33160000	2575.05160000
2949431438.12709045	2575.28400000	2597.53200000	2565.20600000	2584.92200000	2558.76200000	2581.05800000	2564.90800000	2584.79200000	2544.82600000	2567.83000000	2561.79720000	2583.22680000
2951103678.92976570	2580.20200000	2597.88200000	2576.54600000	2597.73000000	2556.03000000	2578.18200000	2565.62200000	2585.58200000	2551.84800000	2575.53200000	2566.04960000	2586.98160000
2952775919.73244143	2562.94600000	2579.12400000	2562.72200000	2583.40600000	2543.35800000	2566.64200000	2564.55800000	2586.68800000	2555.10400000	2584.46000000	2557.73760000	2580.06400000
2954448160.53511715	2564.00400000	2584.60400000	2563.41200000	2586.11800000	2553.50000000	2572.86200000	2554.97400000	2574.69200000	2553.53800000	2571.00600000	2557.88560000	2577.85640000
2956120401.33779240	2584.64400000	2599.25800000	2570.58000000	2586.69600000	2556.23200000	2571.84600000	2564.19800000	2583.10600000	2557.00600000	2571.98000000	2566.53200000	2582.57720000
2957792642.14046812	2549.90000000	2564.92000000	2566.76400000	2584.33400000	2556.11200000	2571.64600000	2584.63200000	2597.32400000	2552.63600000	2566.95000000	2562.00880000	2577.03480000
2959464882.94314384	2563.35400000	2573.59000000	2560.97200000	2577.36600000	2580.58800000	2593.75600000	2572.47200000	2585.47800000	2540.63400000	2556.48800000	2563.60400000	2577.33560000
2961137123.74581957	2574.80800000	2589.94800000	2570.29200000	2585.77400000	2556.20600000	2569.96000000	2567.63600000	2575.24600000	2550.65200000	2560.94000000	2563.91880000	2576.37360000
2962809364.54849482	2571.04000000	2583.84400000	2571.25200000	2582.28800000	2560.01200000	2574.57000000	2565.12600000	2579.03400000	2549.10000000	2567.15600000	2563.30600000	2577.37840000
2964481605.35117054	2568.61400000	2582.80400000	2566.29400000	2580.35400000	2551.43800000	2570.31000000	2570.12000000	2583.91200000	2563.94000000	2573.78600000	2564.08120000	2578.23320000
2966153846.15384626	2560.90400000	2570.35600000	2563.05800000	2575.27400000	2570.96000000	2582.92800000	2591.90400000	2602.04800000	2560.84600000	2570.15600000	2569.53440000	2580.15240000
2967826086.95652199	2573.85000000	2586.65800000	2576.27600000	2589.15200000	2554.36400000	2566.36600000	2583.45400000	2586.29800000	2564.17200000	2578.77400000	2570.42320000	2581.44960000
2969498327.75919724	2581.54200000	2594.81600000	2574.04200000	2585.93800000	2560.08800000	2571.36600000	2570.96200000	2581.85200000	2552.79400000	2563.07000000	2567.88560000	2579.40840000
2971170568.56187296	2570.40200000	2582.16600000	2577.35600000	2583.29600000	2553.37800000	2567.54000000	2579.30600000	2586.27600000	2568.38000000	2579.03400000	2569.76440000	2579.66240000
2972842809.36454868	2591.01200000	2601.03000000	2578.95800000	2589.81600000	2562.14200000	2570.08600000	2570.54600000	2582.08600000	2565.01000000	2571.17400000	2573.53360000	2582.83840000
2974515050.16722393	2589.78200000	2601.75800000	2583.44000000	2594.89600000	2560.04600000	2575.30800000	2566.82800000	2574.75600000	2554.65000000	2562.24600000	2570.94920000	2581.79280000
2976187290.96989965	2570.29200000	2585.57600000	2583.51200000	2594.84000000	2552.77000000	2559.43800000	2583.66400000	2589.35600000	2566.18800000	2579.56600000	2571.28520000	2581.75520000
2977859531.77257538	2578.94200000	2583.02800000	2569.27000000	2579.13800000	2559.96800000	2570.99200000	2573.02600000	2577.82400000	2556.70800000	2566.68200000	2567.58280000	2575.53280000
2979531772.57525063	2592.95400000	2597.60200000	2578.23400000	2581.81800000	2561.67800000	2568.35400000	2572.18400000	2577.13400000	2566.85000000	2573.30000000	2574.38000000	2579.64160000
2981204013.37792635	2576.19200000	2577.93600000	2567.91000000	2574.85600000	2576.22400000	2587.19800000	2572.34200000	2577.87000000	2547.64400000	2554.33400000	2568.06240000	2574.43880000
2982876254.18060207	2573.85800000	2577.41200000	2568.47000000	2576.65800000	2585.29800000	2589.98600000	2572.25200000	2580.99600000	2550.49800000	2557.74600000	2570.07520000	2576.55960000
2984548494.98327732	2596.05000000	2601.36600000	2577.75200000	2585.75800000	2567.81200000	2578.49200000	2573.46000000	2577.51600000	2562.60600000	2571.81400000	2575.53600000	2582.98920000
2986220735.78595304	2592.06600000	2599.76600000	2585.49400000	2589.82800000	2577.36600000	2580.33200000	2568.52800000	2581.33600000	2563.51400000	2571.69600000	2577.39360000	2584.59160000
2987892976.58862877	2565.75800000	2574.79800000	2586.90600000	2590.01200000	2558.97400000	2565.43400000	2590.63800000	2598.99000000	2572.80600000	2575.49200000	2575.01640000	2580.94520000
2989565217.39130449	2572.19600000	2579.82200000	2578.23200000	2582.61600000	2559.86400000	2567.49600000	2574.56600000	2582.63600000	2567.62600000	2566.92000000	2570.49680000	2575.89800000
2991237458.19397974	2578.06800000	2583.51600000	2566.59600000	2572.23000000	2577.83000000	2580.77400000	2594.15000000	2598.14800000	2549.86600000	2563.03000000	2573.30200000	2579.53960000
2992909698.99665546	2593.96600000	2601.61400000	2582.74600000	2590.50200000	2571.79000000	2575.23800000	2570.18600000	2579.74400000	2560.96400000	2568.19600000	2575.93040000	2583.05880000
2994581939.79933119	2579.42800000	2588.23400000	2576.54000000	2581.24000000	2565.19600000	2571.59800000	2570.95800000	2573.01200000	2564.85800000	2566.63800000	2571.39600000	2576.14440000
2996254180.60200691	2591.82400000	2607.95000000	2588.24800000	2594.33200000	2579.79400000	2584.05600000	2573.91000000	2584.85000000	2571.50800000	2576.78600000	2581.05680000	2589.59480000
2997926421.40468216	2578.72400000	2587.55400000	2570.71600000	2573.67400000	2574.42600000	2572.77200000	2568.58000000	2571.59400000	2571.00000000	2576.23800000	2572.68920000	2576.36640000
2999598662.20735788	2592.28200000	2597.88600000	2584.05600000	2583.07400000	2571.02800000	2581.16000000	2571.97200000	2574.17800000	2565.69400000	2574.91600000	2577.00640000	2582.24280000
3001270903.01003361	2593.17200000	2602.35400000	2577.73000000	2580.80200000	2569.09000000	2575.95800000	2565.42600000	2573.05600000	2569.29400000	2569.49200000	2574.94240000	2580.33240000
3002943143.81270885	2562.51600000	2569.26200000	2584.34600000	2588.15000000	2564.86600000	2568.05800000	2592.28000000	2594.75400000	2561.60800000	2567.90000000	2573.12320000	2577.62480000
3004615384.61538458	2597.12600000	2602.12800000	2580.11200000	2588.02200000	2571.12400000	2574.00800000	2573.15600000	2572.64800000	2561.25200000	2565.25600000	2576.55400000	2580.41240000
3006287625.41806030	2574.31600000	2581.88400000	2578.80800000	2580.47600000	2566.54400000	2572.64000000	2575.12400000	2578.63800000	2567.45400000	2574.66200000	2572.44920000	2577.66000000
3007959866.22073555	2591.28200000	2595.24600000	2583.27200000	2585.13400000	2570.54400000	2568.84000000	2571.90800000	2570.61000000	2563.62200000	2567.21400000	2576.12560000	2577.40880000
3009632107.02341127	2570.27600000	2579.07400000	2589.46600000	2596.60000000	2559.30200000	2563.59400000	2595.93000000	2596.92600000	2563.91200000	2569.20800000	2575.77720000	2581.08040000
3011304347.82608700	2571.05800000	2573.39600000	2591.78200000	2593.66400000	2564.57400000	2573.33200000	2596.74200000	2594.74600000	2578.77600000	2575.59200000	2580.58640000	2582.14600000
3012976588.62876272	2600.88800000	2601.40800000	2584.82800000	2585.68600000	2572.53000000	2576.58400000	2567.81400000	2571.77000000	2561.50600000	2568.23600000	2577.51320000	2580.73680000
3014648829.43143797	2595.52000000	2596.02600000	2582.75600000	2590.47400000	2563.89200000	2566.55000000	2574.47200000	2573.08800000	2567.28600000	2567.33600000	2576.78520000	2578.69480000
3016321070.23411369	2596.64600000	2595.78000000	2584.33400000	2587.39000000	2569.94800000	2569.75600000	2567.86200000	2571.00200000	2567.77800000	2571.35800000	2577.31360000	2579.05720000
3017993311.03678942	2597.74200000	2603.25800000	2598.15400000	2598.41800000	2566.64000000	2568.02800000	2584.98000000	2592.56400000	2565.52600000	2570.22400000	2582.60840000	2586.49840000
3019665551.83946514	2597.07000000	2599.85000000	2589.22400000	2590.31800000	2579.02200000	2580.60400000	2578.80400000	2576.11200000	2568.08800000	2571.82600000	2582.44160000	2583.74200000
3021337792.64214039	2575.61600000	2579.87400000	2592.49600000	2590.45000000	2567.47400000	2565.48600000	2593.95400000	2596.23800000	2577.90400000	2579.39400000	2581.48880000	2582.28840000
3023010033.44481611	2563.87400000	2567.67400000	2584.39200000	2584.45400000	2564.05400000	2568.66400000	2592.92800000	2599.18600000	2567.02400000	2570.44200000	2574.45440000	2578.08400000
3024682274.24749184	2583.75400000	2584.36400000	2577.42000000	2579.21200000	2572.64000000	2571.46400000	2575.33800000	2574.80200000	2575.69600000	2573.58800000	2576.96960000	2576.68600000
3026354515.05016708	2599.89200000	2603.39200000	2587.83000000	2592.91200000	2569.32400000	2567.85200000	2581.97000000	2578.43000000	2575.31800000	2574.23200000	2582.86680000	2583.36360000
3028026755.85284281	2591.27600000	2597.09200000	2581.41800000	2580.81600000	2567.62800000	2570.19200000	2566.05000000	2572.68000000	2570.64600000	2571.75600000	2575.40360000	2578.50720000
3029698996.65551853	2573.49800000	2583.84800000	2577.52200000	2574.83400000	2579.78400000	2577.71400000	2583.38000000	2585.79800000	2550.33600000	2550.46800000	2572.90400000	2574.53240000
3031371237.45819378	2571.25000000	2578.28800000	2587.45000000	2585.26600000	2568.76600000	2570.81200000	2590.29200000	2591.27000000	2576.12600000	2580.70600000	2578.77680000	2581.26840000
3033043478.26086950	2572.77800000	2578.91200000	2573.47000000	2576.77200000	2577.45600000	2574.80000000	2591.58800000	2595.35800000	2552.50200000	2555.74800000	2573.55880000	2576.31800000
3034715719.06354523	2578.68000000	2577.92600000	2574.78400000	2574.20200000	2576.71400000	2575.85000000	2605.68600000	2605.46800000	2571.28200000	2567.66600000	2581.42920000	2580.22240000
3036387959.86622047	2580.47800000	2579.84000000	2574.12600000	2573.75600000	2579.86200000	2581.46800000	2586.42400000	2588.32600000	2546.00400000	2545.41000000	2573.37880000	2573.76000000
3038060200.66889620	2567.15800000	2567.23600000	2577.51000000	2580.21800000	2569.29000000	2565.47200000	2597.60400000	2600.25600000	2562.57800000	2561.66400000	2574.82800000	2574.96920000
3039732441.47157192	2598.32600000	2599.91200000	2588.13200000	2585.41000000	2570.78600000	2569.90400000	2580.80800000	2575.27000000	2568.11400000	2568.97800000	2581.23320000	2579.89480000
3041404682.27424765	2587.91000000	2590.63000000	2583.28600000	2585.70000000	2564.91800000	2572.61800000	2576.28400000	2581.02800000	2570.84000000	2575.33800000	2576.64760000	2581.06280000
3043076923.07692289	2582.65600000	2583.21200000	2573.90200000	2576.69200000	2572.72600000	2575.79000000	2576.52200000	2577.26600000	2575.25400000	2574.84400000	2576.21200000	2577.56080000
3044749163.87959862	2598.07200000	2599.83400000	2574.63600000	2581.90800000	2574.40200000	2576.61200000	2590.75800000	2597.47600000	2581.93200000	2584.25400000	2583.96000000	2588.01680000
3046421404.68227434	2582.17800000	2586.13600000	2587.59200000	2588.05000000	2569.84200000	2568.44800000	2577.51000000	2577.57200000	2566.17000000	2563.76000000	2576.65840000	2576.79320000
3048093645.48495007	2579.54000000	2583.64000000	2585.74600000	2586.06800000	2569.34600000	2569.62600000	2580.46000000	2579.94400000	2562.24000000	2567.68200000	2575.46640000	2577.39200000
3049765886.28762531	2571.32400000	2575.16800000	2575.45400000	2575.23600000	2580.59000000	2579.84400000	2598.64200000	2601.93800000	2571.69200000	2568.01800000	2579.54040000	2580.04080000
3051438127.09030104	2599.94600000	2603.68200000	2572.92600000	2572.74600000	2583.90400000	2582.90200000	2594.58600000	2596.62000000	2574.31800000	2574.17200000	2585.13600000	2586.02440000
3053110367.89297676	2595.06800000	2603.13400000	2586.26400000	2590.05800000	2573.57000000	2571.64400000	2577.33200000	2579.74400000	2567.51400000	2567.30800000	2579.94960000	2582.37760000
3054782608.69565201	2572.89000000	2569.73200000	2577.81000000	2576.77600000	2580.35800000	2583.08800000	2597.67600000	2596.01800000	2563.67200000	2568.61000000	2578.48120000	2578.84480000
3056454849.49832773	2597.12600000	2598.79800000	2585.47800000	2584.70600000	2577.43800000	2577.77000000	2583.49000000	2589.79400000	2572.91600000	2573.77000000	2583.28960000	2584.96760000
3058127090.30100346	2602.43000000	2604.15200000	2587.59400000	2589.33000000	2570.51400000	2573.00000000	2582.15600000	2586.43200000	2572.05600000	2573.37600000	2582.95000000	2585.25800000
3059799331.10367870	2576.71200000	2579.36200000	2578.41800000	2578.17600000	2581.10200000	2577.33800000	2598.40800000	2599.46400000	2564.62200000	2562.44800000	2579.85240000	2579.35760000
3061471571.90635443	2579.68600000	2580.36400000	2579.23200000	2578.67200000	2565.87400000	2568.74400000	2582.37200000	2585.31800000	2569.45400000	2572.62000000	2575.32360000	2577.14360000
3063143812.70903015	2602.74800000	2604.32200000	2587.10200000	2587.27600000	2579.52000000	2581.80000000	2570.90200000	2567.61200000	2565.93800000	2567.14200000	2581.24200000	2581.63040000
3064816053.51170588	2600.96600000	2607.31200000	2600.87200000	2599.94600000	2576.22600000	2574.57400000	2589.34400000	2592.83400000	2573.63000000	2574.31600000	2588.20760000	2589.79640000
3066488294.31438112	2593.99400000	2594.16600000	2584.27400000	2584.41600000	2569.19800000	2570.94800000	2574.04400000	2574.13400000	2572.96200000	2571.95000000	2578.89440000	2579.12280000
3068160535.11705685	2598.45200000	2593.55200000	2578.84600000	2582.58000000	2569.10000000	2570.83600000	2582.07800000	2582.53800000	2571.05400000	2575.77200000	2579.90600000	2581.05560000
3069832775.91973257	2600.77800000	2603.63600000	2589.17000000	2590.70200000	2579.10600000	2577.09000000	2575.56800000	2575.80400000	2567.68800000	2568.89000000	2582.46200000	2583.22440000
3071505016.72240782	2581.19000000	2577.04800000	2578.58600000	2578.53200000	2587.89000000	2586.68400000	2585.09800000	2584.31200000	2552.60200000	2554.13800000	2577.07320000	2576.14280000
3073177257.52508354	2579.62600000	2581.98800000	2577.16800000	2578.93800000	2585.74800000	2581.77200000	2602.99000000	2603.45600000	2567.54400000	2571.06000000	2582.61520000	2583.44280000
3074849498.32775927	2595.39600000	2594.54000000	2583.99200000	2588.82600000	2571.66000000	2569.25600000	2571.53000000	2570.25800000	2571.99400000	2569.53600000	2578.91440000	2578.48320000
3076521739.13043499	2598.15000000	2598.53400000	2579.68200000	2578.75400000	2573.59600000	2575.98600000	2571.95400000	2570.40800000	2573.81800000	2570.56600000	2579.44000000	2578.84960000
3078193979.93311024	2601.10200000	2596.10600000	2573.67400000	2580.30200000	2575.54800000	2577.98200000	2599.31400000	2596.61400000	2585.38800000	2589.43800000	2587.00520000	2588.08840000
3079866220.73578596	2601.14800000	2603.66200000	2580.56200000	2586.60600000	2576.43400000	2579.91800000	2584.10000000	2582.36200000	2568.20000000	2567.79400000	2582.08880000	2584.06840000
3081538461.53846169	2578.59200000	2577.34600000	2576.78600000	2581.59600000	2580.04600000	2582.96400000	2597.26400000	2599.01600000	2562.43600000	2561.99000000	2579.02480000	2580.58240000
3083210702.34113693	2585.99400000	2584.35200000	2585.42400000	2586.71600000	2570.63600000	2569.87800000	2577.70000000	2577.25600000	2574.94200000	2578.48000000	2578.93920000	2579.33640000
3084882943.14381266	2580.77200000	2582.26400000	2573.26400000	2575.57600000	2580.66400000	2575.71600000	2604.44000000	2602.37600000	2563.12000000	2560.27200000	2580.45200000	2579.24080000
3086555183.94648838	2590.26800000	2591.62400000	2585.72800000	2587.02200000	2568.50000000	2571.35600000	2583.01600000	2581.06400000	2563.77400000	2562.58000000	2578.25720000	2578.72920000
3088227424.74916363	2580.89200000	2584.44400000	2578.70200000	2577.92000000	2584.91800000	2586.08600000	2590.60600000	2594.85600000	2555.41200000	2554.15800000	2578.10600000	2579.49280000
3089899665.55183935	2592.03400000	2586.52000000	2579.65800000	2582.00800000	2570.66600000	2572.41600000	2577.44600000	2576.70000000	2563.44200000	2565.68800000	2576.64920000	2576.66640000
3091571906.35451508	2598.19000000	2594.87200000	2588.96000000	2583.39400000	2575.37000000	2575.75600000	2584.84400000	2585.56000000	2569.09400000	2571.36600000	2583.29160000	2582.18960000
3093244147.15719080	2572.97200000	2576.03400000	2582.62000000	2577.27200000	2581.05200000	2582.75600000	2598.24600000	2604.97600000	2573.18800000	2570.45200000	2581.61560000	2582.29800000
3094916387.95986605	2579.63800000	2580.61800000	2571.69000000	2572.56200000	2581.69000000	2586.16000000	2592.23600000	2588.33400000	2550.47400000	2551.46000000	2575.14560000	2575.82680000
3096588628.76254177	2595.98800000	2598.65000000	2587.69600000	2585.04200000	2573.12200000	2576.18400000	2582.55000000	2580.15000000	2573.63400000	2571.91600000	2582.59800000	2582.38840000
3098260869.56521749	2584.93600000	2585.29800000	2589.99000000	2586.56400000	2574.34200000	2576.56200000	2572.44600000	2575.80400000	2570.15200000	2569.84000000	2578.37320000	2578.81360000
3099933110.36789322	2576.90600000	2583.41600000	2588.31000000	2587.05400000	2573.69800000	2566.42400000	2586.98000000	2586.05800000	2579.00200000	2573.47600000	2580.97920000	2579.28560000
3101605351.17056847	2581.07200000	2583.13200000	2576.95400000	2578.40400000	2581.16600000	2579.33600000	2597.54800000	2598.17000000	2553.85000000	2555.78200000	2578.11800000	2578.96480000
3103277591.97324419	2605.53600000	2605.22000000	2584.90400000	2585.13200000	2581.39600000	2574.01600000	2569.10600000	2574.10200000	2569.45400000	2566.53000000	2582.07920000	2581.00000000
3104949832.77591991	2583.06600000	2579.68800000	2575.47400000	2572.45000000	2585.33200000	2581.56400000	2589.69800000	2590.35400000	2552.22200000	2549.18600000	2577.15840000	2574.64840000
3106622073.57859516	2606.02200000	2603.14600000	2598.01200000	2603.83600000	2578.52000000	2579.67400000	2590.87400000	2589.43400000	2571.30000000	2573.03600000	2588.94560000	2589.82520000
3108294314.38127089	2580.78600000	2582.13400000	2571.60200000	2575.97600000	2577.77000000	2581.32400000	2595.73000000	2591.79400000	2554.84600000	2555.92800000	2576.14680000	2577.43120000
3109966555.18394661	2565.83600000	2565.75000000	2584.21800000	2583.96800000	2567.38600000	2566.15000000	2599.16600000	2595.95400000	2565.57000000	2560.44800000	2576.43520000	2574.45400000
3111638795.98662186	2579.65400000	2578.00600000	2579.06600000	2573.87000000	2582.22600000	2582.10800000	2595.94400000	2594.42200000	2562.50400000	2561.28600000	2579.87880000	2577.93840000
3113311036.78929758	2577.75000000	2568.91000000	2596.45800000	2593.89200000	2568.99000000	2564.37600000	2599.95200000	2596.23800000	2571.55600000	2572.87400000	2582.94120000	2579.25800000
3114983277.59197330	2583.93200000	2587.27200000	2580.44600000	2584.95400000	2565.52000000	2568.56200000	2581.14200000	2574.75600000	2581.24800000	2577.59200000	2578.45760000	2578.62720000
3116655518.39464903	2599.61200000	2603.47600000	2591.24400000	2586.21000000	2581.90600000	2583.10000000	2588.94800000	2584.91800000	2572.14000000	2572.11800000	2586.77000000	2585.96440000
3118327759.19732428	2577.62400000	2576.74800000	2577.30000000	2578.40600000	2584.78800000	2581.74000000	2600.67400000	2598.61800000	2554.61200000	2554.50800000	2578.99960000	2578.00400000
3120000000.00000000	2596.76000000	2598.09000000	2590.86200000	2587.78400000	2571.38800000	2569.62000000	2583.67600000	2580.61800000	2568.48600000	2567.53600000	2582.23440000	2580.72960000
