freq	PL_sig1	PL_ref1	PL_sig2	PL_ref2	PL_sig3	PL_ref3	PL_sig4	PL_ref4	PL_sig5	PL_ref5	avgPL_sig	avgPL_ref
2620000000.00000000	4939.81000000	4932.37000000	4908.77000000	4900.71400000	4889.53200000	4880.87800000	4840.22000000	4836.11000000	4850.33800000	4838.41000000	4885.73400000	4877.69640000
2621672240.80267572	4917.00000000	4909.92200000	4862.29600000	4857.57800000	4880.15200000	4866.99000000	4894.62000000	4886.69400000	4885.25400000	4880.81400000	4887.86440000	4880.39960000
2623344481.60535097	4903.42800000	4895.75600000	4900.91600000	4900.83000000	4862.25400000	4862.04400000	4842.97800000	4835.71800000	4851.57200000	4845.01400000	4872.22960000	4867.87240000
2625016722.40802670	4929.48600000	4929.86200000	4945.73200000	4940.56800000	4859.10000000	4856.26600000	4858.28000000	4849.36600000	4855.87200000	4849.89200000	4889.69400000	4885.19080000
2626688963.21070242	4893.57400000	4894.79200000	4896.33800000	4887.76600000	4872.33800000	4868.09400000	4834.85000000	4825.98200000	4858.39400000	4847.42800000	4871.09880000	4864.81240000
2628361204.01337814	4935.51200000	4929.24200000	4894.74800000	4886.84400000	4895.16000000	4891.70200000	4865.52600000	4854.29000000	4893.27400000	4884.26600000	4896.84400000	4889.26880000
2630033444.81605339	4900.66200000	4888.39400000	4900.82400000	4891.98800000	4896.18800000	4887.38600000	4843.28800000	4839.95600000	4836.63200000	4832.80200000	4875.51880000	4868.10520000
2631705685.61872911	4938.00000000	4930.80000000	4893.81400000	4887.14200000	4891.79000000	4887.25000000	4900.17200000	4891.52200000	4863.51000000	4853.31400000	4897.45720000	4890.00560000
2633377926.42140484	4927.14000000	4926.90800000	4882.66400000	4881.47800000	4885.59200000	4885.16400000	4898.58600000	4893.69000000	4876.85400000	4869.66400000	4894.16720000	4891.38080000
2635050167.22408009	4905.40400000	4902.56200000	4890.18600000	4882.70600000	4884.21400000	4883.90800000	4844.28600000	4844.13800000	4895.82600000	4885.10600000	4883.98320000	4879.68400000
2636722408.02675581	4944.08800000	4937.78200000	4897.10600000	4892.44000000	4874.43000000	4871.13200000	4859.53600000	4850.32200000	4882.37600000	4875.66200000	4891.50720000	4885.46760000
2638394648.82943153	4925.45800000	4917.51400000	4886.25600000	4880.66800000	4874.94600000	4871.33800000	4869.96800000	4873.04200000	4881.54800000	4869.20200000	4887.63520000	4882.35280000
2640066889.63210726	4950.64800000	4945.89000000	4898.07400000	4887.42200000	4891.32600000	4881.45600000	4884.80400000	4879.66600000	4853.63200000	4842.13600000	4895.69680000	4887.31400000
2641739130.43478251	4926.10800000	4919.84200000	4911.29200000	4902.77600000	4917.51200000	4908.96200000	4831.73800000	4824.12000000	4839.78200000	4828.34600000	4885.28640000	4876.80920000
2643411371.23745823	4930.22400000	4930.28800000	4900.04600000	4898.05800000	4881.53000000	4881.66800000	4867.90200000	4864.45800000	4849.19200000	4841.05000000	4885.77880000	4883.10440000
2645083612.04013395	4915.62000000	4909.60200000	4871.92000000	4864.35000000	4876.12400000	4866.99600000	4889.76000000	4888.70200000	4886.81200000	4882.56000000	4888.04720000	4882.44200000
2646755852.84280920	4903.33400000	4898.76600000	4905.33800000	4897.85400000	4901.64400000	4896.92200000	4837.62200000	4834.17200000	4846.81400000	4843.51800000	4878.95040000	4874.24640000
2648428093.64548492	4906.37000000	4905.77400000	4868.57000000	4869.90400000	4890.51800000	4886.60200000	4871.53000000	4870.60600000	4874.91800000	4874.56400000	4882.38120000	4881.49000000
2650100334.44816065	4937.90800000	4931.15200000	4894.75200000	4884.34000000	4882.24600000	4874.95400000	4865.39800000	4857.10800000	4885.65000000	4876.78200000	4893.19080000	4884.86720000
2651772575.25083590	4922.49600000	4915.93600000	4899.97400000	4894.47600000	4890.48800000	4889.26400000	4844.22600000	4839.02600000	4842.24800000	4840.06400000	4879.88640000	4875.75320000
2653444816.05351162	4925.11400000	4918.63600000	4897.26200000	4889.82600000	4874.88000000	4867.05400000	4871.00800000	4866.68200000	4882.19800000	4871.32400000	4890.09240000	4882.70440000
2655117056.85618734	4907.80200000	4907.55000000	4907.62400000	4901.19400000	4916.18600000	4910.42800000	4841.08400000	4835.34600000	4833.37400000	4830.73800000	4881.21400000	4877.05120000
2656789297.65886307	4939.27600000	4935.09600000	4907.24400000	4898.12200000	4893.36600000	4886.67600000	4818.56200000	4819.50600000	4839.08200000	4832.54200000	4879.50600000	4874.38840000
2658461538.46153831	4950.33600000	4937.73800000	4892.45000000	4890.63000000	4887.60600000	4878.76000000	4891.71800000	4885.03000000	4877.93600000	4870.36800000	4900.00920000	4892.50520000
2660133779.26421404	4924.52400000	4915.94600000	4918.34200000	4911.32000000	4888.20400000	4882.87800000	4849.37400000	4846.43200000	4843.88800000	4841.53800000	4884.86640000	4879.62280000
2661806020.06688976	4915.58000000	4906.56600000	4909.86200000	4905.68800000	4889.94600000	4884.60400000	4847.09600000	4839.27000000	4848.96600000	4840.47600000	4882.29000000	4875.32080000
2663478260.86956501	4917.95400000	4915.20200000	4943.06000000	4934.57600000	4850.87600000	4836.49600000	4847.66000000	4842.04800000	4840.91800000	4835.97600000	4880.09360000	4872.85960000
2665150501.67224073	4884.87200000	4880.56400000	4876.86200000	4869.51000000	4870.10600000	4861.77600000	4838.84400000	4836.34600000	4850.90400000	4846.61000000	4864.31760000	4858.96120000
2666822742.47491646	4913.04800000	4907.05400000	4900.42000000	4891.63800000	4891.90400000	4881.03000000	4871.10000000	4860.49000000	4876.34800000	4869.17400000	4890.56400000	4881.87720000
2668494983.27759218	4926.19600000	4927.84600000	4881.79600000	4876.55800000	4885.84600000	4879.90600000	4861.72200000	4859.56200000	4896.52200000	4887.39000000	4890.41640000	4886.25240000
2670167224.08026743	4917.42800000	4912.63000000	4865.08000000	4855.96600000	4879.28400000	4872.03800000	4884.83400000	4871.66400000	4880.43000000	4878.88800000	4885.41120000	4878.23720000
2671839464.88294315	4907.08200000	4903.51000000	4856.36200000	4851.98600000	4884.25200000	4886.02800000	4855.20200000	4848.43600000	4879.46200000	4874.94800000	4876.47200000	4872.98160000
2673511705.68561888	4913.26800000	4909.70400000	4880.31200000	4879.98600000	4866.43800000	4863.29600000	4848.57400000	4854.10000000	4861.44800000	4855.86200000	4874.00800000	4872.58960000
2675183946.48829412	4908.70200000	4899.44800000	4947.48400000	4938.05800000	4889.44600000	4882.87000000	4842.11800000	4836.56000000	4842.50000000	4833.31800000	4886.05000000	4878.05080000
2676856187.29096985	4936.21600000	4933.84800000	4896.00800000	4888.13400000	4883.99000000	4881.52000000	4882.77800000	4877.88200000	4880.35000000	4872.46000000	4895.86840000	4890.76880000
2678528428.09364557	4903.56600000	4901.11000000	4927.80400000	4924.12400000	4891.92800000	4883.19000000	4850.36600000	4848.33000000	4846.98600000	4838.56000000	4884.13000000	4879.06280000
2680200668.89632130	4893.63800000	4883.55800000	4898.55400000	4899.20200000	4882.57800000	4879.92200000	4848.74400000	4840.88400000	4824.22800000	4819.16200000	4869.54840000	4864.54560000
2681872909.69899654	4891.17400000	4892.58800000	4882.83800000	4883.47800000	4871.03000000	4867.41200000	4837.20000000	4836.49200000	4851.26200000	4848.35400000	4866.70080000	4865.66480000
2683545150.50167227	4892.87200000	4893.11000000	4865.89000000	4861.43800000	4880.10800000	4876.59800000	4845.25400000	4847.95600000	4887.00200000	4882.62200000	4874.22520000	4872.34480000
2685217391.30434799	4942.37600000	4934.30600000	4906.02200000	4903.63000000	4892.78200000	4889.06800000	4829.14800000	4826.87600000	4838.83800000	4839.80000000	4881.83320000	4878.73600000
2686889632.10702324	4941.63000000	4933.46400000	4887.26400000	4885.22400000	4893.54800000	4892.55200000	4873.33400000	4866.65600000	4894.09200000	4885.56000000	4897.97360000	4892.69120000
2688561872.90969896	4918.03600000	4916.64000000	4890.89600000	4893.25200000	4878.04200000	4872.22600000	4867.19800000	4869.67200000	4877.39400000	4872.32400000	4886.31320000	4884.82280000
2690234113.71237469	4943.53000000	4936.33400000	4904.47000000	4906.88400000	4887.81000000	4883.29200000	4823.36000000	4817.24400000	4839.40000000	4841.04400000	4879.71400000	4876.95960000
2691906354.51504993	4932.70200000	4930.44400000	4882.83000000	4891.12600000	4882.27400000	4881.58400000	4866.50400000	4857.27600000	4876.30400000	4880.57400000	4888.12280000	4888.20080000
2693578595.31772566	4903.93400000	4908.58200000	4873.34800000	4863.31200000	4884.60600000	4889.10200000	4857.00800000	4857.96800000	4871.63200000	4862.81400000	4878.10560000	4876.35560000
2695250836.12040138	4905.90600000	4906.02800000	4862.18200000	4857.13400000	4873.18400000	4874.75400000	4876.23400000	4873.86000000	4879.10000000	4874.53600000	4879.32120000	4877.26240000
2696923076.92307711	4893.13800000	4895.17600000	4906.19000000	4896.36000000	4892.37800000	4885.76000000	4845.74000000	4843.21000000	4827.83200000	4822.83000000	4873.05560000	4868.66720000
2698595317.72575235	4931.32800000	4930.11800000	4892.03400000	4888.31200000	4867.87200000	4868.48600000	4868.54200000	4868.22400000	4868.44600000	4873.05200000	4885.64440000	4885.63840000
2700267558.52842808	4941.55000000	4941.69400000	4901.89600000	4899.26000000	4889.39000000	4887.70800000	4822.01800000	4823.42200000	4832.58600000	4832.00800000	4877.48800000	4876.81840000
2701939799.33110380	4937.11000000	4932.85000000	4897.21400000	4890.48600000	4888.27400000	4884.50400000	4885.50400000	4888.81600000	4871.37600000	4862.81400000	4895.89560000	4891.89400000
2703612040.13377905	4929.45200000	4929.72200000	4887.61600000	4889.81600000	4881.25000000	4884.51200000	4835.66400000	4841.16200000	4838.24200000	4838.28600000	4874.44480000	4876.69960000
2705284280.93645477	4926.69800000	4930.63800000	4897.84400000	4896.17200000	4883.48400000	4882.51000000	4822.99800000	4835.18600000	4838.53800000	4841.69600000	4873.91240000	4877.24040000
2706956521.73913050	4888.16800000	4888.87400000	4882.10800000	4886.66200000	4911.46000000	4910.95800000	4832.55400000	4836.93200000	4857.08800000	4856.42000000	4874.27560000	4875.96920000
2708628762.54180622	4925.95000000	4928.92600000	4896.20800000	4893.48400000	4883.57600000	4882.38600000	4826.93000000	4829.66000000	4838.19000000	4847.02400000	4874.17080000	4876.29600000
2710301003.34448147	4877.42800000	4888.73200000	4876.04400000	4885.34800000	4867.82200000	4880.05600000	4841.26600000	4836.49600000	4860.73200000	4857.08400000	4864.65840000	4869.54320000
2711973244.14715719	4909.90200000	4902.26000000	4941.04000000	4934.99800000	4870.46400000	4879.95600000	4839.41600000	4845.29600000	4832.73400000	4831.00200000	4878.71120000	4878.70240000
2713645484.94983292	4925.10000000	4928.01800000	4875.31400000	4879.56800000	4869.34600000	4875.61000000	4850.95200000	4861.88000000	4887.49000000	4887.49800000	4881.64040000	4886.51480000
2715317725.75250816	4923.94400000	4926.57600000	4864.32200000	4872.17000000	4859.62800000	4866.26800000	4849.98200000	4860.48400000	4856.83200000	4865.45800000	4870.94160000	4878.19120000
2716989966.55518389	4908.57800000	4914.48000000	4901.30400000	4907.20200000	4878.71600000	4883.57600000	4842.65000000	4848.36000000	4837.59600000	4839.35000000	4873.76880000	4878.59360000
2718662207.35785961	4897.59000000	4907.77000000	4930.34400000	4939.87400000	4876.31800000	4881.78800000	4835.29400000	4845.74200000	4827.62000000	4834.61400000	4873.43320000	4881.95760000
2720334448.16053534	4914.28600000	4917.07000000	4885.14000000	4893.92400000	4873.74400000	4877.18400000	4854.31000000	4861.44200000	4884.34000000	4888.85600000	4882.36400000	4887.69520000
2722006688.96321058	4896.23200000	4903.68600000	4919.86000000	4925.61600000	4877.11600000	4881.11000000	4847.77200000	4851.93200000	4829.99000000	4828.82000000	4874.19400000	4878.23280000
2723678929.76588631	4907.69800000	4917.28800000	4865.38600000	4872.19400000	4887.27200000	4886.58200000	4878.84600000	4886.07800000	4877.35200000	4879.05400000	4883.31080000	4888.23920000
2725351170.56856203	4871.58400000	4884.54400000	4867.52200000	4870.12000000	4862.58600000	4872.06400000	4826.69400000	4838.58800000	4828.16600000	4839.30000000	4851.31040000	4860.92320000
2727023411.37123728	4926.92800000	4930.69600000	4882.55600000	4884.81200000	4872.52600000	4881.46200000	4875.14800000	4881.55000000	4869.84000000	4879.56800000	4885.39960000	4891.61760000
2728695652.17391300	4929.28600000	4935.95600000	4886.26000000	4892.94800000	4892.45400000	4907.16600000	4859.03400000	4861.12400000	4885.25800000	4894.06400000	4890.45840000	4898.25160000
2730367892.97658873	4905.12200000	4913.26000000	4929.34000000	4933.87600000	4834.08200000	4847.37600000	4838.61200000	4855.13200000	4827.04800000	4839.71200000	4866.84080000	4877.87120000
2732040133.77926445	4902.64800000	4915.17600000	4891.37000000	4899.80400000	4887.52000000	4893.34400000	4820.12400000	4827.24800000	4835.46400000	4844.86800000	4867.42520000	4876.08800000
2733712374.58193970	4888.45600000	4896.07200000	4881.14800000	4889.36400000	4865.61200000	4875.75600000	4849.61000000	4857.07600000	4808.30800000	4816.72200000	4858.62680000	4866.99800000
2735384615.38461542	4890.66600000	4899.64400000	4891.57200000	4899.95800000	4896.95600000	4914.86400000	4834.34600000	4849.13200000	4808.71600000	4822.91200000	4864.45120000	4877.30200000
2737056856.18729115	4882.64000000	4897.96600000	4874.62800000	4891.32400000	4910.15600000	4914.96600000	4811.92200000	4825.07000000	4829.62400000	4842.81000000	4861.79400000	4874.42720000
2738729096.98996639	4905.52800000	4912.40200000	4868.51800000	4882.48200000	4867.92000000	4874.09200000	4846.82800000	4854.17800000	4851.10600000	4857.99600000	4867.98000000	4876.23000000
2740401337.79264212	4910.81000000	4915.54200000	4905.36800000	4911.30000000	4882.57400000	4900.60600000	4825.78400000	4837.54200000	4828.64000000	4838.35200000	4870.63520000	4880.66840000
2742073578.59531784	4909.12800000	4918.82800000	4904.93800000	4906.67600000	4882.09000000	4890.24200000	4818.69000000	4829.09800000	4845.94800000	4855.04000000	4872.15880000	4879.97680000
2743745819.39799309	4911.68000000	4923.89000000	4897.91800000	4910.50200000	4896.48000000	4911.24200000	4822.28000000	4827.11600000	4826.71800000	4836.54600000	4871.01520000	4881.85920000
2745418060.20066881	4882.95200000	4889.21400000	4901.96000000	4907.47400000	4866.09600000	4874.93800000	4843.06400000	4848.76000000	4828.36600000	4843.94400000	4864.48760000	4872.86600000
2747090301.00334454	4884.85400000	4892.18000000	4880.24600000	4887.68400000	4863.13800000	4875.58000000	4836.37600000	4850.14000000	4810.77000000	4820.21000000	4855.07680000	4865.15880000
2748762541.80602026	4908.67600000	4920.06400000	4936.02800000	4944.37000000	4853.91000000	4867.66800000	4825.26800000	4837.05200000	4831.76800000	4843.46400000	4871.13000000	4882.52360000
2750434782.60869551	4876.53400000	4889.23000000	4867.79200000	4885.80400000	4857.54600000	4869.52200000	4825.03200000	4834.45000000	4829.39800000	4839.52600000	4851.26040000	4863.70640000
2752107023.41137123	4914.59000000	4925.30800000	4879.72600000	4887.08600000	4863.84600000	4870.93200000	4852.70800000	4859.75200000	4864.47600000	4874.42400000	4875.06920000	4883.50040000
2753779264.21404696	4921.26800000	4930.84600000	4883.96600000	4893.27600000	4879.62400000	4885.91600000	4871.92600000	4885.66000000	4855.99600000	4865.95400000	4882.55600000	4892.33040000
2755451505.01672220	4906.85400000	4924.24400000	4879.84800000	4893.05800000	4869.96000000	4875.11800000	4818.90200000	4837.67400000	4834.64200000	4851.12400000	4862.04120000	4876.24360000
2757123745.81939793	4920.58200000	4928.53400000	4884.76000000	4893.49000000	4879.22000000	4888.76800000	4833.97400000	4846.17600000	4831.06200000	4848.20400000	4869.91960000	4881.03440000
2758795986.62207365	4903.26800000	4912.64400000	4923.48600000	4933.97600000	4840.31000000	4853.87000000	4828.96600000	4841.56800000	4828.93000000	4834.84000000	4864.99200000	4875.37960000
2760468227.42474937	4920.00600000	4932.66600000	4893.61400000	4909.23400000	4887.49600000	4900.48400000	4811.28800000	4827.53200000	4814.49600000	4824.20800000	4865.38000000	4878.82480000
2762140468.22742462	4919.87200000	4931.75400000	4890.06000000	4903.72200000	4868.72200000	4880.70600000	4825.66400000	4838.93200000	4824.66400000	4834.60400000	4865.79640000	4877.94360000
2763812709.03010035	4872.97800000	4889.85200000	4886.72000000	4899.33000000	4879.66800000	4890.26800000	4833.80600000	4851.39000000	4806.58600000	4813.12400000	4855.95160000	4868.79280000
2765484949.83277607	4913.27600000	4922.26200000	4879.37000000	4892.25600000	4866.96800000	4876.04600000	4849.28400000	4859.53000000	4860.46200000	4872.27600000	4873.87200000	4884.47400000
2767157190.63545132	4916.04000000	4926.61200000	4879.39400000	4891.97200000	4880.37000000	4885.92800000	4849.41800000	4861.92400000	4865.66200000	4878.83600000	4878.17680000	4889.05440000
2768829431.43812704	4883.30200000	4896.31600000	4865.25600000	4882.72400000	4867.25600000	4879.54200000	4826.86600000	4834.42400000	4869.84600000	4880.29600000	4862.50520000	4874.66040000
2770501672.24080276	4917.36600000	4926.26400000	4885.70000000	4894.14000000	4875.13400000	4887.08400000	4809.76400000	4822.55200000	4824.60000000	4842.11400000	4862.51280000	4874.43080000
2772173913.04347801	4899.54800000	4907.18800000	4887.91800000	4897.77400000	4898.71600000	4906.58800000	4821.55200000	4832.50000000	4815.76000000	4826.78400000	4864.69880000	4874.16680000
2773846153.84615374	4895.71200000	4909.61600000	4859.62000000	4873.95000000	4861.11000000	4869.70200000	4878.52800000	4893.15200000	4863.13400000	4877.17000000	4871.62080000	4884.71800000
2775518394.64882946	4915.04400000	4927.26400000	4878.45200000	4892.54600000	4866.99000000	4882.70800000	4827.41400000	4839.18400000	4836.49600000	4851.85400000	4864.87920000	4878.71120000
2777190635.45150518	4916.58600000	4934.77200000	4876.46000000	4887.14000000	4866.87600000	4875.18000000	4875.05000000	4883.95400000	4869.98800000	4883.12200000	4880.99200000	4892.83360000
2778862876.25418043	4909.56200000	4920.52800000	4930.98200000	4949.49200000	4850.95000000	4860.41800000	4829.91200000	4840.76000000	4833.33200000	4842.01800000	4870.94760000	4882.64320000
2780535117.05685616	4891.81600000	4904.72600000	4882.46200000	4900.17600000	4884.10400000	4899.38200000	4813.81400000	4824.89600000	4830.56800000	4843.14200000	4860.55280000	4874.46440000
2782207357.85953188	4909.08800000	4931.57000000	4863.07200000	4885.42200000	4871.45400000	4882.12200000	4861.28200000	4871.09600000	4875.64600000	4893.98400000	4876.10840000	4892.83880000
2783879598.66220760	4916.78800000	4934.41800000	4872.03600000	4889.67200000	4867.76400000	4882.87200000	4868.87800000	4876.70200000	4838.89000000	4856.59400000	4872.87120000	4888.05160000
2785551839.46488285	4913.69400000	4932.83200000	4878.18600000	4893.45400000	4875.35800000	4891.24200000	4846.81600000	4866.80600000	4861.28800000	4879.41600000	4875.06840000	4892.75000000
2787224080.26755857	4879.47000000	4898.95200000	4869.27400000	4885.76600000	4851.14400000	4872.00000000	4822.92000000	4838.49400000	4837.73800000	4855.31600000	4852.10920000	4870.10560000
2788896321.07023430	4907.48200000	4922.29400000	4887.07800000	4904.17000000	4877.30600000	4891.55400000	4837.30000000	4859.17200000	4823.00400000	4845.85800000	4866.43400000	4884.60960000
2790568561.87290955	4884.48000000	4905.45400000	4844.30600000	4867.51400000	4863.56000000	4877.71400000	4850.17800000	4868.64400000	4863.49800000	4885.82000000	4861.20440000	4881.02920000
2792240802.67558527	4881.05400000	4910.99600000	4890.68000000	4915.97200000	4864.86800000	4887.98200000	4805.65200000	4838.81200000	4809.03400000	4835.98000000	4850.25760000	4877.94840000
2793913043.47826099	4866.16000000	4892.39200000	4853.67800000	4888.08400000	4844.75400000	4868.45000000	4810.43800000	4835.82800000	4819.68200000	4843.84000000	4838.94240000	4865.71880000
2795585284.28093624	4894.59000000	4915.24600000	4885.41000000	4909.63600000	4864.74200000	4887.36600000	4806.19800000	4828.04600000	4823.92800000	4849.71200000	4854.97360000	4878.00120000
2797257525.08361197	4857.72400000	4880.76200000	4851.80600000	4878.82800000	4838.83400000	4863.53000000	4800.63600000	4832.27200000	4810.86200000	4839.90200000	4831.97240000	4859.05880000
2798929765.88628769	4905.90200000	4932.45600000	4862.33200000	4886.79800000	4856.61400000	4885.58800000	4860.52200000	4892.97000000	4839.71000000	4864.09600000	4865.01600000	4892.38160000
2800602006.68896341	4903.49200000	4940.45000000	4866.41800000	4895.53400000	4852.83400000	4884.30000000	4853.31800000	4888.32400000	4852.92600000	4885.33400000	4865.79760000	4898.78840000
2802274247.49163866	4880.36800000	4908.93800000	4859.75600000	4895.56600000	4854.48800000	4882.08400000	4829.38600000	4857.95400000	4848.82600000	4883.72400000	4854.56480000	4885.65320000
2803946488.29431438	4858.74800000	4894.69600000	4894.06000000	4928.50000000	4858.22600000	4890.98400000	4812.91400000	4852.05200000	4803.24000000	4832.80400000	4845.43760000	4879.80720000
2805618729.09699011	4906.18000000	4945.24400000	4869.49200000	4909.11200000	4833.90600000	4872.62200000	4810.50200000	4845.23600000	4820.50800000	4850.36800000	4848.11760000	4884.51640000
2807290969.89966536	4863.75000000	4903.86600000	4836.61800000	4879.07600000	4858.66800000	4895.99600000	4817.59200000	4853.10200000	4852.59400000	4884.60800000	4845.84440000	4883.32960000
2808963210.70234108	4888.07000000	4933.46400000	4839.83000000	4884.45400000	4828.47800000	4869.49000000	4815.39200000	4854.58400000	4834.15800000	4875.56800000	4841.18560000	4883.51200000
2810635451.50501680	4847.57800000	4891.08800000	4859.10200000	4903.94400000	4853.80200000	4897.54800000	4803.71200000	4849.51800000	4781.18400000	4817.33400000	4829.07560000	4871.88640000
2812307692.30769253	4888.54800000	4929.59400000	4836.98200000	4880.93600000	4838.12400000	4883.39800000	4847.61400000	4892.53600000	4837.19800000	4879.13000000	4849.69320000	4893.11880000
2813979933.11036777	4871.58000000	4912.03000000	4890.88200000	4941.36400000	4801.10000000	4847.66200000	4793.12000000	4845.71000000	4795.31000000	4842.51600000	4830.39840000	4877.85640000
2815652173.91304350	4877.76600000	4922.82200000	4846.80600000	4894.41000000	4836.17000000	4893.83200000	4803.47600000	4857.69400000	4821.83200000	4874.51200000	4837.21000000	4888.65400000
2817324414.71571922	4867.02800000	4923.41800000	4828.70000000	4875.78800000	4814.74800000	4870.66200000	4804.93800000	4858.59800000	4803.68800000	4853.40800000	4823.82040000	4876.37480000
2818996655.51839447	4873.01000000	4930.96400000	4839.12800000	4892.40600000	4827.31200000	4889.68600000	4765.09200000	4824.88200000	4787.64600000	4846.22800000	4818.43760000	4876.83320000
2820668896.32107019	4870.05800000	4933.96600000	4829.21800000	4891.39200000	4827.32200000	4889.37000000	4817.79800000	4879.26200000	4824.34800000	4883.03600000	4833.74880000	4895.40520000
2822341137.12374592	4857.85800000	4919.51200000	4846.02000000	4911.90200000	4850.74600000	4915.85000000	4770.38600000	4837.51800000	4768.29200000	4841.09400000	4818.66040000	4885.17520000
2824013377.92642117	4855.89000000	4922.62400000	4865.19200000	4935.01000000	4776.53400000	4847.98800000	4787.21600000	4854.55800000	4776.88000000	4846.06600000	4812.34240000	4881.24920000
2825685618.72909689	4857.98400000	4924.27200000	4837.12600000	4910.88200000	4821.93000000	4892.20400000	4788.65600000	4857.97600000	4771.21600000	4846.16000000	4815.38240000	4886.29880000
2827357859.53177261	4839.89400000	4916.05800000	4868.27000000	4946.23800000	4790.55000000	4867.19200000	4763.15000000	4837.72800000	4761.14200000	4838.07400000	4804.60120000	4881.05800000
2829030100.33444834	4835.82600000	4916.89600000	4786.73600000	4871.33000000	4807.16800000	4896.44000000	4816.22600000	4896.71200000	4788.83400000	4872.63600000	4806.95800000	4890.80280000
2830702341.13712358	4837.89600000	4921.93000000	4776.94600000	4870.57400000	4772.13400000	4855.07000000	4771.66800000	4853.56200000	4775.18000000	4865.10400000	4786.76480000	4873.24800000
2832374581.93979931	4831.56200000	4929.37800000	4841.81600000	4939.19600000	4751.95000000	4844.00200000	4756.56200000	4855.29600000	4746.70600000	4846.91000000	4785.71920000	4882.95640000
2834046822.74247503	4823.86600000	4927.38200000	4779.17200000	4876.95000000	4761.85600000	4867.81200000	4759.29200000	4861.24200000	4766.04000000	4868.55000000	4778.04520000	4880.38720000
2835719063.54515028	4827.95400000	4929.79600000	4784.41600000	4896.10400000	4776.15400000	4878.38000000	4745.12800000	4859.37400000	4731.91600000	4837.56000000	4773.11360000	4880.24280000
2837391304.34782600	4812.25200000	4923.58600000	4789.22000000	4902.30800000	4785.75000000	4904.77200000	4705.50800000	4825.12400000	4703.51400000	4829.12600000	4759.24880000	4876.98320000
2839063545.15050173	4785.50600000	4903.39800000	4775.06400000	4896.13800000	4740.55400000	4861.60800000	4715.08200000	4833.16200000	4717.73200000	4843.72800000	4746.78760000	4867.60680000
2840735785.95317745	4795.27400000	4932.49800000	4771.58600000	4908.69600000	4756.99400000	4895.66000000	4729.35000000	4868.77400000	4714.50400000	4849.78600000	4753.54160000	4891.08280000
2842408026.75585270	4767.11000000	4907.16800000	4735.63600000	4870.06200000	4756.36800000	4902.61400000	4716.99400000	4858.96600000	4747.59600000	4892.82600000	4744.74080000	4886.32720000
2844080267.55852842	4754.09600000	4905.86600000	4768.45600000	4915.42200000	4726.51600000	4872.73600000	4690.42800000	4839.98400000	4702.80400000	4849.73800000	4728.46000000	4876.74920000
2845752508.36120415	4775.65600000	4930.41000000	4740.90800000	4898.93600000	4724.07400000	4887.23200000	4710.24200000	4863.93400000	4687.84600000	4849.95400000	4727.74520000	4886.09320000
2847424749.16387939	4728.93600000	4899.98400000	4748.68400000	4930.02600000	4722.36600000	4893.33600000	4660.04000000	4830.55200000	4667.70800000	4833.24200000	4705.54680000	4877.42800000
2849096989.96655512	4728.31200000	4899.71400000	4754.34600000	4931.83200000	4673.43600000	4847.96400000	4666.33400000	4841.26200000	4671.97400000	4850.16800000	4698.88040000	4874.18800000
2850769230.76923084	4721.60000000	4908.74600000	4726.64600000	4915.20200000	4703.31000000	4890.40200000	4626.17400000	4822.84800000	4663.24000000	4852.20800000	4688.19400000	4877.88120000
2852441471.57190657	4743.44800000	4932.96800000	4722.95800000	4916.10600000	4684.58400000	4882.32000000	4645.35400000	4847.27200000	4657.24600000	4856.69200000	4690.71800000	4887.07160000
2854113712.37458181	4696.60600000	4896.67400000	4693.03400000	4890.48000000	4665.33600000	4870.88600000	4654.59600000	4854.95800000	4615.57800000	4820.28400000	4665.03000000	4866.65640000
2855785953.17725754	4730.02000000	4942.65200000	4701.26800000	4905.05800000	4685.48400000	4894.15600000	4658.30000000	4874.42000000	4641.72800000	4848.81200000	4683.36000000	4893.01960000
2857458193.97993326	4697.13000000	4907.48400000	4668.52000000	4876.46600000	4679.05600000	4891.61400000	4633.43200000	4849.84000000	4670.87000000	4884.94600000	4669.80160000	4882.07000000
2859130434.78260851	4716.09600000	4930.38200000	4714.57200000	4929.66800000	4649.88000000	4860.67200000	4635.57400000	4851.34200000	4634.25800000	4848.68800000	4670.07600000	4884.15040000
2860802675.58528423	4697.25200000	4906.67200000	4700.21400000	4914.81000000	4681.60200000	4896.72400000	4609.85400000	4823.27400000	4625.63600000	4841.71800000	4662.91160000	4876.63960000
2862474916.38795996	4722.93600000	4928.84600000	4680.25200000	4888.50000000	4678.05800000	4888.35000000	4681.63400000	4893.03000000	4670.04200000	4883.95600000	4686.58440000	4896.53640000
2864147157.19063568	4740.21400000	4938.14800000	4727.19600000	4927.96000000	4635.95400000	4841.85400000	4649.79200000	4861.74600000	4642.65000000	4849.12800000	4679.16120000	4883.76720000
2865819397.99331093	4696.27600000	4894.20200000	4708.34600000	4905.85200000	4692.83200000	4896.49200000	4646.62400000	4849.43800000	4619.59000000	4821.57000000	4672.73360000	4873.51080000
2867491638.79598665	4750.24800000	4940.36200000	4694.47000000	4891.71400000	4686.03800000	4879.16800000	4687.86800000	4885.34600000	4687.83400000	4883.85600000	4701.29160000	4896.08920000
2869163879.59866238	4738.49400000	4929.77200000	4695.48800000	4886.71600000	4689.78200000	4887.90200000	4681.65400000	4873.19200000	4680.36400000	4881.44200000	4697.15640000	4891.80480000
2870836120.40133762	4733.72400000	4919.95000000	4694.28800000	4880.15800000	4695.41800000	4884.99800000	4670.92200000	4867.17000000	4684.77800000	4877.61400000	4695.82600000	4885.97800000
2872508361.20401335	4707.19400000	4903.34600000	4695.82400000	4894.46200000	4718.27800000	4922.59600000	4628.36000000	4826.07200000	4642.23600000	4841.99400000	4678.37840000	4877.69400000
2874180602.00668907	4737.55000000	4934.33800000	4702.28800000	4909.18400000	4692.36200000	4895.10400000	4627.21800000	4827.44400000	4638.63400000	4837.53200000	4679.61040000	4880.72040000
2875852842.80936432	4734.97800000	4937.14400000	4744.64000000	4940.87200000	4650.32600000	4855.17600000	4642.98000000	4848.33200000	4643.30400000	4850.94000000	4683.24560000	4886.49280000
2877525083.61204004	4703.76800000	4908.24800000	4698.76200000	4908.84200000	4694.49200000	4905.50600000	4643.90400000	4852.84600000	4617.26600000	4828.68000000	4671.63840000	4880.82440000
2879197324.41471577	4736.04200000	4939.45400000	4683.38400000	4885.67400000	4680.12000000	4884.63000000	4667.31800000	4868.06800000	4682.79200000	4898.16400000	4689.93120000	4895.19800000
2880869565.21739149	4693.02200000	4900.62600000	4684.30200000	4891.26400000	4665.85400000	4872.61600000	4640.99800000	4841.77000000	4642.64800000	4846.44600000	4665.36480000	4870.54440000
2882541806.02006674	4695.97000000	4886.37000000	4693.69800000	4893.14200000	4679.49000000	4880.12400000	4643.00800000	4843.70200000	4662.70800000	4859.25400000	4674.97480000	4872.51840000
2884214046.82274246	4736.55000000	4927.76000000	4705.59400000	4898.70000000	4701.30200000	4895.33200000	4636.72600000	4826.17400000	4654.99200000	4850.67600000	4687.03280000	4879.72840000
2885886287.62541819	4719.47200000	4897.00800000	4698.35600000	4878.19200000	4696.12000000	4882.16600000	4662.86000000	4842.81200000	4690.21000000	4873.59400000	4693.40360000	4874.75440000
2887558528.42809343	4745.03600000	4908.68800000	4704.43400000	4870.26000000	4717.73000000	4885.10400000	4695.76800000	4868.41200000	4690.70600000	4866.27600000	4710.73480000	4879.74800000
2889230769.23076916	4748.03200000	4894.43400000	4723.97200000	4884.01400000	4710.72400000	4877.80000000	4668.43400000	4834.45000000	4691.56200000	4855.85200000	4708.54480000	4869.31000000
2890903010.03344488	4755.72200000	4899.48800000	4723.38000000	4868.19200000	4732.56800000	4888.24800000	4716.69400000	4866.19600000	4736.91600000	4889.16600000	4733.05600000	4882.25800000
2892575250.83612061	4764.79000000	4906.71200000	4755.17000000	4894.49200000	4777.34600000	4914.64600000	4701.09000000	4845.16600000	4719.45000000	4855.65800000	4743.56920000	4883.33480000
2894247491.63879585	4804.06600000	4921.30600000	4758.96600000	4883.38800000	4767.43600000	4893.19200000	4744.30600000	4872.30600000	4750.92800000	4872.12200000	4765.14040000	4888.46280000
2895919732.44147158	4821.40600000	4933.13000000	4793.16000000	4916.73600000	4779.82400000	4896.11400000	4753.74400000	4874.51000000	4726.39600000	4844.74400000	4774.90600000	4893.04680000
2897591973.24414730	4794.01200000	4898.08000000	4805.94600000	4909.87400000	4768.21400000	4879.91400000	4737.89000000	4848.03800000	4721.72000000	4824.76800000	4765.55640000	4872.13480000
2899264214.04682255	4842.18400000	4938.34800000	4806.98000000	4905.50400000	4800.47200000	4895.65400000	4722.16600000	4824.41400000	4732.18200000	4835.11200000	4780.79680000	4879.80640000
2900936454.84949827	4841.87000000	4926.01000000	4800.28000000	4888.91200000	4777.77400000	4870.39200000	4773.73400000	4865.56800000	4781.93800000	4873.90600000	4795.11920000	4884.95760000
2902608695.65217400	4848.83000000	4928.42000000	4829.23000000	4906.35600000	4814.63600000	4900.81200000	4781.01000000	4861.62800000	4769.88200000	4850.44400000	4808.71760000	4889.53200000
2904280936.45484924	4822.16000000	4893.46800000	4812.85400000	4890.67000000	4793.29400000	4869.41600000	4771.84000000	4844.52000000	4785.18800000	4859.23200000	4797.06720000	4871.46120000
2905953177.25752497	4833.23400000	4903.02200000	4820.64600000	4893.81800000	4848.82800000	4915.27200000	4759.08200000	4829.62000000	4768.33000000	4837.13600000	4806.02400000	4875.77360000
2907625418.06020069	4861.00600000	4918.70200000	4871.20400000	4935.39800000	4781.82800000	4839.97200000	4800.95400000	4858.39400000	4789.50000000	4841.11200000	4820.89840000	4878.71560000
2909297658.86287642	4864.93000000	4914.41000000	4856.19400000	4903.81200000	4829.10200000	4878.81000000	4792.84200000	4848.97200000	4781.30800000	4837.68200000	4824.87520000	4876.73720000
2910969899.66555166	4846.01000000	4897.82000000	4837.87400000	4886.56200000	4863.85600000	4910.75800000	4792.45400000	4840.14000000	4802.42400000	4857.29000000	4828.52360000	4878.51400000
2912642140.46822739	4877.90200000	4918.55400000	4828.51000000	4871.19600000	4842.70000000	4890.32600000	4852.09000000	4897.60200000	4829.99000000	4872.00000000	4846.23840000	4889.93560000
2914314381.27090311	4864.80000000	4905.22000000	4854.26400000	4893.15000000	4864.79800000	4904.22000000	4782.61200000	4826.30400000	4794.86800000	4843.32200000	4832.26840000	4874.44320000
2915986622.07357883	4882.62200000	4915.61200000	4838.17400000	4875.46000000	4846.82200000	4883.98000000	4856.76400000	4894.79800000	4839.76000000	4881.12000000	4852.82840000	4890.19400000
2917658862.87625408	4888.18400000	4919.43400000	4868.20000000	4900.36600000	4876.70200000	4915.00800000	4794.65600000	4828.80400000	4796.85200000	4835.81400000	4844.91880000	4879.88520000
2919331103.67892981	4883.87400000	4911.81600000	4902.60600000	4937.52000000	4817.12200000	4847.62800000	4801.83600000	4835.23200000	4810.37600000	4845.56800000	4843.16280000	4875.55280000
2921003344.48160553	4877.86200000	4909.69000000	4866.76600000	4899.88200000	4866.00000000	4895.07800000	4790.52000000	4823.61800000	4812.63800000	4845.05800000	4842.75720000	4874.66520000
2922675585.28428078	4870.85000000	4892.56400000	4882.72800000	4908.02800000	4866.01000000	4888.89000000	4809.44400000	4841.87800000	4787.33200000	4822.13400000	4843.27280000	4870.69880000
2924347826.08695650	4902.63800000	4929.24200000	4859.39600000	4884.36800000	4847.83800000	4872.72600000	4821.01000000	4850.47000000	4850.99600000	4876.06600000	4856.37560000	4882.57440000
2926020066.88963223	4883.64400000	4904.38800000	4869.18200000	4896.60000000	4875.32800000	4902.49200000	4795.29000000	4827.06600000	4817.77600000	4850.62800000	4848.24400000	4876.23480000
2927692307.69230747	4907.09200000	4937.97800000	4861.24800000	4893.63000000	4866.29000000	4884.32200000	4840.63800000	4869.39400000	4875.29600000	4896.92400000	4870.11280000	4896.44960000
2929364548.49498320	4909.56400000	4936.42800000	4872.71400000	4898.75600000	4861.19000000	4874.91200000	4866.95000000	4885.07400000	4853.94200000	4884.28800000	4872.87200000	4895.89160000
2931036789.29765892	4884.03800000	4907.84800000	4884.57000000	4901.71400000	4878.11400000	4904.89000000	4829.79000000	4846.91800000	4794.06600000	4817.11000000	4854.11560000	4875.69600000
2932709030.10033464	4914.70200000	4937.49800000	4868.36600000	4890.00200000	4864.32000000	4882.29400000	4858.22600000	4882.01600000	4861.58400000	4879.77600000	4873.43960000	4894.31720000
2934381270.90300989	4898.04200000	4919.28800000	4850.03400000	4870.64200000	4871.60000000	4890.62000000	4874.42600000	4895.70200000	4862.64600000	4883.85800000	4871.34960000	4892.02200000
2936053511.70568562	4908.88400000	4933.49000000	4877.44600000	4898.12400000	4871.26600000	4886.40200000	4801.87000000	4830.85400000	4828.09200000	4850.52400000	4857.51160000	4879.87880000
2937725752.50836134	4902.86000000	4925.71800000	4869.24400000	4887.93400000	4867.50000000	4878.97600000	4844.86600000	4861.59000000	4860.07000000	4881.27600000	4868.90800000	4887.09880000
2939397993.31103659	4913.61000000	4930.18200000	4871.09800000	4887.33400000	4873.04400000	4887.91200000	4861.66800000	4875.15000000	4858.47400000	4875.96000000	4875.57880000	4891.30760000
2941070234.11371231	4881.53400000	4891.47000000	4872.00400000	4890.07400000	4871.56400000	4890.13400000	4813.42600000	4825.91200000	4820.69800000	4841.85400000	4851.84520000	4867.88880000
2942742474.91638803	4913.11800000	4928.73000000	4890.13200000	4908.72200000	4864.81400000	4875.30000000	4831.79200000	4848.54800000	4831.40000000	4845.77200000	4866.25120000	4881.41440000
2944414715.71906376	4909.42600000	4920.78000000	4872.93200000	4883.28800000	4865.83600000	4883.71600000	4850.26800000	4863.26800000	4882.67600000	4893.83000000	4876.22760000	4888.97640000
2946086956.52173901	4912.83200000	4927.99800000	4896.88000000	4907.00200000	4881.23000000	4897.58000000	4850.43200000	4857.66800000	4832.45400000	4846.60200000	4874.76560000	4887.37000000
2947759197.32441473	4901.42000000	4907.68400000	4854.94200000	4859.04800000	4861.76400000	4871.20400000	4871.29200000	4882.93400000	4865.62400000	4874.31800000	4871.00840000	4879.03760000
2949431438.12709045	4908.69200000	4925.45200000	4899.39000000	4907.11000000	4868.35800000	4876.16800000	4837.62800000	4852.63000000	4828.66800000	4843.94800000	4868.54720000	4881.06160000
2951103678.92976570	4890.28800000	4905.96000000	4913.51200000	4932.82400000	4834.54400000	4842.57400000	4841.03600000	4850.41400000	4827.70200000	4841.21000000	4861.41640000	4874.59640000
2952775919.73244143	4913.57800000	4924.70600000	4861.05000000	4870.63600000	4874.55000000	4884.77600000	4845.87000000	4853.92600000	4880.62000000	4885.43600000	4875.13360000	4883.89600000
2954448160.53511715	4911.60200000	4922.70800000	4889.88000000	4900.39000000	4887.97800000	4896.81800000	4819.20000000	4828.11000000	4844.16400000	4847.79600000	4870.56480000	4879.16440000
2956120401.33779240	4913.16000000	4927.22000000	4899.78200000	4905.56800000	4878.41800000	4886.84000000	4827.19000000	4840.19800000	4829.39000000	4841.44000000	4869.58800000	4880.25320000
2957792642.14046812	4915.05400000	4921.00600000	4886.08800000	4891.54800000	4880.70800000	4888.78800000	4829.56600000	4829.92200000	4830.46200000	4835.25800000	4868.37560000	4873.30440000
2959464882.94314384	4924.00400000	4922.35000000	4887.83400000	4890.54200000	4873.72400000	4879.87800000	4870.29200000	4872.82200000	4870.07400000	4876.96000000	4885.18560000	4888.51040000
2961137123.74581957	4893.24800000	4896.53800000	4901.12200000	4912.78000000	4887.70400000	4892.90600000	4832.45400000	4837.83400000	4807.97200000	4822.05400000	4864.50000000	4872.42240000
2962809364.54849482	4919.10000000	4924.78600000	4879.95200000	4884.30000000	4881.63600000	4882.52000000	4874.34600000	4878.45000000	4890.68800000	4895.47600000	4889.14440000	4893.10640000
2964481605.35117054	4891.77800000	4898.84200000	4911.23000000	4910.23600000	4877.38800000	4884.56000000	4839.11800000	4836.38600000	4819.26800000	4827.77000000	4867.75640000	4871.55880000
2966153846.15384626	4932.17000000	4934.45600000	4903.05400000	4906.37600000	4886.71200000	4889.10000000	4816.74800000	4822.85400000	4830.45600000	4837.98600000	4873.82800000	4878.15440000
2967826086.95652199	4901.73400000	4911.13800000	4902.97800000	4908.63400000	4890.31400000	4897.54000000	4818.02000000	4808.54000000	4847.57800000	4844.96600000	4872.12480000	4874.16360000
2969498327.75919724	4918.33600000	4925.21800000	4908.96800000	4910.96000000	4885.49600000	4892.64400000	4839.57000000	4838.07200000	4836.92600000	4836.80000000	4877.85920000	4880.73880000
2971170568.56187296	4901.61000000	4907.54800000	4875.21800000	4880.48800000	4872.66400000	4871.68600000	4839.68400000	4845.75000000	4855.08400000	4858.56600000	4868.85200000	4872.80760000
2972842809.36454868	4903.34400000	4902.58200000	4910.75000000	4909.52600000	4887.78800000	4889.54400000	4838.55200000	4841.25000000	4828.46600000	4831.16600000	4873.78000000	4874.81360000
2974515050.16722393	4910.65600000	4912.28600000	4864.99800000	4869.45400000	4890.13400000	4889.83800000	4891.86800000	4891.34800000	4873.13600000	4879.73600000	4886.15840000	4888.53240000
2976187290.96989965	4909.67400000	4910.55600000	4891.19400000	4893.43800000	4880.04600000	4877.33400000	4863.48000000	4861.33000000	4875.74400000	4879.70200000	4884.02760000	4884.47200000
2977859531.77257538	4920.51400000	4921.10000000	4935.24600000	4936.00800000	4840.56000000	4850.01800000	4843.89000000	4850.94400000	4842.89800000	4847.01000000	4876.62160000	4881.01600000
2979531772.57525063	4930.10400000	4943.16200000	4935.69600000	4936.99800000	4840.73600000	4848.21400000	4851.99400000	4859.05000000	4851.92000000	4850.38400000	4882.09000000	4887.56160000
2981204013.37792635	4914.85800000	4919.77400000	4898.92000000	4895.51200000	4892.24400000	4894.15200000	4831.88800000	4834.33600000	4837.37400000	4840.81000000	4875.05680000	4876.91680000
2982876254.18060207	4902.58000000	4896.49400000	4938.16800000	4939.70200000	4884.23800000	4882.68800000	4839.26800000	4839.46800000	4834.31200000	4836.41400000	4879.71320000	4878.95320000
2984548494.98327732	4924.05800000	4922.81600000	4891.07200000	4889.05400000	4881.04600000	4886.59600000	4879.69600000	4878.64800000	4887.54200000	4892.11800000	4892.68280000	4893.84640000
2986220735.78595304	4903.09600000	4908.33800000	4910.80000000	4914.34200000	4889.73200000	4891.92200000	4838.34000000	4838.97000000	4835.19200000	4832.47200000	4875.43200000	4877.20880000
2987892976.58862877	4907.46800000	4903.60400000	4861.36600000	4856.53400000	4886.06800000	4883.01400000	4855.28000000	4857.78400000	4869.03000000	4872.18600000	4875.84240000	4874.62440000
2989565217.39130449	4887.30600000	4888.04400000	4891.73000000	4888.82600000	4873.31400000	4875.27200000	4837.66800000	4839.75800000	4855.82800000	4858.78200000	4869.16920000	4870.13640000
2991237458.19397974	4919.53400000	4921.97600000	4893.47000000	4900.07800000	4887.57400000	4888.83400000	4875.00400000	4871.51000000	4879.06200000	4883.24200000	4890.92880000	4893.12800000
2992909698.99665546	4922.24200000	4921.36000000	4890.97600000	4899.02600000	4918.81800000	4917.86200000	4837.40200000	4834.55400000	4836.10800000	4836.74600000	4881.10920000	4881.90960000
2994581939.79933119	4906.72600000	4908.40000000	4863.77200000	4864.47200000	4878.88200000	4872.46400000	4876.58600000	4878.11200000	4882.80800000	4883.59000000	4881.75480000	4881.40760000
2996254180.60200691	4894.39000000	4898.23400000	4883.09800000	4888.51600000	4868.18000000	4871.59800000	4824.26800000	4826.11000000	4851.25200000	4850.99200000	4864.23760000	4867.09000000
2997926421.40468216	4915.13000000	4909.03200000	4878.83400000	4873.53200000	4881.44800000	4882.12200000	4872.02000000	4873.93200000	4873.62600000	4876.01600000	4884.21160000	4882.92680000
2999598662.20735788	4926.75600000	4922.20400000	4863.71200000	4861.58800000	4867.97600000	4864.23600000	4854.79600000	4856.18000000	4857.17000000	4855.04000000	4874.08200000	4871.84960000
3001270903.01003361	4892.85400000	4892.31800000	4893.48800000	4898.03200000	4885.77600000	4893.45600000	4854.20200000	4853.53400000	4812.34200000	4820.04600000	4867.73240000	4871.47720000
3002943143.81270885	4928.02200000	4930.66600000	4882.43400000	4873.77600000	4899.41200000	4898.45200000	4866.69400000	4871.21400000	4895.21000000	4887.09000000	4894.35440000	4892.23960000
3004615384.61538458	4903.04400000	4898.91600000	4903.80600000	4899.71800000	4895.91600000	4894.60400000	4844.22400000	4846.51200000	4820.75400000	4819.29800000	4873.54880000	4871.80960000
3006287625.41806030	4940.48200000	4939.32400000	4890.30200000	4888.80600000	4891.07800000	4888.78800000	4870.96800000	4870.19200000	4903.43200000	4902.65000000	4899.25240000	4897.95200000
3007959866.22073555	4931.18400000	4933.04600000	4909.12600000	4913.05400000	4865.01000000	4864.33800000	4846.24800000	4847.32800000	4850.84000000	4848.91800000	4880.48160000	4881.33680000
3009632107.02341127	4902.72400000	4901.05000000	4926.76200000	4925.99800000	4878.34800000	4882.68400000	4850.75400000	4849.18200000	4836.53200000	4831.52000000	4879.02400000	4878.08680000
3011304347.82608700	4939.28600000	4933.85400000	4884.73200000	4886.12000000	4887.20200000	4878.95000000	4881.23400000	4880.72400000	4879.63800000	4880.29000000	4894.41840000	4891.98760000
3012976588.62876272	4935.88200000	4937.58200000	4895.78400000	4890.37800000	4884.10600000	4887.41800000	4878.64000000	4880.47200000	4885.29000000	4878.56400000	4895.94040000	4894.88280000
3014648829.43143797	4884.21400000	4883.29000000	4902.58600000	4897.23200000	4897.04800000	4893.61200000	4838.88600000	4838.19400000	4813.28600000	4813.44800000	4867.20400000	4865.15520000
3016321070.23411369	4936.30800000	4930.53000000	4904.60000000	4904.04200000	4887.89600000	4886.61600000	4815.98200000	4811.69000000	4839.06600000	4839.79400000	4876.77040000	4874.53440000
3017993311.03678942	4926.71000000	4928.19200000	4889.70600000	4890.54600000	4878.29800000	4875.42800000	4890.76000000	4889.18600000	4885.92000000	4883.88200000	4894.27880000	4893.44680000
3019665551.83946514	4934.72400000	4940.21800000	4913.42200000	4912.92800000	4873.44600000	4877.38400000	4845.86400000	4844.10200000	4851.00800000	4846.84600000	4883.69280000	4884.29560000
3021337792.64214039	4907.06800000	4904.27400000	4904.20800000	4899.46000000	4905.89200000	4907.95400000	4839.52400000	4846.21800000	4824.48400000	4820.12200000	4876.23520000	4875.60560000
3023010033.44481611	4931.24200000	4934.48800000	4927.79800000	4932.21200000	4829.96800000	4831.23000000	4863.42000000	4855.93000000	4845.47400000	4848.82800000	4879.58040000	4880.53760000
3024682274.24749184	4915.81800000	4908.37000000	4941.07800000	4942.17800000	4862.37000000	4863.96200000	4842.18400000	4841.26400000	4845.31200000	4841.17200000	4881.35240000	4879.38920000
3026354515.05016708	4903.88600000	4906.83600000	4936.33600000	4927.88400000	4856.60400000	4858.45400000	4841.91800000	4834.03600000	4849.09000000	4845.78800000	4877.56680000	4874.59960000
3028026755.85284281	4918.03000000	4915.35400000	4876.62800000	4877.27800000	4874.84800000	4870.91000000	4896.77400000	4896.89600000	4886.95400000	4882.94200000	4890.64680000	4888.67600000
3029698996.65551853	4928.71800000	4925.79800000	4886.33400000	4883.76000000	4881.59400000	4882.81800000	4885.06400000	4887.40600000	4890.15200000	4881.91200000	4894.37240000	4892.33880000
3031371237.45819378	4904.90400000	4899.46600000	4880.36800000	4876.82800000	4873.13800000	4872.08200000	4849.59200000	4851.28600000	4860.58800000	4858.21600000	4873.71800000	4871.57560000
3033043478.26086950	4925.87000000	4925.01200000	4884.02600000	4884.77600000	4888.20800000	4880.08200000	4857.99600000	4857.75600000	4882.35800000	4884.55000000	4887.69160000	4886.43520000
3034715719.06354523	4937.55200000	4929.23000000	4913.87800000	4910.04200000	4892.88200000	4893.98400000	4874.65200000	4871.75600000	4849.26800000	4848.37200000	4893.64640000	4890.67680000
3036387959.86622047	4941.02600000	4939.23000000	4898.96000000	4894.62400000	4895.61200000	4894.26200000	4877.42800000	4868.37800000	4892.85400000	4885.02400000	4901.17600000	4896.30360000
3038060200.66889620	4902.64400000	4900.13400000	4888.55800000	4882.60800000	4913.04200000	4914.14800000	4834.21800000	4824.68000000	4847.81400000	4845.43800000	4877.25520000	4873.40160000
3039732441.47157192	4920.42600000	4914.17400000	4940.02000000	4938.27400000	4849.03400000	4849.61600000	4848.64600000	4839.54000000	4842.97800000	4840.38600000	4880.22080000	4876.39800000
3041404682.27424765	4930.62400000	4923.14800000	4893.17200000	4882.91200000	4874.72600000	4875.24200000	4872.67200000	4867.91400000	4874.61800000	4867.18000000	4889.16240000	4883.27920000
3043076923.07692289	4908.27800000	4908.38000000	4918.23600000	4913.47600000	4874.00400000	4868.06800000	4842.71400000	4836.22400000	4857.98400000	4846.94600000	4880.24320000	4874.61880000
3044749163.87959862	4906.18000000	4905.28000000	4924.89600000	4924.79200000	4900.25400000	4888.59800000	4858.72600000	4852.50600000	4839.44800000	4836.84800000	4885.90080000	4881.60480000
3046421404.68227434	4902.48400000	4902.10400000	4914.60400000	4919.05200000	4882.02800000	4881.41000000	4851.79200000	4849.10800000	4835.20400000	4832.98400000	4877.22240000	4876.93160000
3048093645.48495007	4934.44800000	4928.19400000	4907.22800000	4905.40800000	4886.45400000	4881.83800000	4849.86600000	4841.87400000	4850.62200000	4849.52000000	4885.72360000	4881.36680000
3049765886.28762531	4899.13400000	4895.80200000	4895.11800000	4893.81000000	4911.50800000	4908.41200000	4844.30000000	4841.53000000	4857.96000000	4851.29800000	4881.60400000	4878.17040000
3051438127.09030104	4899.92000000	4901.43600000	4851.82200000	4844.21800000	4886.48600000	4882.63600000	4852.35400000	4844.62200000	4886.55800000	4886.39800000	4875.42800000	4871.86200000
3053110367.89297676	4936.71400000	4934.54400000	4889.27000000	4882.30200000	4874.43200000	4870.39400000	4859.89400000	4855.72200000	4875.03200000	4874.19600000	4887.06840000	4883.43160000
3054782608.69565201	4931.70200000	4934.02800000	4892.82000000	4892.64000000	4891.53400000	4884.90000000	4859.45600000	4854.41800000	4850.78600000	4839.69600000	4885.25960000	4881.13640000
3056454849.49832773	4939.52000000	4931.82400000	4913.98000000	4902.52000000	4886.05800000	4882.18600000	4855.33000000	4857.94400000	4856.89800000	4846.90800000	4890.35720000	4884.27640000
3058127090.30100346	4927.41400000	4924.38600000	4891.38800000	4882.48600000	4889.62400000	4885.15200000	4879.65400000	4878.39400000	4901.74000000	4896.10200000	4897.96400000	4893.30400000
3059799331.10367870	4918.58600000	4912.09200000	4915.49000000	4910.04600000	4897.21600000	4890.52200000	4835.16200000	4835.48200000	4860.08200000	4856.02600000	4885.30720000	4880.83360000
3061471571.90635443	4934.23200000	4929.10600000	4910.65000000	4905.33200000	4891.91600000	4890.16400000	4865.90800000	4859.04000000	4849.26600000	4852.82400000	4890.39440000	4887.29320000
3063143812.70903015	4901.43200000	4904.07600000	4876.72600000	4871.87000000	4893.68200000	4897.16200000	4868.53000000	4868.15200000	4891.21400000	4886.83400000	4886.31680000	4885.61880000
3064816053.51170588	4905.44400000	4899.22000000	4929.58600000	4926.74600000	4895.06200000	4883.75200000	4858.47800000	4849.31600000	4839.30000000	4839.10400000	4885.57400000	4879.62760000
3066488294.31438112	4945.99200000	4937.97400000	4893.37200000	4889.82600000	4892.82200000	4887.97000000	4890.30200000	4880.76200000	4889.04400000	4887.08600000	4902.30640000	4896.72360000
3068160535.11705685	4903.99400000	4892.84800000	4854.32200000	4851.74200000	4885.37600000	4884.00200000	4856.30000000	4848.72200000	4889.73400000	4880.81600000	4877.94520000	4871.62600000
3069832775.91973257	4923.46400000	4916.77000000	4882.24800000	4873.13600000	4884.15200000	4879.26200000	4869.50000000	4861.50200000	4905.21000000	4899.52600000	4892.91480000	4886.03920000
3071505016.72240782	4922.50400000	4914.66800000	4896.34800000	4889.20400000	4890.50400000	4884.72400000	4841.95800000	4831.18600000	4851.14000000	4844.74800000	4880.49080000	4872.90600000
3073177257.52508354	4919.86200000	4915.67800000	4872.79400000	4874.72800000	4895.97400000	4884.43000000	4906.93000000	4897.96000000	4896.04800000	4883.58000000	4898.32160000	4891.27520000
3074849498.32775927	4940.03200000	4931.27200000	4891.29800000	4883.45200000	4891.07400000	4888.33800000	4879.91600000	4875.19600000	4900.02400000	4896.72400000	4900.46880000	4894.99640000
3076521739.13043499	4925.12800000	4922.00400000	4896.84800000	4893.58000000	4885.49000000	4885.53800000	4882.09600000	4874.99800000	4883.76200000	4877.72000000	4894.66480000	4890.76800000
3078193979.93311024	4907.54800000	4900.00000000	4907.23800000	4902.79200000	4918.11000000	4897.22200000	4850.76600000	4850.07200000	4824.20800000	4823.38800000	4881.57400000	4874.69480000
3079866220.73578596	4926.19000000	4919.37000000	4906.17800000	4900.54200000	4902.07200000	4902.60400000	4835.18000000	4822.04400000	4851.23400000	4852.43800000	4884.17080000	4879.39960000
3081538461.53846169	4928.91800000	4925.74800000	4888.62400000	4882.57800000	4897.00800000	4890.78400000	4872.46000000	4866.21200000	4881.18600000	4876.79200000	4893.63920000	4888.42280000
3083210702.34113693	4926.78600000	4921.65600000	4893.36800000	4883.58600000	4891.38200000	4887.66600000	4873.90800000	4869.13800000	4879.20000000	4875.73200000	4892.92880000	4887.55560000
3084882943.14381266	4919.22000000	4915.17400000	4907.23800000	4906.30600000	4892.82200000	4886.65400000	4848.18000000	4846.04200000	4841.27200000	4840.83600000	4881.74640000	4879.00240000
3086555183.94648838	4931.50200000	4923.73000000	4934.87600000	4933.26400000	4862.33200000	4855.05200000	4853.78000000	4847.99600000	4853.85000000	4850.19800000	4887.26800000	4882.04800000
3088227424.74916363	4931.28200000	4928.96000000	4891.28600000	4879.33400000	4892.02000000	4882.84800000	4892.83400000	4891.09400000	4876.20600000	4869.21600000	4896.72560000	4890.29040000
3089899665.55183935	4921.13200000	4920.68200000	4891.33600000	4892.13200000	4873.59000000	4867.53600000	4868.81800000	4863.94600000	4875.66600000	4872.31800000	4886.10840000	4883.32280000
3091571906.35451508	4909.46800000	4904.03400000	4911.26400000	4900.69000000	4912.42400000	4905.39800000	4844.68400000	4842.06000000	4827.19200000	4825.34800000	4881.00640000	4875.50600000
3093244147.15719080	4937.50600000	4934.31000000	4894.09600000	4887.51600000	4892.24600000	4885.87800000	4881.01200000	4880.36000000	4849.12000000	4848.52800000	4890.79600000	4887.31840000
3094916387.95986605	4931.79400000	4929.46000000	4898.12800000	4893.68200000	4879.45200000	4879.45400000	4865.40200000	4856.66600000	4883.09800000	4878.95200000	4891.57480000	4887.64280000
3096588628.76254177	4903.52200000	4894.09600000	4885.53400000	4877.57400000	4923.53400000	4918.05000000	4835.79400000	4834.36000000	4855.78400000	4848.11600000	4880.83360000	4874.43920000
3098260869.56521749	4927.77200000	4928.19200000	4889.35000000	4885.11200000	4877.47200000	4869.79400000	4868.40800000	4863.85800000	4881.16200000	4872.96200000	4888.83280000	4883.98360000
3099933110.36789322	4921.45800000	4911.75200000	4914.83000000	4910.96200000	4895.42800000	4886.14800000	4849.34600000	4845.92200000	4847.37200000	4841.45200000	4885.68680000	4879.24720000
3101605351.17056847	4922.98200000	4923.37000000	4900.77000000	4898.14000000	4915.10800000	4908.25200000	4828.65800000	4825.95000000	4824.44000000	4823.18200000	4878.39160000	4875.77880000
3103277591.97324419	4904.87800000	4892.36200000	4911.85000000	4906.27600000	4900.64200000	4898.57200000	4842.59600000	4837.61600000	4819.17600000	4815.20600000	4875.82840000	4870.00640000
3104949832.77591991	4939.11200000	4933.83800000	4904.42200000	4898.55800000	4888.07800000	4883.47000000	4870.89400000	4864.03800000	4851.69200000	4845.72400000	4890.83960000	4885.12560000
3106622073.57859516	4894.48200000	4886.27400000	4907.45400000	4903.89000000	4896.39200000	4895.78000000	4848.61200000	4839.78000000	4824.77800000	4818.21800000	4874.34360000	4868.78840000
3108294314.38127089	4894.91000000	4889.11200000	4900.43400000	4894.18200000	4890.40000000	4884.16000000	4861.59200000	4851.30200000	4821.75800000	4811.29000000	4873.81880000	4866.00920000
3109966555.18394661	4930.37800000	4921.14000000	4891.76400000	4889.62400000	4896.62000000	4889.59200000	4858.91000000	4857.05400000	4887.72600000	4880.31800000	4893.07960000	4887.54560000
3111638795.98662186	4926.81400000	4919.36200000	4902.02200000	4896.17400000	4916.03000000	4908.14600000	4833.95400000	4828.91600000	4831.90000000	4829.86600000	4882.14400000	4876.49280000
3113311036.78929758	4920.05200000	4914.34400000	4891.07400000	4884.79200000	4878.09600000	4874.69200000	4858.55600000	4857.00400000	4863.59800000	4854.76000000	4882.27520000	4877.11840000
3114983277.59197330	4899.97600000	4901.49800000	4936.18200000	4932.94800000	4890.35200000	4877.50000000	4846.00000000	4842.04000000	4848.13400000	4840.55400000	4884.12880000	4878.90800000
3116655518.39464903	4895.44400000	4888.46800000	4915.34000000	4907.45800000	4877.96000000	4875.33800000	4854.61400000	4846.50000000	4853.29200000	4847.17600000	4879.33000000	4872.98800000
3118327759.19732428	4904.47800000	4902.87200000	4908.85600000	4905.78800000	4871.27400000	4867.50000000	4846.21200000	4835.93000000	4847.48600000	4843.77800000	4875.66120000	4871.17360000
3120000000.00000000	4933.68400000	4926.40400000	4903.92600000	4893.02800000	4899.56800000	4886.92400000	4836.11200000	4828.88000000	4845.51800000	4844.59200000	4883.76160000	4875.96560000
