freq	PL_sig1	PL_ref1	PL_sig2	PL_ref2	PL_sig3	PL_ref3	PL_sig4	PL_ref4	PL_sig5	PL_ref5	avgPL_sig	avgPL_ref
2720000000.00000000	2188.71000000	2186.66400000	2192.58000000	2186.47200000	2194.27800000	2192.40000000	2197.15400000	2195.91200000	2194.29600000	2192.01200000	2193.40360000	2190.69200000
2721003344.48160553	2187.51800000	2188.80200000	2187.66600000	2184.49000000	2192.53200000	2194.08800000	2202.76400000	2201.20600000	2190.78600000	2189.84800000	2192.25320000	2191.68680000
2722006688.96321058	2183.69400000	2182.58600000	2192.05000000	2189.45800000	2201.29000000	2198.57200000	2189.02600000	2188.50800000	2206.57000000	2208.20200000	2194.52600000	2193.46520000
2723010033.44481611	2194.08600000	2196.13000000	2190.19400000	2191.93800000	2205.10800000	2199.66000000	2200.24400000	2200.02600000	2200.18400000	2199.00400000	2197.96320000	2197.35160000
2724013377.92642164	2189.92600000	2190.57000000	2185.08400000	2186.91200000	2192.60600000	2190.76000000	2197.26200000	2200.08200000	2191.09200000	2197.34400000	2191.19400000	2193.13360000
2725016722.40802670	2186.82000000	2186.39600000	2184.06800000	2185.31200000	2194.45600000	2196.01000000	2200.79400000	2196.94600000	2193.80800000	2190.58800000	2191.98920000	2191.05040000
2726020066.88963223	2192.72000000	2190.21600000	2202.73000000	2201.08400000	2196.92200000	2197.06400000	2210.58400000	2209.28800000	2193.09000000	2192.27600000	2199.20920000	2197.98560000
2727023411.37123728	2194.27200000	2191.36000000	2199.43600000	2197.19400000	2199.51000000	2197.80600000	2207.29800000	2205.03600000	2191.12400000	2192.74600000	2198.32800000	2196.82840000
2728026755.85284281	2193.79000000	2193.71400000	2190.27800000	2189.95000000	2198.54600000	2198.16600000	2190.42200000	2190.10000000	2199.48800000	2199.50000000	2194.50480000	2194.28600000
2729030100.33444834	2179.57800000	2182.98800000	2186.29200000	2189.88600000	2199.11800000	2195.87200000	2192.13800000	2191.37600000	2199.41800000	2201.69000000	2191.30880000	2192.36240000
2730033444.81605339	2188.62600000	2188.92200000	2184.98400000	2185.42800000	2197.58200000	2195.95400000	2196.93000000	2201.59000000	2201.50200000	2200.90800000	2193.92480000	2194.56040000
2731036789.29765892	2187.01800000	2190.88000000	2181.46200000	2187.98400000	2193.18600000	2196.82000000	2203.11600000	2201.63600000	2199.14400000	2197.43400000	2192.78520000	2194.95080000
2732040133.77926445	2193.91400000	2189.21800000	2192.69400000	2190.38800000	2202.97800000	2202.13000000	2192.23800000	2193.08200000	2194.79600000	2197.10000000	2195.32400000	2194.38360000
2733043478.26086950	2183.31800000	2187.48200000	2182.33200000	2186.97000000	2191.81800000	2193.06000000	2194.93400000	2198.76600000	2191.64000000	2192.87400000	2188.80840000	2191.83040000
2734046822.74247503	2193.02000000	2186.78200000	2188.58400000	2190.15600000	2191.14400000	2190.65000000	2197.73600000	2196.24400000	2195.15800000	2190.31400000	2193.12840000	2190.82920000
2735050167.22408009	2188.57600000	2190.51000000	2201.24400000	2197.25000000	2195.30000000	2197.34000000	2202.78000000	2205.71400000	2195.67200000	2192.85200000	2196.71440000	2196.73320000
2736053511.70568562	2184.79000000	2183.47400000	2184.54400000	2190.17600000	2195.20400000	2194.00600000	2199.35800000	2197.31000000	2195.69800000	2187.06600000	2191.91880000	2190.40640000
2737056856.18729115	2184.97400000	2187.79600000	2198.67600000	2195.97200000	2193.67600000	2194.02800000	2201.84600000	2201.19600000	2194.36000000	2192.22600000	2194.70640000	2194.24360000
2738060200.66889620	2186.10600000	2185.97400000	2184.96600000	2187.37000000	2196.26400000	2192.27200000	2202.20600000	2199.46000000	2204.21200000	2202.14000000	2194.75080000	2193.44320000
2739063545.15050173	2182.50000000	2182.23800000	2186.84200000	2188.30200000	2202.17400000	2198.20800000	2194.86000000	2196.34000000	2206.79800000	2202.39800000	2194.63480000	2193.49720000
2740066889.63210726	2192.76600000	2193.24600000	2196.77000000	2197.70600000	2190.63200000	2189.59800000	2206.44200000	2204.79200000	2191.18600000	2190.46600000	2195.55920000	2195.16160000
2741070234.11371231	2190.09000000	2186.93800000	2190.20000000	2189.27200000	2191.22800000	2190.96200000	2199.62200000	2196.89800000	2195.10600000	2192.74400000	2193.24920000	2191.36280000
2742073578.59531784	2190.52400000	2189.71200000	2191.12600000	2187.19800000	2196.41000000	2194.07600000	2202.12400000	2199.60200000	2199.79000000	2199.46000000	2195.99480000	2194.00960000
2743076923.07692289	2180.43800000	2182.52000000	2188.58400000	2184.50000000	2199.78600000	2199.57200000	2191.97000000	2187.73200000	2204.57200000	2205.58200000	2193.07000000	2191.98120000
2744080267.55852842	2197.65000000	2191.61400000	2186.04400000	2185.10000000	2198.92000000	2196.08000000	2194.07600000	2193.10000000	2200.42400000	2198.78000000	2195.42280000	2192.93480000
2745083612.04013395	2186.23400000	2187.33600000	2187.08000000	2187.10200000	2192.70200000	2193.18800000	2195.72400000	2193.08000000	2190.23600000	2193.33600000	2190.39520000	2190.80840000
2746086956.52173901	2193.32400000	2192.66800000	2188.21200000	2186.97400000	2202.24800000	2203.80000000	2193.34400000	2193.32400000	2199.26200000	2206.41400000	2195.27800000	2196.63600000
2747090301.00334454	2201.60400000	2194.43800000	2187.39800000	2183.93600000	2201.81400000	2197.55800000	2196.87400000	2196.69000000	2203.54400000	2200.94000000	2198.24680000	2194.71240000
2748093645.48495007	2197.25800000	2194.43800000	2194.80000000	2193.64600000	2203.47600000	2201.42200000	2198.41200000	2196.05000000	2200.28400000	2199.62800000	2198.84600000	2197.03680000
2749096989.96655512	2182.98400000	2179.99400000	2191.48000000	2189.56400000	2198.71800000	2201.84400000	2188.89600000	2192.04600000	2206.00400000	2206.91000000	2193.61640000	2194.07160000
2750100334.44816065	2184.56000000	2183.14000000	2191.47800000	2187.75800000	2201.20800000	2199.08400000	2188.37800000	2189.92600000	2207.28000000	2207.72200000	2194.58080000	2193.52600000
2751103678.92976570	2190.74800000	2191.76400000	2188.49200000	2191.15600000	2194.83400000	2194.37400000	2203.99400000	2202.33200000	2199.55200000	2199.41200000	2195.52400000	2195.80760000
2752107023.41137123	2199.46200000	2199.02800000	2191.05600000	2184.54200000	2203.69800000	2205.32600000	2197.98000000	2196.87600000	2201.97600000	2199.04800000	2198.83440000	2196.96400000
2753110367.89297676	2190.81000000	2192.46600000	2201.16800000	2197.91800000	2190.09600000	2191.99200000	2205.47600000	2206.04800000	2197.19000000	2192.96200000	2196.94800000	2196.27720000
2754113712.37458181	2182.84400000	2183.81400000	2189.01000000	2184.44800000	2194.57000000	2194.30200000	2195.31200000	2194.43200000	2190.10400000	2193.78200000	2190.36800000	2190.15560000
2755117056.85618734	2188.91400000	2183.55800000	2187.08800000	2188.60000000	2197.03600000	2194.01400000	2198.96000000	2194.99200000	2190.40600000	2188.93200000	2192.48080000	2190.01920000
2756120401.33779287	2180.86200000	2183.41800000	2189.91800000	2188.61400000	2201.57200000	2202.80800000	2190.37000000	2193.91600000	2201.14400000	2202.03200000	2192.77320000	2194.15760000
2757123745.81939793	2181.85200000	2184.05800000	2187.44400000	2189.36600000	2192.22200000	2194.85400000	2200.30800000	2197.13600000	2201.35800000	2202.10800000	2192.63680000	2193.50440000
2758127090.30100346	2195.37000000	2189.96400000	2197.58400000	2195.35600000	2203.74000000	2204.77200000	2205.99400000	2210.67400000	2193.17000000	2192.77000000	2199.17160000	2198.70720000
2759130434.78260851	2185.94400000	2182.43600000	2188.50800000	2181.75400000	2200.49200000	2198.67800000	2192.68800000	2192.97200000	2202.51600000	2200.92400000	2194.02960000	2191.35280000
2760133779.26421404	2195.09800000	2195.85000000	2187.78200000	2183.65400000	2195.07200000	2198.33000000	2195.23400000	2195.52800000	2205.85800000	2203.56400000	2195.80880000	2195.38520000
2761137123.74581957	2187.26200000	2189.30000000	2186.05200000	2187.90400000	2190.77800000	2198.39800000	2197.74400000	2197.87000000	2203.56400000	2197.21200000	2193.08000000	2194.13680000
2762140468.22742462	2182.15400000	2181.16600000	2186.06800000	2189.35000000	2199.37200000	2199.47000000	2190.91400000	2189.81800000	2203.52800000	2206.29000000	2192.40720000	2193.21880000
2763143812.70903015	2199.06600000	2197.79800000	2190.36400000	2186.87000000	2199.26800000	2198.16600000	2196.83000000	2198.82200000	2195.23400000	2197.82200000	2196.15240000	2195.89560000
2764147157.19063568	2189.25800000	2189.59800000	2199.82400000	2198.34200000	2191.83000000	2192.72800000	2205.56400000	2206.43600000	2189.02600000	2196.31400000	2195.10040000	2196.68360000
2765150501.67224073	2187.27800000	2187.72000000	2184.96400000	2185.65200000	2196.55800000	2193.66800000	2201.50800000	2199.04200000	2203.09800000	2199.85800000	2194.68120000	2193.18800000
2766153846.15384626	2191.18400000	2193.10200000	2190.48800000	2186.48000000	2201.40600000	2201.28400000	2194.26200000	2193.65600000	2198.93800000	2196.77000000	2195.25560000	2194.25840000
2767157190.63545132	2192.90200000	2195.08000000	2185.61400000	2190.42400000	2193.69600000	2194.75200000	2197.96000000	2198.17000000	2197.84600000	2201.53800000	2193.60360000	2195.99280000
2768160535.11705685	2194.68400000	2194.26200000	2202.90600000	2198.74000000	2194.06400000	2194.33200000	2204.80200000	2204.76600000	2191.13400000	2194.72400000	2197.51800000	2197.36480000
2769163879.59866238	2194.71800000	2195.20200000	2197.50000000	2200.32600000	2196.00800000	2195.59200000	2206.88000000	2208.23400000	2195.17000000	2194.96800000	2198.05520000	2198.86440000
2770167224.08026743	2193.52000000	2195.10800000	2188.17800000	2188.83000000	2200.33400000	2196.70600000	2188.86400000	2193.08600000	2198.67600000	2203.37800000	2193.91440000	2195.42160000
2771170568.56187296	2193.32200000	2195.21600000	2198.03600000	2194.84600000	2203.56400000	2201.70000000	2206.89600000	2205.89400000	2190.16600000	2190.17400000	2198.39680000	2197.56600000
2772173913.04347849	2190.42600000	2192.77000000	2198.26800000	2197.05800000	2208.41800000	2203.44200000	2208.24400000	2206.99800000	2194.28800000	2189.61000000	2199.92880000	2197.97560000
2773177257.52508354	2194.75800000	2193.21000000	2186.30000000	2184.19600000	2198.17800000	2198.77000000	2195.72600000	2196.66000000	2202.39600000	2201.54400000	2195.47160000	2194.87600000
2774180602.00668907	2191.96600000	2191.38400000	2187.57200000	2190.05200000	2196.42000000	2193.21400000	2201.27200000	2203.97600000	2196.70000000	2196.25800000	2194.78600000	2194.97680000
2775183946.48829412	2196.06600000	2196.20200000	2192.44400000	2188.90000000	2204.42400000	2199.54600000	2192.53200000	2190.71000000	2200.95200000	2200.09200000	2197.28360000	2195.09000000
2776187290.96989965	2186.68200000	2185.63000000	2188.52000000	2189.31400000	2199.57400000	2201.81400000	2189.62200000	2190.03400000	2205.98600000	2208.57000000	2194.07680000	2195.07240000
2777190635.45150518	2193.48600000	2189.53000000	2197.09000000	2193.05000000	2197.66200000	2198.78000000	2203.09800000	2203.40000000	2193.76200000	2190.34000000	2197.01960000	2195.02000000
2778193979.93311024	2193.10400000	2195.27000000	2200.77200000	2201.16200000	2193.82000000	2192.62600000	2203.22200000	2205.96600000	2192.91000000	2195.33200000	2196.76560000	2198.07120000
2779197324.41471577	2194.12400000	2190.97400000	2189.43800000	2190.75800000	2195.57400000	2194.78600000	2196.97400000	2197.08200000	2202.05400000	2200.34800000	2195.63280000	2194.78960000
2780200668.89632130	2181.89800000	2186.85400000	2189.02000000	2185.75200000	2194.41200000	2194.15200000	2191.85800000	2198.50800000	2195.13800000	2196.56800000	2190.46520000	2192.36680000
2781204013.37792635	2183.02200000	2185.64400000	2185.78600000	2182.83600000	2194.18800000	2195.27200000	2194.36200000	2193.00800000	2191.35800000	2191.48400000	2189.74320000	2189.64880000
2782207357.85953188	2186.76800000	2185.47000000	2181.85400000	2184.85000000	2194.52200000	2195.26200000	2194.99600000	2191.37800000	2189.44000000	2190.30200000	2189.51600000	2189.45240000
2783210702.34113693	2190.42000000	2194.48000000	2186.36800000	2188.03600000	2196.92600000	2195.61400000	2203.49800000	2204.21000000	2195.50600000	2201.50400000	2194.54360000	2196.76880000
2784214046.82274246	2182.07000000	2185.38000000	2182.43600000	2187.74400000	2191.23800000	2191.12400000	2197.69200000	2199.63200000	2199.59000000	2198.66400000	2190.60520000	2192.50880000
2785217391.30434799	2185.78000000	2186.46000000	2187.84200000	2183.69200000	2191.88800000	2193.95000000	2199.55600000	2197.74600000	2199.14600000	2198.90600000	2192.84240000	2192.15080000
2786220735.78595304	2197.20800000	2192.84600000	2195.93200000	2192.15600000	2204.57800000	2207.54800000	2206.58800000	2208.54800000	2193.55800000	2194.32200000	2199.57280000	2199.08400000
2787224080.26755857	2181.88800000	2185.83600000	2186.73400000	2188.27200000	2192.98200000	2191.97600000	2193.16600000	2194.34600000	2193.16200000	2189.68400000	2189.58640000	2190.02280000
2788227424.74916410	2174.16800000	2182.50600000	2187.70600000	2186.26000000	2197.26200000	2194.19000000	2191.67400000	2195.82400000	2205.94800000	2200.20600000	2191.35160000	2191.79720000
2789230769.23076916	2185.02000000	2186.06000000	2186.94200000	2184.09600000	2193.29800000	2194.05000000	2197.47800000	2199.03400000	2200.82400000	2198.26600000	2192.71240000	2192.30120000
2790234113.71237469	2181.73400000	2188.78800000	2186.00400000	2183.33800000	2193.62200000	2196.57600000	2200.33200000	2198.37000000	2197.03600000	2202.13000000	2191.74560000	2193.84040000
2791237458.19397974	2193.16200000	2194.92400000	2189.81400000	2189.75400000	2197.26400000	2195.90400000	2198.16200000	2197.91400000	2194.12000000	2195.84000000	2194.50440000	2194.86720000
2792240802.67558527	2186.42200000	2187.44200000	2183.50800000	2182.11800000	2197.85600000	2199.07800000	2193.62000000	2194.12600000	2197.08800000	2189.65800000	2191.69880000	2190.48440000
2793244147.15719080	2192.56000000	2189.49400000	2188.63200000	2187.96800000	2199.19400000	2195.56600000	2199.61200000	2195.88600000	2196.11000000	2193.85600000	2195.22160000	2192.55400000
2794247491.63879585	2184.40600000	2185.24800000	2187.52000000	2184.04600000	2192.33600000	2193.38400000	2189.28200000	2194.36000000	2193.25200000	2194.15800000	2189.35920000	2190.23920000
2795250836.12040138	2192.02000000	2191.45800000	2187.91200000	2193.04000000	2197.46000000	2194.75600000	2197.35000000	2202.05400000	2202.75000000	2204.78600000	2195.49840000	2197.21880000
2796254180.60200691	2196.41200000	2201.36600000	2186.73200000	2190.49800000	2200.95600000	2204.24400000	2191.51200000	2195.81400000	2203.19600000	2201.03200000	2195.76160000	2198.59080000
2797257525.08361197	2185.13600000	2182.71800000	2187.49800000	2188.83000000	2196.97000000	2196.66800000	2199.68400000	2198.77200000	2189.46200000	2191.00800000	2191.75000000	2191.59920000
2798260869.56521749	2183.04600000	2179.61400000	2188.39600000	2188.32600000	2199.88400000	2200.18400000	2190.89000000	2192.39400000	2206.57000000	2203.59400000	2193.75720000	2192.82240000
2799264214.04682255	2193.67400000	2193.34400000	2187.61400000	2189.61600000	2198.98600000	2196.95800000	2198.31200000	2198.44800000	2199.85200000	2198.97800000	2195.68760000	2195.46880000
2800267558.52842808	2182.70400000	2183.12400000	2189.16800000	2187.69400000	2200.84000000	2200.60200000	2187.94000000	2192.23200000	2203.42800000	2203.32200000	2192.81600000	2193.39480000
2801270903.01003361	2182.75600000	2185.68200000	2188.72800000	2185.85400000	2195.69000000	2191.98000000	2200.46200000	2197.16600000	2202.00800000	2193.87800000	2193.92880000	2190.91200000
2802274247.49163866	2195.84200000	2191.76800000	2203.38000000	2200.76600000	2193.16600000	2198.79400000	2203.44800000	2204.56400000	2193.09400000	2197.05800000	2197.78600000	2198.59000000
2803277591.97324419	2194.90600000	2192.82200000	2191.45400000	2190.60000000	2196.79200000	2193.76400000	2198.42600000	2198.35800000	2201.40800000	2204.80800000	2196.59720000	2196.07040000
2804280936.45484972	2191.01400000	2190.42400000	2201.49000000	2198.39200000	2198.31600000	2195.42600000	2208.90600000	2204.01600000	2190.47200000	2192.14000000	2198.03960000	2196.07960000
2805284280.93645477	2185.26200000	2185.48400000	2187.64800000	2188.73200000	2201.82000000	2200.70400000	2189.84600000	2190.76600000	2205.61200000	2203.58400000	2194.03760000	2193.85400000
2806287625.41806030	2182.12000000	2184.12800000	2181.56800000	2187.79600000	2197.37400000	2194.71000000	2201.07600000	2198.04400000	2200.45600000	2202.80200000	2192.51880000	2193.49600000
2807290969.89966536	2192.42200000	2192.71200000	2184.97800000	2188.74000000	2196.56000000	2193.94400000	2195.43200000	2197.70000000	2197.81200000	2197.98000000	2193.44080000	2194.21520000
2808294314.38127089	2184.57600000	2183.44200000	2185.37000000	2183.19200000	2197.27000000	2190.89400000	2199.37800000	2200.84000000	2199.55600000	2195.38000000	2193.23000000	2190.74960000
2809297658.86287642	2192.48200000	2193.36000000	2194.25200000	2193.58200000	2206.47200000	2206.91400000	2203.43000000	2201.46800000	2195.00600000	2196.17000000	2198.32840000	2198.29880000
2810301003.34448147	2183.98200000	2184.74400000	2182.96400000	2188.62000000	2195.00000000	2196.06600000	2199.29200000	2198.78400000	2201.38600000	2197.27400000	2192.52480000	2193.09760000
2811304347.82608700	2186.77200000	2188.17000000	2190.64400000	2188.29400000	2191.43800000	2190.42000000	2198.11200000	2198.94000000	2191.42600000	2191.13000000	2191.67840000	2191.39080000
2812307692.30769253	2190.18200000	2194.08600000	2194.53400000	2188.80200000	2192.26800000	2195.38000000	2200.57000000	2200.27800000	2196.67800000	2197.90400000	2194.84640000	2195.29000000
2813311036.78929758	2186.61000000	2189.60400000	2180.92000000	2187.64800000	2191.58400000	2197.83800000	2199.46400000	2197.06000000	2198.85000000	2202.77000000	2191.48560000	2194.98400000
2814314381.27090311	2182.30800000	2181.14600000	2184.11400000	2183.46800000	2194.89600000	2198.25200000	2194.90400000	2194.21400000	2186.66200000	2187.25600000	2188.57680000	2188.86720000
2815317725.75250816	2194.97800000	2197.71200000	2189.23600000	2187.64000000	2202.57200000	2204.15200000	2192.66000000	2197.15600000	2196.51000000	2197.20800000	2195.19120000	2196.77360000
2816321070.23411369	2183.12200000	2186.37000000	2184.42600000	2188.59200000	2196.53600000	2192.53800000	2196.92000000	2196.04800000	2200.58600000	2196.63400000	2192.31800000	2192.03640000
2817324414.71571922	2189.88000000	2189.31800000	2187.44400000	2189.20200000	2194.81000000	2200.30200000	2189.71800000	2197.17200000	2196.43600000	2196.77000000	2191.65760000	2194.55280000
2818327759.19732428	2180.25800000	2185.05800000	2183.58800000	2188.45400000	2198.09000000	2199.93800000	2182.84000000	2186.26400000	2203.58200000	2209.79200000	2189.67160000	2193.90120000
2819331103.67892981	2188.46000000	2188.29800000	2190.97200000	2191.09800000	2187.22000000	2192.33400000	2199.04200000	2203.87000000	2195.10400000	2199.77400000	2192.15960000	2195.07480000
2820334448.16053534	2182.34400000	2187.12800000	2178.89400000	2182.23400000	2185.99000000	2194.96600000	2187.12800000	2188.99000000	2189.75600000	2190.74400000	2184.82240000	2188.81240000
2821337792.64214039	2186.99400000	2196.59000000	2182.27200000	2191.03800000	2183.07000000	2200.06400000	2196.01200000	2196.39000000	2193.68400000	2195.95600000	2188.40640000	2196.00760000
2822341137.12374592	2183.25800000	2194.55600000	2183.89000000	2190.97000000	2191.65400000	2197.86800000	2184.65200000	2191.20000000	2194.00600000	2197.23600000	2187.49200000	2194.36600000
2823344481.60535097	2174.24600000	2184.62200000	2176.26000000	2186.56600000	2182.30400000	2195.42000000	2183.44000000	2196.08800000	2184.66400000	2189.86000000	2180.18280000	2190.51120000
2824347826.08695650	2177.94200000	2189.84200000	2187.87800000	2196.08400000	2183.79600000	2189.51600000	2195.78200000	2204.89800000	2178.93800000	2192.87400000	2184.86720000	2194.64280000
2825351170.56856203	2183.70600000	2195.15800000	2175.76000000	2190.48800000	2189.62800000	2203.48800000	2182.82200000	2193.66600000	2186.15600000	2199.89000000	2183.61440000	2196.53800000
2826354515.05016708	2178.23600000	2192.56000000	2169.46400000	2187.06000000	2182.77000000	2193.76400000	2179.84600000	2195.04200000	2178.83000000	2197.16200000	2177.82920000	2193.11760000
2827357859.53177261	2173.47400000	2193.27200000	2170.09800000	2197.42600000	2183.63400000	2205.05800000	2185.54000000	2203.99000000	2169.37600000	2197.30200000	2176.42440000	2199.40960000
2828361204.01337814	2161.61800000	2187.95400000	2161.49200000	2186.89800000	2166.19200000	2194.77400000	2171.76200000	2196.59400000	2162.36800000	2192.94000000	2164.68640000	2191.83200000
2829364548.49498320	2154.07800000	2188.22600000	2153.12000000	2186.31800000	2157.75000000	2191.94400000	2165.16800000	2197.84400000	2165.24800000	2195.67400000	2159.07280000	2192.00120000
2830367892.97658873	2137.94600000	2179.79600000	2143.66000000	2182.13400000	2159.40000000	2196.66800000	2148.91600000	2186.80400000	2156.46600000	2202.15000000	2149.27760000	2189.51040000
2831371237.45819378	2137.05800000	2183.84200000	2135.39600000	2183.95800000	2149.33400000	2196.10200000	2150.63800000	2205.99400000	2142.85800000	2192.47200000	2143.05680000	2192.47360000
2832374581.93979931	2135.74600000	2194.88000000	2144.07400000	2199.85200000	2135.84000000	2193.34800000	2145.27600000	2206.47200000	2128.92000000	2193.04600000	2137.97120000	2197.51960000
2833377926.42140484	2136.40400000	2196.36200000	2133.12400000	2187.65800000	2142.72000000	2204.13200000	2133.60200000	2191.44200000	2143.64400000	2199.73600000	2137.89880000	2195.86600000
2834381270.90300989	2131.27000000	2194.42000000	2123.51000000	2186.78000000	2131.01600000	2192.31600000	2132.88600000	2200.00200000	2137.50800000	2201.20000000	2131.23800000	2194.94360000
2835384615.38461542	2118.62000000	2182.31800000	2120.70200000	2191.27600000	2130.08400000	2199.49400000	2123.15000000	2191.79800000	2132.31200000	2199.83600000	2124.97360000	2192.94440000
2836387959.86622095	2122.45600000	2185.48800000	2116.74000000	2188.24000000	2124.05000000	2194.99200000	2127.43200000	2191.02600000	2129.59800000	2201.99000000	2124.05520000	2192.34720000
2837391304.34782600	2125.88600000	2188.77000000	2122.06600000	2189.15800000	2118.38000000	2194.41800000	2123.86200000	2197.86600000	2123.74400000	2189.10800000	2122.78760000	2191.86400000
2838394648.82943153	2115.04600000	2178.40400000	2115.60600000	2185.88800000	2132.46200000	2204.00600000	2115.51600000	2187.59800000	2133.03600000	2200.28000000	2122.33320000	2191.23520000
2839397993.31103659	2128.15000000	2188.96000000	2136.70600000	2199.03400000	2127.62200000	2192.87400000	2138.73200000	2198.83400000	2123.11200000	2190.09800000	2130.86440000	2193.96000000
2840401337.79264212	2133.23400000	2187.04800000	2127.38000000	2181.79600000	2140.11600000	2196.55000000	2134.85600000	2192.74200000	2133.26600000	2195.17800000	2133.77040000	2190.66280000
2841404682.27424765	2141.37200000	2192.90600000	2146.31400000	2195.69400000	2146.22200000	2202.66600000	2151.31400000	2201.65600000	2135.35000000	2191.86600000	2144.11440000	2196.95760000
2842408026.75585270	2140.04200000	2183.64600000	2146.20600000	2189.82400000	2157.07200000	2198.98400000	2148.54800000	2192.94200000	2155.02200000	2199.63400000	2149.37800000	2193.00600000
2843411371.23745823	2159.12000000	2194.35400000	2165.11400000	2198.66200000	2157.32600000	2191.99200000	2169.73800000	2204.50800000	2158.21800000	2191.97200000	2161.90320000	2196.29760000
2844414715.71906376	2166.70000000	2191.14800000	2175.67600000	2200.91200000	2165.54200000	2188.47600000	2180.85600000	2201.86000000	2165.74600000	2190.95600000	2170.90400000	2194.67040000
2845418060.20066881	2159.92800000	2182.18800000	2167.25400000	2185.09800000	2182.71000000	2200.61000000	2169.57400000	2188.34000000	2184.67800000	2208.99400000	2172.82880000	2193.04600000
2846421404.68227434	2177.37600000	2198.07600000	2171.23400000	2185.35600000	2185.27400000	2199.95800000	2179.38200000	2197.80000000	2183.63600000	2204.22400000	2179.38040000	2197.08280000
2847424749.16387939	2169.52000000	2183.14800000	2174.25200000	2185.45000000	2186.70800000	2197.04600000	2182.61200000	2193.22400000	2187.33800000	2203.09200000	2180.08600000	2192.39200000
2848428093.64548492	2181.94400000	2192.77600000	2177.49600000	2187.06000000	2188.89800000	2198.26800000	2181.67600000	2193.15400000	2183.93200000	2193.66600000	2182.78920000	2192.98480000
2849431438.12709045	2174.91200000	2187.88600000	2180.44800000	2185.34800000	2187.11800000	2193.71600000	2192.19000000	2197.26600000	2191.70000000	2201.56600000	2185.27360000	2193.15640000
2850434782.60869551	2175.29400000	2183.91200000	2179.20600000	2189.11200000	2194.54400000	2200.60000000	2179.90400000	2190.74600000	2198.63800000	2207.83600000	2185.51720000	2194.44120000
2851438127.09030104	2180.88800000	2190.15200000	2181.79400000	2188.47800000	2189.30000000	2195.04200000	2191.39400000	2204.76400000	2193.33800000	2202.86200000	2187.34280000	2196.25960000
2852441471.57190657	2187.35000000	2191.52800000	2182.07400000	2191.92200000	2192.24800000	2193.51000000	2192.38600000	2195.63400000	2193.94000000	2197.87200000	2189.59960000	2194.09320000
2853444816.05351162	2191.60200000	2190.98600000	2183.22800000	2191.96600000	2192.50200000	2198.22400000	2195.31200000	2195.81200000	2197.44600000	2200.93200000	2192.01800000	2195.58400000
2854448160.53511715	2189.24600000	2193.08800000	2187.59800000	2195.32600000	2201.09000000	2209.27000000	2198.15200000	2201.54000000	2191.56000000	2193.12800000	2193.52920000	2198.47040000
2855451505.01672220	2196.24200000	2197.36200000	2188.36000000	2192.73800000	2197.71000000	2204.63000000	2189.37400000	2191.43800000	2194.52800000	2199.42400000	2193.24280000	2197.11840000
2856454849.49832773	2189.06800000	2193.55400000	2198.64600000	2202.86600000	2197.02200000	2195.61800000	2204.88200000	2204.15000000	2192.28200000	2191.93600000	2196.38000000	2197.62480000
2857458193.97993326	2193.78600000	2194.28400000	2199.18200000	2202.64000000	2189.30600000	2194.31800000	2200.26200000	2203.94800000	2188.03200000	2192.32200000	2194.11360000	2197.50240000
2858461538.46153831	2190.94400000	2190.38200000	2187.29800000	2189.28000000	2196.69200000	2199.16200000	2193.07200000	2188.17400000	2194.13200000	2197.09000000	2192.42760000	2192.81760000
2859464882.94314384	2176.13000000	2182.36200000	2185.29600000	2185.76200000	2195.06600000	2199.92400000	2185.06000000	2189.77600000	2199.01400000	2204.01400000	2188.11320000	2192.36760000
2860468227.42474937	2187.76400000	2192.63600000	2184.89200000	2187.42000000	2195.27200000	2193.80400000	2202.07800000	2201.71800000	2196.06200000	2197.00200000	2193.21360000	2194.51600000
2861471571.90635443	2184.66000000	2185.51000000	2184.28000000	2183.26400000	2193.36600000	2195.84000000	2191.11200000	2190.66600000	2190.25200000	2192.45200000	2188.73400000	2189.54640000
2862474916.38795996	2191.02400000	2191.08800000	2186.68600000	2189.62000000	2196.82800000	2196.33400000	2195.07800000	2195.41600000	2196.96200000	2192.07600000	2193.31560000	2192.90680000
2863478260.86956501	2193.94200000	2195.48000000	2200.37400000	2205.05600000	2195.40600000	2196.69600000	2203.13400000	2202.66000000	2192.59000000	2191.10000000	2197.08920000	2198.19840000
2864481605.35117054	2184.15600000	2186.75800000	2182.63400000	2190.62000000	2196.65800000	2194.18200000	2195.18800000	2196.74400000	2200.18400000	2200.57200000	2191.76400000	2193.77520000
2865484949.83277607	2201.64600000	2202.20200000	2190.39200000	2187.50600000	2205.03000000	2204.80000000	2198.09800000	2195.21000000	2197.87000000	2196.50400000	2198.60720000	2197.24440000
2866488294.31438112	2183.29400000	2183.76200000	2187.19600000	2189.22200000	2199.68600000	2197.98000000	2193.76400000	2193.78600000	2200.77000000	2203.32000000	2192.94200000	2193.61400000
2867491638.79598665	2185.96800000	2181.78800000	2191.51400000	2186.34000000	2197.30800000	2198.55200000	2201.41200000	2197.28600000	2196.77600000	2201.05200000	2194.59560000	2193.00360000
2868494983.27759218	2196.09600000	2196.99400000	2201.07000000	2200.55400000	2197.89600000	2199.01200000	2212.53200000	2209.73000000	2194.46200000	2195.77600000	2200.41120000	2200.41320000
2869498327.75919724	2193.12600000	2193.86400000	2191.54800000	2192.26200000	2208.87400000	2205.13600000	2198.29800000	2199.26600000	2197.63000000	2199.44800000	2197.89520000	2197.99520000
2870501672.24080276	2178.38600000	2179.93200000	2183.51000000	2183.76000000	2200.81600000	2205.87200000	2188.05200000	2189.46800000	2205.54200000	2200.21600000	2191.26120000	2191.84960000
2871505016.72240782	2181.77000000	2181.80800000	2189.26600000	2187.15400000	2198.37600000	2196.00200000	2198.70000000	2195.00400000	2201.86400000	2203.37400000	2193.99520000	2192.66840000
2872508361.20401335	2188.39400000	2187.24400000	2190.16400000	2188.31800000	2197.63800000	2195.88400000	2201.64600000	2196.74200000	2198.31200000	2198.80000000	2195.23080000	2193.39760000
2873511705.68561888	2191.81400000	2189.24400000	2185.87200000	2187.56200000	2191.20600000	2189.58600000	2192.00400000	2195.72800000	2193.23200000	2194.65600000	2190.82560000	2191.35520000
2874515050.16722393	2185.06000000	2185.19600000	2189.50200000	2189.86400000	2193.95200000	2192.50000000	2199.03400000	2199.30600000	2201.39400000	2197.24800000	2193.78840000	2192.82280000
2875518394.64882946	2189.65000000	2186.84800000	2182.33600000	2182.51800000	2194.32400000	2198.67600000	2198.57800000	2198.73600000	2191.35400000	2197.74000000	2191.24840000	2192.90360000
2876521739.13043499	2194.76800000	2194.86800000	2195.05400000	2192.59000000	2207.26200000	2203.64200000	2206.37800000	2201.15000000	2200.27600000	2196.78400000	2200.74760000	2197.80680000
2877525083.61204004	2193.45200000	2190.60200000	2197.00000000	2197.47800000	2201.56400000	2200.34800000	2206.96000000	2202.58800000	2189.51800000	2188.23000000	2197.69880000	2195.84920000
2878528428.09364557	2189.87200000	2195.15400000	2197.69800000	2202.72800000	2189.11600000	2192.71600000	2201.74400000	2201.52200000	2190.46200000	2191.49000000	2193.77840000	2196.72200000
2879531772.57525063	2193.66200000	2188.30600000	2189.95200000	2187.76400000	2191.85600000	2193.00800000	2195.25200000	2191.22600000	2193.56600000	2195.06400000	2192.85760000	2191.07360000
2880535117.05685616	2189.86400000	2192.36600000	2192.65800000	2191.20000000	2192.90200000	2195.57800000	2200.81200000	2196.74800000	2190.86800000	2195.03600000	2193.42080000	2194.18560000
2881538461.53846169	2191.55800000	2193.55000000	2190.24000000	2190.21600000	2196.54600000	2198.59400000	2196.83400000	2202.34000000	2200.67000000	2200.43600000	2195.16960000	2197.02720000
2882541806.02006674	2187.17800000	2186.08600000	2186.07400000	2187.11600000	2192.14600000	2195.09000000	2197.07000000	2199.72000000	2199.88200000	2202.10000000	2192.47000000	2194.02240000
2883545150.50167227	2180.14200000	2179.69200000	2182.63200000	2187.38800000	2201.39200000	2198.70600000	2192.68200000	2191.34600000	2200.19600000	2206.28800000	2191.40880000	2192.68400000
2884548494.98327780	2185.60200000	2187.91600000	2182.89400000	2184.03600000	2194.80800000	2195.70800000	2203.26000000	2197.06400000	2196.26400000	2199.72800000	2192.56560000	2192.89040000
2885551839.46488285	2198.13400000	2200.42400000	2185.01200000	2185.35000000	2204.17600000	2201.39600000	2198.45200000	2197.35800000	2202.69600000	2199.31400000	2197.69400000	2196.76840000
2886555183.94648838	2182.57600000	2179.47200000	2182.42600000	2188.40600000	2194.91000000	2195.30400000	2196.25200000	2197.74600000	2200.12200000	2196.92800000	2191.25720000	2191.57120000
2887558528.42809343	2197.17600000	2195.79400000	2192.38400000	2191.50600000	2202.21600000	2208.03200000	2198.49200000	2196.92400000	2196.47800000	2201.06200000	2197.34920000	2198.66360000
2888561872.90969896	2188.84000000	2189.46400000	2189.16800000	2188.15600000	2189.20000000	2189.88600000	2199.90800000	2201.74200000	2197.12200000	2195.85200000	2192.84760000	2193.02000000
2889565217.39130449	2191.15400000	2193.57400000	2193.64000000	2194.69400000	2201.20800000	2200.32400000	2200.69000000	2202.48000000	2187.13800000	2192.13000000	2194.76600000	2196.64040000
2890568561.87290955	2189.80600000	2190.97800000	2187.51800000	2193.77600000	2205.04600000	2204.38200000	2199.44000000	2203.45800000	2191.86400000	2194.15600000	2194.73480000	2197.35000000
2891571906.35451508	2194.75600000	2192.92400000	2187.96000000	2188.65600000	2192.73200000	2200.64600000	2193.74600000	2191.18800000	2196.57000000	2202.89600000	2193.15280000	2195.26200000
2892575250.83612061	2187.33400000	2189.39200000	2195.14600000	2196.82200000	2190.85800000	2192.35800000	2201.67200000	2204.39400000	2185.86400000	2189.26000000	2192.17480000	2194.44520000
2893578595.31772566	2180.95200000	2186.06400000	2178.91800000	2185.09200000	2190.05600000	2198.45200000	2195.44400000	2201.33800000	2194.50600000	2200.63800000	2187.97520000	2194.31680000
2894581939.79933119	2176.06600000	2183.32800000	2178.43400000	2184.17200000	2194.76400000	2200.08400000	2188.31200000	2188.64800000	2199.68800000	2204.94400000	2187.45280000	2192.23520000
2895585284.28093624	2182.15600000	2192.66600000	2180.84000000	2189.30600000	2196.72600000	2195.14400000	2183.80600000	2189.35400000	2191.20200000	2199.37600000	2186.94600000	2193.16920000
2896588628.76254177	2181.88600000	2193.53400000	2185.39400000	2188.26400000	2181.58200000	2197.43200000	2193.88000000	2201.61600000	2190.62800000	2198.21800000	2186.67400000	2195.81280000
2897591973.24414730	2169.82400000	2185.73800000	2178.14000000	2187.15600000	2180.02000000	2188.55800000	2182.05400000	2197.62400000	2180.91000000	2189.94800000	2178.18960000	2189.80480000
2898595317.72575235	2179.14800000	2199.59800000	2169.26000000	2189.63400000	2185.84800000	2202.67200000	2177.74000000	2194.88600000	2184.18800000	2198.96200000	2179.23680000	2197.15040000
2899598662.20735788	2161.17800000	2180.27800000	2169.09800000	2186.56200000	2174.88600000	2195.46000000	2171.28400000	2189.29800000	2182.52800000	2206.86200000	2171.79480000	2191.69200000
2900602006.68896341	2167.30400000	2186.93400000	2165.68400000	2186.67800000	2169.13000000	2195.43400000	2169.94200000	2192.56600000	2165.04200000	2192.30600000	2167.42040000	2190.78360000
2901605351.17056847	2157.96600000	2190.21000000	2164.06600000	2199.95000000	2159.88000000	2196.84400000	2172.28400000	2209.04600000	2157.63800000	2194.71400000	2162.36680000	2198.15280000
2902608695.65217400	2137.34800000	2182.65000000	2147.97800000	2181.57400000	2153.41600000	2194.95200000	2147.85600000	2194.55600000	2154.60600000	2201.86200000	2148.24080000	2191.11880000
2903612040.13377905	2138.39600000	2192.36800000	2135.88200000	2186.04800000	2146.36600000	2194.88800000	2142.16600000	2196.95000000	2140.67400000	2196.37600000	2140.69680000	2193.32600000
2904615384.61538458	2142.25000000	2193.17600000	2134.30200000	2187.52800000	2142.81800000	2204.59200000	2138.77200000	2196.90800000	2137.45000000	2197.32600000	2139.11840000	2195.90600000
2905618729.09699011	2132.23600000	2186.07400000	2127.00400000	2183.26200000	2134.06200000	2194.42400000	2141.75800000	2202.97200000	2133.82400000	2195.58600000	2133.77680000	2192.46360000
2906622073.57859516	2129.10600000	2188.25000000	2137.87600000	2202.79600000	2131.85600000	2193.86000000	2139.58800000	2199.46400000	2128.06800000	2194.31600000	2133.29880000	2195.73720000
2907625418.06020069	2129.56000000	2194.26000000	2125.28200000	2186.48800000	2130.14400000	2195.19000000	2130.23800000	2192.97800000	2132.20000000	2196.00000000	2129.48480000	2192.98320000
2908628762.54180622	2141.11800000	2200.19800000	2130.63600000	2187.85600000	2142.53400000	2203.51600000	2135.89000000	2191.92000000	2137.41200000	2201.14000000	2137.51800000	2196.92600000
2909632107.02341127	2136.75200000	2192.73400000	2133.97000000	2187.62800000	2136.83800000	2194.22600000	2140.32000000	2197.82600000	2136.27800000	2192.94000000	2136.83160000	2193.07080000
2910635451.50501680	2134.05800000	2182.23800000	2133.71000000	2184.12200000	2149.53200000	2202.66200000	2135.72000000	2190.93800000	2155.03800000	2206.34800000	2141.61160000	2193.26160000
2911638795.98662186	2142.89600000	2184.05600000	2141.48800000	2189.25400000	2146.49200000	2195.89400000	2148.17000000	2192.28400000	2140.25400000	2189.25400000	2143.86000000	2190.14840000
2912642140.46822739	2148.38600000	2186.99400000	2150.14200000	2188.66000000	2154.72600000	2195.77200000	2155.01000000	2200.83000000	2156.63400000	2195.20400000	2152.97960000	2193.49200000
2913645484.94983292	2161.10800000	2195.07400000	2169.36000000	2200.31000000	2159.52400000	2193.52000000	2171.13400000	2206.90000000	2154.01400000	2191.69200000	2163.02800000	2197.49920000
2914648829.43143797	2165.63800000	2186.83400000	2157.05200000	2186.29400000	2166.07000000	2192.80000000	2168.50000000	2195.47200000	2167.04600000	2192.64000000	2164.86120000	2190.80800000
2915652173.91304350	2154.61800000	2185.14400000	2162.70400000	2188.06600000	2178.72400000	2199.11600000	2166.91000000	2191.04600000	2181.82000000	2204.68600000	2168.95520000	2193.61160000
2916655518.39464903	2178.73600000	2188.91200000	2172.08800000	2186.65000000	2184.35000000	2197.51600000	2187.80000000	2197.99600000	2187.63000000	2201.89600000	2182.12080000	2194.59400000
2917658862.87625408	2176.36400000	2181.80000000	2175.85000000	2188.76800000	2182.37200000	2196.30000000	2191.41600000	2202.19000000	2182.60600000	2194.28400000	2181.72160000	2192.66840000
2918662207.35785961	2186.66600000	2197.09000000	2181.19200000	2185.23800000	2187.92400000	2196.12400000	2189.01200000	2194.43800000	2186.19000000	2199.54800000	2186.19680000	2194.48760000
2919665551.83946514	2174.49000000	2179.17400000	2180.69200000	2188.55800000	2192.33200000	2198.92000000	2183.95000000	2188.66000000	2196.13000000	2201.21600000	2185.51880000	2191.30560000
2920668896.32107019	2181.93800000	2186.90200000	2186.43000000	2188.22000000	2193.42200000	2197.86200000	2193.91000000	2194.08600000	2192.30800000	2200.01600000	2189.60160000	2193.41720000
2921672240.80267572	2187.91800000	2192.56400000	2190.82600000	2194.55800000	2201.43000000	2202.73800000	2203.64600000	2205.79200000	2186.46600000	2193.88800000	2194.05720000	2197.90800000
2922675585.28428078	2176.75400000	2184.30800000	2184.12600000	2186.54600000	2197.59800000	2198.63000000	2186.27200000	2189.26600000	2200.89800000	2203.27600000	2189.12960000	2192.40520000
2923678929.76588631	2188.47800000	2191.39200000	2187.34000000	2191.71400000	2194.35200000	2196.49800000	2204.33000000	2201.66000000	2194.83600000	2197.89200000	2193.86720000	2195.83120000
2924682274.24749184	2178.19200000	2183.36800000	2182.87600000	2186.38400000	2201.04200000	2201.27800000	2188.88400000	2191.76000000	2202.37200000	2201.98400000	2190.67320000	2192.95480000
2925685618.72909689	2191.99800000	2195.21400000	2187.95000000	2187.97000000	2200.97000000	2197.57400000	2189.13200000	2188.81000000	2196.87600000	2197.99000000	2193.38520000	2193.51160000
2926688963.21070242	2193.78400000	2196.61000000	2193.35000000	2190.56800000	2202.67400000	2201.15600000	2197.12800000	2198.70400000	2197.43200000	2199.67400000	2196.87360000	2197.34240000
2927692307.69230747	2186.03000000	2186.76400000	2184.87400000	2184.72200000	2196.28400000	2195.69200000	2196.23800000	2198.69800000	2197.45600000	2197.62800000	2192.17640000	2192.70080000
2928695652.17391300	2185.62600000	2180.48600000	2184.28000000	2187.28600000	2197.36800000	2192.65600000	2196.74200000	2198.57200000	2201.76600000	2196.83400000	2193.15640000	2191.16680000
2929698996.65551853	2195.67200000	2200.51000000	2197.88000000	2192.60000000	2206.18800000	2206.03800000	2193.57600000	2197.05200000	2195.08400000	2197.20400000	2197.68000000	2198.68080000
2930702341.13712358	2194.91200000	2199.19200000	2201.86600000	2200.61200000	2191.80600000	2195.86400000	2204.83600000	2206.35200000	2189.17800000	2192.98000000	2196.51960000	2199.00000000
2931705685.61872911	2188.47200000	2186.18000000	2184.98800000	2184.23000000	2197.69200000	2195.03800000	2193.84600000	2192.82000000	2188.92600000	2190.76200000	2190.78480000	2189.80600000
2932709030.10033464	2186.85600000	2185.84400000	2183.98800000	2184.57800000	2195.85800000	2197.80000000	2194.32000000	2201.40600000	2200.38400000	2198.03600000	2192.28120000	2193.53280000
2933712374.58193970	2192.80600000	2190.85600000	2190.25000000	2186.43800000	2196.78400000	2196.04600000	2196.98400000	2197.67000000	2200.33200000	2198.95000000	2195.43120000	2193.99200000
2934715719.06354523	2193.25600000	2197.84000000	2201.14200000	2199.33400000	2198.10600000	2193.83800000	2209.51200000	2209.16000000	2195.59000000	2192.57000000	2199.52120000	2198.54840000
2935719063.54515076	2188.03400000	2186.45600000	2183.23200000	2187.53600000	2195.54800000	2197.98600000	2196.73000000	2199.48000000	2198.63400000	2196.00000000	2192.43560000	2193.49160000
2936722408.02675581	2190.46000000	2189.51800000	2192.26800000	2188.23200000	2196.20600000	2195.20800000	2200.65200000	2203.51800000	2201.77600000	2200.82200000	2196.27240000	2195.45960000
2937725752.50836134	2188.98200000	2190.05600000	2196.82600000	2199.97600000	2190.29800000	2191.17600000	2204.64800000	2206.46400000	2194.53800000	2190.12800000	2195.05840000	2195.56000000
2938729096.98996639	2195.56800000	2194.92200000	2190.27400000	2193.09000000	2200.28200000	2200.06600000	2189.11800000	2189.75600000	2200.57000000	2196.62600000	2195.16240000	2194.89200000
2939732441.47157192	2195.52200000	2192.56600000	2189.09600000	2186.79000000	2196.04800000	2198.91800000	2199.75000000	2196.43600000	2193.02000000	2195.82600000	2194.68720000	2194.10720000
2940735785.95317745	2185.58800000	2182.59000000	2188.68400000	2188.04200000	2200.99600000	2199.47400000	2193.53000000	2186.63600000	2205.45000000	2206.94400000	2194.84960000	2192.73720000
2941739130.43478251	2192.35200000	2195.92800000	2193.77000000	2195.89000000	2202.58000000	2207.74400000	2205.90000000	2205.25800000	2192.69200000	2194.64600000	2197.45880000	2199.89320000
2942742474.91638803	2189.03400000	2189.28200000	2199.07400000	2195.74400000	2192.89400000	2191.42000000	2204.58600000	2206.54600000	2190.35200000	2191.04400000	2195.18800000	2194.80720000
2943745819.39799309	2189.29600000	2185.90800000	2191.00400000	2188.05800000	2194.67800000	2193.24200000	2198.33000000	2194.55400000	2193.02200000	2191.08400000	2193.26600000	2190.56920000
2944749163.87959862	2198.82800000	2195.97800000	2191.87400000	2188.37400000	2201.86800000	2199.71400000	2194.80200000	2195.04000000	2201.60600000	2195.67200000	2197.79560000	2194.95560000
2945752508.36120415	2181.30200000	2182.00200000	2185.75200000	2186.17000000	2202.95200000	2199.88800000	2194.99000000	2193.19400000	2201.60000000	2199.88600000	2193.31920000	2192.22800000
2946755852.84280920	2190.92800000	2186.63200000	2198.99200000	2198.89800000	2193.56200000	2194.96800000	2203.00200000	2200.46200000	2197.12000000	2194.09000000	2196.72080000	2195.01000000
2947759197.32441473	2194.25000000	2192.84400000	2191.11200000	2187.80600000	2197.09000000	2192.26400000	2206.83400000	2201.01200000	2207.79200000	2204.86000000	2199.41560000	2195.75720000
2948762541.80602026	2193.42000000	2192.86200000	2187.45000000	2191.00200000	2201.01600000	2197.70600000	2196.30600000	2192.17600000	2196.18000000	2195.38600000	2194.87440000	2193.82640000
2949765886.28762531	2188.07800000	2191.12000000	2200.91800000	2196.55200000	2192.27600000	2193.82000000	2206.49400000	2203.07400000	2194.00800000	2191.18200000	2196.35480000	2195.14960000
2950769230.76923084	2187.67200000	2188.50800000	2187.54600000	2190.71600000	2199.76600000	2199.82800000	2189.55800000	2194.04600000	2205.09000000	2203.40400000	2193.92640000	2195.30040000
2951772575.25083637	2197.35600000	2191.48400000	2188.42800000	2190.85600000	2198.20800000	2194.40400000	2200.84000000	2198.66400000	2194.17000000	2193.51400000	2195.80040000	2193.78440000
2952775919.73244143	2185.73200000	2183.71400000	2187.23800000	2187.14600000	2204.22400000	2200.95000000	2188.87400000	2183.48400000	2209.36400000	2207.51200000	2195.08640000	2192.56120000
2953779264.21404696	2183.27800000	2183.66400000	2184.90200000	2187.48400000	2200.42600000	2203.90600000	2191.61600000	2192.40000000	2203.61200000	2199.33000000	2192.76680000	2193.35680000
2954782608.69565201	2195.75400000	2188.10000000	2191.45200000	2194.37000000	2204.53600000	2205.80800000	2197.94200000	2199.33200000	2201.10400000	2197.28000000	2198.15760000	2196.97800000
2955785953.17725754	2191.33600000	2194.25000000	2191.06400000	2192.59000000	2201.14200000	2204.37600000	2196.72400000	2197.29200000	2194.20800000	2196.67600000	2194.89480000	2197.03680000
2956789297.65886307	2189.09200000	2181.28000000	2187.51800000	2186.17800000	2197.75400000	2191.49800000	2198.09000000	2200.11800000	2203.35600000	2199.82000000	2195.16200000	2191.77880000
2957792642.14046812	2192.13800000	2189.94800000	2186.74400000	2188.13200000	2193.78400000	2194.76400000	2197.59400000	2203.31200000	2191.52000000	2194.13800000	2192.35600000	2194.05880000
2958795986.62207365	2186.98600000	2187.23600000	2184.07000000	2188.89000000	2195.68600000	2188.64600000	2198.82800000	2199.09200000	2190.51800000	2194.14600000	2191.21760000	2191.60200000
2959799331.10367870	2183.71400000	2180.80200000	2190.56600000	2187.89000000	2201.59200000	2200.22200000	2190.49600000	2186.22600000	2208.79200000	2208.24000000	2195.03200000	2192.67600000
2960802675.58528423	2185.02800000	2184.77800000	2188.06200000	2186.66200000	2195.34800000	2189.90000000	2201.29400000	2199.15000000	2202.62800000	2197.41600000	2194.47200000	2191.58120000
2961806020.06688976	2179.81600000	2185.93000000	2191.12200000	2189.73000000	2204.06200000	2202.11200000	2192.56000000	2189.18600000	2203.71000000	2205.05800000	2194.25400000	2194.40320000
2962809364.54849482	2184.41200000	2181.99800000	2183.24000000	2188.68600000	2195.19600000	2195.75000000	2205.77000000	2203.28600000	2200.95800000	2197.34400000	2193.91520000	2193.41280000
2963812709.03010035	2193.48000000	2196.61000000	2198.27800000	2201.09000000	2202.57400000	2202.16000000	2208.61400000	2208.77600000	2193.63200000	2192.89600000	2199.31560000	2200.30640000
2964816053.51170588	2190.37200000	2193.93600000	2188.55400000	2190.29800000	2200.10400000	2198.53200000	2200.17800000	2200.05200000	2201.15400000	2205.86800000	2196.07240000	2197.73720000
2965819397.99331093	2193.60200000	2194.43800000	2198.99000000	2197.42600000	2197.06200000	2200.57600000	2205.40200000	2206.11800000	2190.81200000	2192.46800000	2197.17360000	2198.20520000
2966822742.47491646	2186.33600000	2184.23600000	2188.10200000	2184.08200000	2196.10800000	2199.29000000	2198.18800000	2195.88600000	2202.29400000	2201.23800000	2194.20560000	2192.94640000
2967826086.95652199	2182.59800000	2181.18400000	2190.28400000	2192.40200000	2200.48200000	2199.47400000	2194.47200000	2194.68600000	2204.32800000	2200.32800000	2194.43280000	2193.61480000
2968829431.43812704	2201.64600000	2202.82400000	2189.98400000	2189.53600000	2205.53200000	2205.19000000	2202.80200000	2200.87600000	2201.18600000	2199.86200000	2200.23000000	2199.65760000
2969832775.91973257	2191.47800000	2192.48800000	2192.75400000	2196.98600000	2207.35800000	2208.49000000	2205.25600000	2205.73600000	2194.05800000	2195.16000000	2198.18080000	2199.77200000
2970836120.40133762	2187.31400000	2186.37600000	2189.77000000	2189.41800000	2194.36200000	2196.35200000	2193.30400000	2193.12000000	2187.94400000	2189.73600000	2190.53880000	2191.00040000
2971839464.88294315	2189.46000000	2187.41000000	2190.46200000	2189.71600000	2191.68200000	2196.53800000	2192.64000000	2193.23800000	2198.01800000	2198.14400000	2192.45240000	2193.00920000
2972842809.36454868	2194.08600000	2193.74600000	2190.77400000	2187.97200000	2194.71400000	2194.27600000	2197.75000000	2196.00200000	2198.64400000	2200.99800000	2195.19360000	2194.59880000
2973846153.84615374	2197.97600000	2196.95200000	2192.70800000	2190.46200000	2202.95600000	2200.64200000	2199.38800000	2195.77200000	2203.96000000	2202.40000000	2199.39760000	2197.24560000
2974849498.32775927	2185.12000000	2187.39800000	2186.13200000	2185.16400000	2194.82600000	2193.89400000	2194.78600000	2196.74400000	2202.41000000	2199.74800000	2192.65480000	2192.58960000
2975852842.80936432	2181.38400000	2179.17400000	2187.24000000	2185.82200000	2197.55800000	2196.36000000	2193.72000000	2190.15600000	2202.36000000	2204.63000000	2192.45240000	2191.22840000
2976856187.29096985	2191.26400000	2195.98800000	2203.39400000	2201.33000000	2191.29400000	2196.44200000	2207.09000000	2205.67800000	2190.72200000	2188.62800000	2196.75280000	2197.61320000
2977859531.77257538	2176.45000000	2180.80600000	2185.47000000	2189.14200000	2192.21200000	2197.49000000	2198.45400000	2197.13400000	2199.25800000	2201.72600000	2190.36880000	2193.25960000
2978862876.25418043	2183.75400000	2184.46200000	2187.27800000	2187.51600000	2192.78400000	2194.12800000	2196.78200000	2198.55400000	2189.23600000	2189.50800000	2189.96680000	2190.83360000
2979866220.73578596	2187.42200000	2188.58600000	2184.65800000	2186.49600000	2194.72200000	2196.52400000	2196.78400000	2199.18600000	2189.63800000	2193.39200000	2190.64480000	2192.83680000
2980869565.21739149	2196.48800000	2193.17200000	2201.44400000	2202.55400000	2197.86600000	2192.69000000	2206.08600000	2205.79200000	2194.54800000	2190.43800000	2199.28640000	2196.92920000
2981872909.69899654	2197.94000000	2194.70200000	2189.72600000	2190.84400000	2198.31000000	2199.26000000	2198.01800000	2197.48400000	2203.96400000	2198.97600000	2197.59160000	2196.25320000
2982876254.18060207	2183.50600000	2186.92400000	2186.79600000	2184.32000000	2195.98000000	2195.13600000	2196.24200000	2196.17800000	2202.18200000	2201.96400000	2192.94120000	2192.90440000
2983879598.66220760	2188.23200000	2184.68200000	2184.97800000	2182.41600000	2195.64200000	2197.19000000	2196.94600000	2197.40200000	2199.96200000	2199.04400000	2193.15200000	2192.14680000
2984882943.14381266	2189.82800000	2185.56600000	2188.69000000	2190.07000000	2193.63000000	2188.38200000	2199.25600000	2199.66200000	2194.26600000	2196.25600000	2193.13400000	2191.98720000
2985886287.62541819	2187.14400000	2182.39600000	2187.87000000	2186.43200000	2195.54400000	2197.64400000	2195.22800000	2198.77000000	2203.75200000	2200.68400000	2193.90760000	2193.18520000
2986889632.10702324	2194.75200000	2190.83000000	2196.13000000	2196.88800000	2204.20600000	2205.74000000	2208.30000000	2208.81200000	2190.11600000	2194.14800000	2198.70080000	2199.28360000
2987892976.58862877	2200.40000000	2197.36800000	2195.07800000	2192.98800000	2204.64000000	2205.45600000	2200.62000000	2194.75800000	2200.78400000	2201.06400000	2200.30440000	2198.32680000
2988896321.07023430	2192.14600000	2189.53400000	2192.36200000	2185.04000000	2199.15600000	2193.51400000	2198.97800000	2195.28800000	2198.65800000	2200.87600000	2196.26000000	2192.85040000
2989899665.55183935	2193.33000000	2192.55800000	2205.90800000	2202.70600000	2195.30400000	2191.35200000	2207.74400000	2206.77600000	2193.27600000	2192.45000000	2199.11240000	2197.16840000
2990903010.03344488	2189.19000000	2195.44000000	2187.07200000	2192.88600000	2195.19800000	2192.29200000	2200.87800000	2198.08400000	2193.29800000	2193.88200000	2193.12720000	2194.51680000
2991906354.51504993	2197.08400000	2195.55600000	2192.43600000	2190.22000000	2196.93400000	2199.00000000	2201.52600000	2197.36800000	2200.88400000	2198.74600000	2197.77280000	2196.17800000
2992909698.99665546	2202.10800000	2192.51600000	2191.40800000	2193.49400000	2205.19400000	2203.02600000	2195.22400000	2195.30600000	2198.11200000	2199.19600000	2198.40920000	2196.70760000
2993913043.47826099	2180.19400000	2176.43200000	2187.41200000	2189.97000000	2199.39000000	2199.90600000	2191.38200000	2197.26400000	2201.85600000	2198.96800000	2192.04680000	2192.50800000
2994916387.95986605	2183.26000000	2181.25800000	2189.54200000	2186.93200000	2201.30200000	2200.41400000	2194.76400000	2193.83600000	2203.61400000	2202.91200000	2194.49640000	2193.07040000
2995919732.44147158	2185.24600000	2186.59800000	2184.35600000	2187.36200000	2194.49200000	2190.86200000	2203.10000000	2208.00200000	2200.30400000	2198.33800000	2193.49960000	2194.23240000
2996923076.92307711	2185.90000000	2187.83600000	2185.28200000	2186.52200000	2194.84000000	2195.97000000	2199.21600000	2196.34400000	2201.02200000	2201.81400000	2193.25200000	2193.69720000
2997926421.40468216	2178.64200000	2178.72000000	2184.16200000	2189.28800000	2195.48600000	2197.30200000	2190.45400000	2191.74800000	2205.90200000	2204.02000000	2190.92920000	2192.21560000
2998929765.88628769	2181.68600000	2180.22200000	2185.93200000	2185.18400000	2197.29400000	2193.21000000	2191.84200000	2194.20400000	2204.72200000	2203.34400000	2192.29520000	2191.23280000
2999933110.36789322	2185.05200000	2180.28000000	2188.61600000	2185.16200000	2205.22600000	2203.37200000	2187.74600000	2187.09200000	2209.11000000	2209.17400000	2195.15000000	2193.01600000
3000936454.84949827	2196.35200000	2195.87600000	2186.13200000	2187.21200000	2205.89600000	2202.33200000	2197.28000000	2198.31200000	2199.85400000	2203.67000000	2197.10280000	2197.48040000
3001939799.33110380	2193.31400000	2197.57200000	2196.12000000	2190.42800000	2205.91000000	2208.45200000	2204.16400000	2200.74600000	2199.91000000	2199.45400000	2199.88360000	2199.33040000
3002943143.81270885	2193.10200000	2196.44800000	2194.12800000	2192.81000000	2200.89800000	2198.07400000	2203.91000000	2196.01200000	2200.98600000	2202.78400000	2198.60480000	2197.22560000
3003946488.29431438	2194.28800000	2195.85400000	2186.73600000	2187.58600000	2198.38000000	2194.62800000	2200.43800000	2194.64600000	2202.15400000	2194.50400000	2196.39920000	2193.44360000
3004949832.77591991	2196.54800000	2192.51200000	2191.75800000	2188.66000000	2199.40200000	2199.38600000	2199.80600000	2198.14800000	2201.82000000	2196.27000000	2197.86680000	2194.99520000
3005953177.25752497	2186.51200000	2189.53200000	2185.09800000	2183.97000000	2197.02200000	2196.52000000	2201.94800000	2198.73400000	2195.83600000	2196.22600000	2193.28320000	2192.99640000
3006956521.73913050	2193.04000000	2193.40400000	2197.29800000	2195.11000000	2208.72000000	2206.63600000	2203.24800000	2205.70200000	2195.42800000	2198.03600000	2199.54680000	2199.77760000
3007959866.22073555	2191.47200000	2194.42800000	2188.79600000	2190.47400000	2198.67400000	2201.05200000	2188.31600000	2188.01800000	2197.27000000	2196.19400000	2192.90560000	2194.03320000
3008963210.70234108	2187.24000000	2185.25600000	2187.90000000	2183.80600000	2197.25000000	2194.44400000	2199.91800000	2199.83400000	2205.70800000	2200.71600000	2195.60320000	2192.81120000
3009966555.18394661	2186.02200000	2185.93600000	2182.93800000	2187.05200000	2197.63000000	2193.69400000	2199.65600000	2192.78800000	2192.20600000	2188.39400000	2191.69040000	2189.57280000
3010969899.66555166	2192.36600000	2194.05400000	2187.78600000	2192.62000000	2203.51200000	2202.04800000	2192.56400000	2188.28600000	2201.26200000	2203.10200000	2195.49800000	2196.02200000
3011973244.14715719	2198.70200000	2200.86400000	2191.31600000	2189.45600000	2207.65000000	2201.44000000	2198.96000000	2196.94400000	2197.45800000	2197.05800000	2198.81720000	2197.15240000
3012976588.62876272	2185.53000000	2182.42600000	2193.32600000	2187.91600000	2200.55800000	2195.31000000	2194.52800000	2189.99000000	2200.52600000	2203.01400000	2194.89360000	2191.73120000
3013979933.11036777	2178.60200000	2180.38400000	2192.60200000	2190.35400000	2201.19800000	2198.48200000	2191.75800000	2189.85600000	2201.64600000	2197.60800000	2193.16120000	2191.33680000
3014983277.59197330	2191.08200000	2192.37400000	2185.86600000	2187.37200000	2200.30600000	2198.07400000	2192.48800000	2193.06000000	2194.36800000	2197.97000000	2192.82200000	2193.77000000
3015986622.07357883	2181.57400000	2183.29600000	2188.34200000	2188.73400000	2200.64000000	2204.31000000	2193.55000000	2189.10600000	2204.39800000	2205.26800000	2193.70080000	2194.14280000
3016989966.55518389	2193.75800000	2193.65600000	2190.40000000	2188.42000000	2194.35200000	2194.99400000	2202.19400000	2202.55200000	2200.57400000	2204.36800000	2196.25560000	2196.79800000
3017993311.03678942	2193.04400000	2189.11600000	2189.94400000	2192.10400000	2198.67000000	2195.19800000	2201.85200000	2202.81800000	2203.99200000	2203.27200000	2197.50040000	2196.50160000
3018996655.51839447	2191.97800000	2193.35800000	2204.65400000	2198.94800000	2201.01400000	2200.71600000	2205.73000000	2204.70200000	2191.94000000	2189.57600000	2199.06320000	2197.46000000
3020000000.00000000	2181.99000000	2184.21200000	2190.25400000	2187.77600000	2204.15800000	2200.40200000	2194.15600000	2192.98600000	2205.70200000	2202.94400000	2195.25200000	2193.66400000
