freq	PL_sig1	PL_ref1	PL_sig2	PL_ref2	PL_sig3	PL_ref3	PL_sig4	PL_ref4	PL_sig5	PL_ref5	avgPL_sig	avgPL_ref
2820000000.00000000	5753.75600000	5768.25400000	5768.61400000	5777.41400000	5791.29600000	5810.54400000	5698.57600000	5718.18400000	5741.89200000	5754.26400000	5750.82680000	5765.73200000
2820502512.56281424	5718.31600000	5727.30200000	5840.30000000	5850.92800000	5854.12800000	5867.44400000	5747.02800000	5761.23000000	5761.46800000	5772.39000000	5784.24800000	5795.85880000
2821005025.12562799	5782.70200000	5796.19600000	5758.91600000	5768.20800000	5795.26200000	5797.81400000	5708.29800000	5713.22200000	5727.75800000	5728.14800000	5754.58720000	5760.71760000
2821507537.68844223	5730.87200000	5737.38200000	5794.10000000	5805.10400000	5762.94600000	5764.07200000	5707.63800000	5709.03600000	5713.51800000	5711.66200000	5741.81480000	5745.45120000
2822010050.25125647	5770.18200000	5776.27200000	5868.45600000	5874.43400000	5734.29800000	5738.51400000	5858.76000000	5868.95400000	5772.75000000	5781.17000000	5800.88920000	5807.86880000
2822512562.81407022	5793.11200000	5796.27000000	5819.93000000	5824.23600000	5785.97400000	5791.33000000	5722.64400000	5728.44000000	5690.30400000	5697.02000000	5762.39280000	5767.45920000
2823015075.37688446	5821.27000000	5820.10000000	5770.20800000	5769.11000000	5846.00400000	5850.73200000	5790.89400000	5798.91000000	5719.01400000	5723.37600000	5789.47800000	5792.44560000
2823517587.93969870	5769.10200000	5778.51400000	5783.48600000	5791.60400000	5872.60200000	5873.94400000	5673.60800000	5678.17800000	5770.84000000	5770.65200000	5773.92760000	5778.57840000
2824020100.50251245	5762.53400000	5763.62400000	5867.16400000	5866.16600000	5778.27000000	5777.09200000	5837.03400000	5839.05600000	5830.51400000	5839.62800000	5815.10320000	5817.11320000
2824522613.06532669	5729.03400000	5738.20400000	5767.33400000	5772.47600000	5815.85200000	5823.94400000	5745.70400000	5740.84600000	5731.27400000	5732.23400000	5757.83960000	5761.54080000
2825025125.62814093	5751.25400000	5757.49200000	5828.18600000	5833.55200000	5798.84000000	5801.54400000	5763.64400000	5772.38800000	5704.23800000	5710.99600000	5769.23240000	5775.19440000
2825527638.19095469	5798.77200000	5797.69600000	5710.01600000	5709.82800000	5896.30200000	5894.50000000	5779.82800000	5781.21400000	5693.62800000	5696.72600000	5775.70920000	5775.99280000
2826030150.75376892	5854.37000000	5851.76600000	5805.43400000	5810.83600000	5757.52800000	5759.31600000	5812.84600000	5811.58600000	5834.48200000	5836.41600000	5812.93200000	5813.98400000
2826532663.31658268	5764.02400000	5761.65800000	5733.52600000	5731.38600000	5704.15600000	5705.67400000	5727.06000000	5730.03400000	5681.02400000	5684.11200000	5721.95800000	5722.57280000
2827035175.87939692	5743.94600000	5746.45800000	5857.54000000	5855.55600000	5752.02400000	5752.47400000	5874.75000000	5872.33800000	5827.33800000	5825.78200000	5811.11960000	5810.52160000
2827537688.44221115	5822.74600000	5827.80400000	5790.65400000	5799.24400000	5684.84600000	5686.78800000	5754.14200000	5759.10400000	5710.16200000	5706.38400000	5752.51000000	5755.86480000
2828040201.00502491	5820.27800000	5821.09600000	5797.55200000	5802.58000000	5719.60000000	5719.37000000	5827.76600000	5831.97200000	5771.68400000	5768.37400000	5787.37600000	5788.67840000
2828542713.56783915	5618.58400000	5626.15600000	5871.77800000	5869.51000000	5767.96400000	5766.07600000	5807.07200000	5812.87800000	5758.47400000	5756.68800000	5764.77440000	5766.26160000
2829045226.13065338	5821.47000000	5829.31800000	5793.19400000	5794.66600000	5706.06200000	5705.52200000	5706.01800000	5720.63600000	5668.40000000	5673.31800000	5739.02880000	5744.69200000
2829547738.69346714	5762.81600000	5766.78000000	5799.37800000	5800.78600000	5698.82800000	5707.76800000	5736.13400000	5739.68200000	5749.52800000	5760.98600000	5749.33680000	5755.20040000
2830050251.25628138	5717.05400000	5720.29000000	5791.91600000	5801.59600000	5744.94800000	5750.98600000	5776.49400000	5776.60400000	5766.21800000	5770.32600000	5759.32600000	5763.96040000
2830552763.81909561	5789.73600000	5789.84200000	5766.82600000	5769.66600000	5819.52800000	5824.84000000	5694.83400000	5696.17400000	5742.99000000	5750.10800000	5762.78280000	5766.12600000
2831055276.38190937	5829.05200000	5829.94600000	5817.04000000	5821.31400000	5777.77800000	5783.42000000	5785.97800000	5791.55400000	5691.88400000	5697.56600000	5780.34640000	5784.76000000
2831557788.94472361	5890.26800000	5897.31000000	5848.87400000	5853.40000000	5776.09000000	5790.91000000	5764.41000000	5776.96800000	5816.44200000	5820.62600000	5819.21680000	5827.84280000
2832060301.50753784	5792.19000000	5802.25400000	5784.75200000	5795.19200000	5843.76200000	5856.08000000	5720.77200000	5718.13000000	5725.34600000	5731.98200000	5773.36440000	5780.72760000
2832562814.07035160	5811.12000000	5828.98400000	5837.39000000	5835.44400000	5790.45800000	5797.56800000	5817.86800000	5821.27200000	5711.40800000	5721.40400000	5793.64880000	5800.93440000
2833065326.63316584	5690.42200000	5696.39600000	5785.59800000	5796.64200000	5749.05000000	5762.15800000	5793.42800000	5808.26600000	5795.83400000	5796.33600000	5762.86640000	5771.95960000
2833567839.19598007	5772.72200000	5781.40800000	5784.28800000	5788.49200000	5808.51400000	5819.22400000	5725.18600000	5737.18000000	5750.71200000	5766.08200000	5768.28440000	5778.47720000
2834070351.75879383	5798.77400000	5808.80400000	5813.75000000	5826.66600000	5854.94200000	5859.64200000	5765.18200000	5779.75800000	5781.09800000	5782.57800000	5802.74920000	5811.48960000
2834572864.32160807	5711.71600000	5717.53800000	5775.99600000	5789.03400000	5712.10600000	5729.09600000	5781.83600000	5793.18800000	5682.76200000	5692.51600000	5732.88320000	5744.27440000
2835075376.88442230	5768.07800000	5780.95600000	5810.09600000	5813.67000000	5758.75600000	5763.07600000	5718.27200000	5734.98000000	5727.84000000	5730.72600000	5756.60840000	5764.68160000
2835577889.44723606	5760.02600000	5769.46800000	5763.57600000	5776.33600000	5797.35400000	5809.28800000	5721.67600000	5731.71400000	5745.88400000	5756.83600000	5757.70320000	5768.72840000
2836080402.01005030	5834.38200000	5841.08400000	5776.49000000	5782.69800000	5782.34200000	5790.92400000	5774.01600000	5793.87600000	5656.27200000	5672.66800000	5764.70040000	5776.25000000
2836582914.57286453	5755.50400000	5763.39400000	5768.55000000	5773.68800000	5815.88200000	5819.52200000	5736.46600000	5749.24400000	5640.12800000	5653.36600000	5743.30600000	5751.84280000
2837085427.13567829	5819.41600000	5824.79600000	5797.47400000	5806.01200000	5784.37000000	5786.64600000	5738.40200000	5743.52200000	5681.30600000	5682.62200000	5764.19360000	5768.71960000
2837587939.69849253	5685.68000000	5691.27000000	5771.11800000	5783.26400000	5861.66000000	5869.26200000	5742.44600000	5749.16400000	5736.29800000	5740.32600000	5759.44040000	5766.65720000
2838090452.26130676	5735.81600000	5742.02000000	5777.88200000	5783.46600000	5825.28800000	5833.40600000	5748.76800000	5755.81600000	5770.28600000	5774.17800000	5771.60800000	5777.77720000
2838592964.82412052	5753.08600000	5758.51200000	5753.24000000	5762.53800000	5803.64800000	5812.48600000	5855.00200000	5858.83200000	5811.51800000	5819.08600000	5795.29880000	5802.29080000
2839095477.38693476	5820.52400000	5825.40600000	5755.46000000	5757.67400000	5850.76600000	5856.07800000	5748.55000000	5754.31800000	5735.09800000	5744.18600000	5782.07960000	5787.53240000
2839597989.94974852	5686.27400000	5687.88000000	5765.35800000	5770.26000000	5763.24800000	5767.62400000	5793.70200000	5792.08400000	5737.43400000	5740.53800000	5749.20320000	5751.67720000
2840100502.51256275	5789.37600000	5792.11200000	5733.38600000	5733.48800000	5836.51800000	5839.06600000	5771.66800000	5774.63800000	5743.54400000	5752.99800000	5774.89840000	5778.46040000
2840603015.07537699	5807.04600000	5804.51200000	5800.30400000	5800.42200000	5799.40800000	5800.91000000	5778.62800000	5787.27000000	5689.81400000	5691.10800000	5775.04000000	5776.84440000
2841105527.63819075	5752.17400000	5751.38400000	5763.42200000	5764.01000000	5773.08400000	5771.14600000	5730.16000000	5724.50400000	5634.41800000	5641.69200000	5730.65160000	5730.54720000
2841608040.20100498	5822.80800000	5821.30600000	5798.37800000	5792.61600000	5807.78800000	5818.31200000	5891.11200000	5885.64000000	5754.28200000	5745.73800000	5814.87360000	5812.72240000
2842110552.76381922	5778.72600000	5783.23600000	5853.85200000	5853.03000000	5759.69400000	5772.12800000	5731.83000000	5732.72400000	5670.30200000	5664.49600000	5758.88080000	5761.12280000
2842613065.32663298	5773.77600000	5770.32600000	5759.96600000	5762.20400000	5796.80800000	5796.78800000	5772.60200000	5767.15000000	5709.45800000	5704.58000000	5762.52200000	5760.20960000
2843115577.88944721	5801.92000000	5804.33400000	5777.45400000	5775.46400000	5818.93200000	5815.16200000	5803.89400000	5802.02800000	5740.45800000	5752.75000000	5788.53160000	5789.94760000
2843618090.45226145	5742.85600000	5744.04600000	5756.30200000	5752.70800000	5830.91800000	5830.86400000	5653.39400000	5658.96400000	5763.61400000	5758.82200000	5749.41680000	5749.08080000
2844120603.01507521	5785.83600000	5780.71800000	5806.03400000	5803.87000000	5841.56400000	5840.16800000	5811.94800000	5811.47800000	5788.74800000	5781.93400000	5806.82600000	5803.63360000
2844623115.57788944	5803.35600000	5797.59800000	5801.96800000	5797.14600000	5826.73000000	5828.72600000	5691.95400000	5696.02600000	5736.65400000	5731.04600000	5772.13240000	5770.10840000
2845125628.14070368	5808.93000000	5807.38600000	5803.33600000	5796.09400000	5809.59800000	5803.62000000	5675.16200000	5670.12200000	5750.99600000	5748.98800000	5769.60440000	5765.24200000
2845628140.70351744	5777.86800000	5781.01200000	5791.66400000	5790.88600000	5847.41200000	5841.38800000	5766.58400000	5773.65800000	5786.44000000	5791.27200000	5793.99360000	5795.64320000
2846130653.26633167	5752.12800000	5750.66800000	5799.55800000	5803.71000000	5758.66400000	5759.44200000	5780.76000000	5782.81400000	5755.00000000	5753.29000000	5769.22200000	5769.98480000
2846633165.82914591	5819.96600000	5815.87800000	5824.48800000	5827.24000000	5799.76000000	5795.03400000	5854.70200000	5852.16400000	5783.31000000	5777.44400000	5816.44520000	5813.55200000
2847135678.39195967	5802.55000000	5800.48400000	5795.41200000	5795.05800000	5841.29200000	5838.63400000	5788.13600000	5787.56200000	5745.06800000	5738.05000000	5794.49160000	5791.95760000
2847638190.95477390	5820.82600000	5819.84600000	5858.44600000	5854.94800000	5762.35400000	5755.53400000	5799.24200000	5798.17400000	5733.03800000	5739.02400000	5794.78120000	5793.50520000
2848140703.51758814	5739.23000000	5736.30400000	5831.67800000	5829.37400000	5823.13800000	5816.45400000	5756.58800000	5761.44600000	5727.61000000	5721.11000000	5775.64880000	5772.93760000
2848643216.08040190	5715.35200000	5705.91200000	5805.76400000	5804.13800000	5750.84000000	5751.46800000	5712.89000000	5709.78800000	5871.93200000	5873.07600000	5771.35560000	5768.87640000
2849145728.64321613	5833.29800000	5831.80200000	5794.24800000	5797.36400000	5698.07400000	5688.09800000	5752.89000000	5742.78600000	5765.65400000	5760.22200000	5768.83280000	5764.05440000
2849648241.20603037	5801.81400000	5802.30200000	5828.82000000	5830.16800000	5879.29200000	5874.54600000	5684.76800000	5678.44800000	5732.86200000	5723.98800000	5785.51120000	5781.89040000
2850150753.76884413	5703.58200000	5702.57800000	5779.06000000	5774.29000000	5748.62200000	5740.89800000	5673.32800000	5668.93400000	5725.92000000	5717.00600000	5726.10240000	5720.74120000
2850653266.33165836	5727.86200000	5723.32200000	5840.46600000	5835.65800000	5760.78200000	5756.86200000	5784.22000000	5778.71800000	5841.63000000	5834.41400000	5790.99200000	5785.79480000
2851155778.89447260	5858.27000000	5860.06600000	5842.28600000	5850.44400000	5793.86600000	5789.76400000	5764.00400000	5760.33200000	5693.87000000	5694.44000000	5790.45920000	5791.00920000
2851658291.45728636	5791.78200000	5789.29200000	5759.51200000	5755.61000000	5831.17200000	5835.23600000	5765.17800000	5766.22400000	5815.63800000	5811.63200000	5792.65640000	5791.59880000
2852160804.02010059	5732.95800000	5728.52000000	5816.97000000	5820.07200000	5809.21200000	5812.79800000	5813.13200000	5807.36200000	5835.27200000	5837.11600000	5801.50880000	5801.17360000
2852663316.58291435	5781.59400000	5772.01600000	5895.40800000	5887.17400000	5791.53600000	5784.51200000	5843.43000000	5838.87000000	5832.88400000	5829.10600000	5828.97040000	5822.33560000
2853165829.14572859	5829.85200000	5825.75200000	5792.26200000	5793.34400000	5691.97200000	5692.26600000	5796.28800000	5790.23600000	5781.78200000	5776.63200000	5778.43120000	5775.64600000
2853668341.70854282	5760.43800000	5751.74400000	5724.45000000	5727.04400000	5833.91800000	5833.28600000	5776.99800000	5773.03800000	5759.94400000	5751.02200000	5771.14960000	5767.22680000
2854170854.27135658	5781.85200000	5775.50800000	5780.57000000	5781.07600000	5859.05000000	5848.57000000	5747.99200000	5750.79400000	5828.00000000	5822.14000000	5799.49280000	5795.61760000
2854673366.83417082	5716.36600000	5719.41400000	5802.03200000	5796.76200000	5754.23200000	5751.55000000	5720.81400000	5709.25400000	5807.82400000	5802.40000000	5760.25360000	5755.87600000
2855175879.39698505	5778.26400000	5774.82000000	5860.94400000	5864.54200000	5814.74000000	5813.58200000	5805.32600000	5796.92800000	5824.69600000	5820.18000000	5816.79400000	5814.01040000
2855678391.95979881	5911.55000000	5910.76400000	5806.13800000	5808.99200000	5759.59600000	5757.12200000	5785.99800000	5777.80000000	5662.26800000	5655.06000000	5785.11000000	5781.94760000
2856180904.52261305	5790.76600000	5791.18600000	5745.69400000	5741.78600000	5783.89800000	5778.05400000	5807.05800000	5805.49800000	5791.84400000	5788.33400000	5783.85200000	5780.97160000
2856683417.08542728	5811.39600000	5813.71800000	5803.09000000	5796.05200000	5729.48600000	5729.85800000	5805.49600000	5807.73600000	5820.27800000	5822.78200000	5793.94920000	5794.02920000
2857185929.64824104	5824.89800000	5822.25400000	5815.80000000	5809.76600000	5755.01800000	5754.89600000	5825.14000000	5824.27400000	5784.76000000	5783.03800000	5801.12320000	5798.84560000
2857688442.21105528	5754.03200000	5748.27800000	5809.15600000	5802.07200000	5782.38400000	5783.69600000	5770.86400000	5775.30400000	5787.60400000	5789.15400000	5780.80800000	5779.70080000
2858190954.77386951	5768.06000000	5775.19600000	5781.11400000	5788.78200000	5778.85200000	5781.06600000	5753.39800000	5755.13000000	5698.33800000	5703.12800000	5755.95240000	5760.66040000
2858693467.33668327	5844.37200000	5848.82400000	5823.91400000	5824.39400000	5743.22400000	5746.89000000	5713.22000000	5714.96400000	5673.88400000	5677.94800000	5759.72280000	5762.60400000
2859195979.89949751	5784.36200000	5794.31000000	5797.74800000	5792.64400000	5794.24200000	5795.87200000	5674.25000000	5675.95200000	5760.00800000	5763.20400000	5762.12200000	5764.39640000
2859698492.46231174	5753.58400000	5757.63000000	5759.15400000	5770.75200000	5818.46600000	5825.53200000	5789.61800000	5794.39800000	5783.98200000	5785.31800000	5780.96080000	5786.72600000
2860201005.02512550	5786.08000000	5795.07200000	5818.18800000	5825.21400000	5804.92800000	5806.84400000	5752.24400000	5757.33400000	5727.55200000	5730.50000000	5777.79840000	5782.99280000
2860703517.58793974	5696.48200000	5705.80000000	5795.94000000	5805.74000000	5878.62000000	5883.84800000	5755.55600000	5758.75200000	5752.75600000	5761.17200000	5775.87080000	5783.06240000
2861206030.15075397	5793.09200000	5810.00000000	5805.63600000	5812.65400000	5820.27200000	5829.20800000	5712.45000000	5717.77400000	5757.66200000	5766.26000000	5777.82240000	5787.17920000
2861708542.71356773	5775.18000000	5791.60200000	5839.28200000	5846.67600000	5793.40200000	5795.31600000	5871.17600000	5880.66800000	5788.15800000	5797.48800000	5813.43960000	5822.35000000
2862211055.27638197	5776.62200000	5791.64400000	5786.80400000	5803.36600000	5793.42400000	5801.57800000	5781.13600000	5787.68400000	5751.10000000	5762.55400000	5777.81720000	5789.36520000
2862713567.83919621	5732.37200000	5751.11600000	5759.15400000	5776.67200000	5779.63000000	5795.43200000	5848.86600000	5862.73000000	5867.11200000	5882.18000000	5797.42680000	5813.62600000
2863216080.40200996	5753.00400000	5768.88200000	5786.44400000	5796.94400000	5712.88800000	5725.63200000	5781.53000000	5799.40200000	5776.87400000	5785.01000000	5762.14800000	5775.17400000
2863718592.96482420	5782.69200000	5792.86000000	5718.33200000	5731.03600000	5761.65000000	5774.60600000	5717.18200000	5734.38000000	5777.76400000	5796.20600000	5751.52400000	5765.81760000
2864221105.52763844	5759.28200000	5775.59200000	5792.87000000	5815.65200000	5780.67400000	5812.15000000	5734.10400000	5756.84800000	5691.43400000	5709.31400000	5751.67280000	5773.91120000
2864723618.09045219	5865.27800000	5880.90600000	5778.20200000	5796.61800000	5733.44400000	5764.43400000	5780.59600000	5799.03400000	5627.55600000	5644.18600000	5757.01520000	5777.03560000
2865226130.65326643	5719.98600000	5746.13800000	5844.03400000	5868.94200000	5797.41800000	5823.72800000	5745.25000000	5762.89400000	5745.07800000	5763.49800000	5770.35320000	5793.04000000
2865728643.21608019	5634.92600000	5656.06600000	5778.23400000	5805.61600000	5762.41800000	5786.23200000	5769.30200000	5806.28000000	5694.94200000	5726.34800000	5727.96440000	5756.10840000
2866231155.77889442	5721.64000000	5748.65000000	5721.22800000	5751.38400000	5820.61200000	5843.92000000	5733.68600000	5761.58800000	5705.66000000	5730.74400000	5740.56520000	5767.25720000
2866733668.34170866	5665.11200000	5701.66800000	5779.92800000	5815.80800000	5848.69600000	5885.73000000	5668.40600000	5694.46400000	5726.49800000	5755.43200000	5737.72800000	5770.62040000
2867236180.90452242	5730.81600000	5767.95200000	5756.49600000	5794.94200000	5864.49600000	5903.07000000	5752.25200000	5789.37200000	5733.60000000	5771.97800000	5767.53200000	5805.46280000
2867738693.46733665	5814.10200000	5856.65000000	5774.73000000	5808.33200000	5799.40600000	5839.34000000	5739.21600000	5779.54000000	5751.24200000	5783.20000000	5775.73920000	5813.41240000
2868241206.03015089	5795.20800000	5832.49400000	5771.99200000	5807.04200000	5664.80200000	5699.72800000	5716.26400000	5758.38200000	5738.52000000	5778.24000000	5737.35720000	5775.17720000
2868743718.59296465	5749.65800000	5787.34400000	5754.76600000	5791.84800000	5700.09800000	5736.65800000	5757.36000000	5794.29200000	5702.72000000	5738.44200000	5732.92040000	5769.71680000
2869246231.15577888	5760.56600000	5794.80800000	5760.89000000	5797.34600000	5747.96800000	5793.85400000	5696.11800000	5738.70800000	5605.74000000	5646.57200000	5714.25640000	5754.25760000
2869748743.71859312	5795.80400000	5843.36200000	5779.03800000	5822.80800000	5809.68400000	5849.64600000	5733.38400000	5779.85000000	5728.81600000	5774.80800000	5769.34520000	5814.09480000
2870251256.28140688	5765.65000000	5809.42000000	5832.53000000	5876.81600000	5796.79800000	5837.12800000	5745.35000000	5786.17800000	5698.48200000	5740.29400000	5767.76200000	5809.96720000
2870753768.84422112	5680.94400000	5717.99800000	5790.92800000	5834.08400000	5799.82000000	5858.13400000	5725.33000000	5768.52200000	5663.58400000	5709.87400000	5732.12120000	5777.72240000
2871256281.40703535	5689.64400000	5730.40400000	5734.93000000	5772.30200000	5802.52000000	5842.84600000	5603.65200000	5645.11400000	5722.24400000	5767.14600000	5710.59800000	5751.56240000
2871758793.96984911	5814.28600000	5854.06800000	5827.58000000	5865.02000000	5729.71200000	5768.98000000	5756.62800000	5791.27600000	5791.30800000	5833.96000000	5783.90280000	5822.66080000
2872261306.53266335	5797.40200000	5831.17800000	5758.00800000	5789.07200000	5752.67600000	5782.56000000	5761.61200000	5789.51400000	5680.02200000	5706.59400000	5749.94400000	5779.78360000
2872763819.09547758	5738.23600000	5764.43800000	5788.17600000	5805.12400000	5716.91800000	5740.26000000	5777.83800000	5796.32200000	5735.44400000	5758.05200000	5751.32240000	5772.83920000
2873266331.65829134	5730.98600000	5746.64000000	5801.31800000	5820.13600000	5796.95400000	5824.54600000	5748.33600000	5765.60600000	5728.67600000	5749.63200000	5761.25400000	5781.31200000
2873768844.22110558	5810.93400000	5826.70800000	5754.85000000	5768.20400000	5814.75000000	5828.81800000	5734.60600000	5758.93000000	5806.06600000	5822.13400000	5784.24120000	5800.95880000
2874271356.78391981	5841.21000000	5855.98600000	5792.38400000	5803.48400000	5796.20000000	5804.31200000	5768.78000000	5787.24800000	5760.94800000	5774.06800000	5791.90440000	5805.01960000
2874773869.34673357	5697.58600000	5708.05200000	5756.60400000	5770.40400000	5785.07800000	5803.76400000	5826.47800000	5842.43800000	5833.83000000	5841.55000000	5779.91520000	5793.24160000
2875276381.90954781	5768.08200000	5778.54400000	5859.33600000	5875.14400000	5793.59600000	5805.40000000	5782.18000000	5798.09400000	5764.87000000	5783.03800000	5793.61280000	5808.04400000
2875778894.47236204	5722.07000000	5750.87800000	5769.82600000	5786.69800000	5728.70000000	5751.05800000	5694.03200000	5724.42400000	5736.15800000	5759.42000000	5730.15720000	5754.49560000
2876281407.03517580	5708.63000000	5735.70200000	5795.08600000	5826.81200000	5795.97400000	5825.70200000	5740.73800000	5759.62600000	5662.50000000	5700.03200000	5740.58560000	5769.57480000
2876783919.59799004	5697.27200000	5734.64600000	5818.42200000	5855.94400000	5766.58800000	5805.86600000	5752.12000000	5789.54600000	5774.30200000	5808.43800000	5761.74080000	5798.88800000
2877286432.16080379	5766.03200000	5807.17600000	5742.14000000	5778.93600000	5710.25600000	5753.94800000	5720.09000000	5755.38600000	5633.36800000	5669.13400000	5714.37720000	5752.91600000
2877788944.72361803	5709.08000000	5756.67400000	5833.45600000	5878.65000000	5678.22400000	5720.94200000	5814.14000000	5864.42000000	5706.52800000	5748.07600000	5748.28560000	5793.75240000
2878291457.28643227	5732.54200000	5773.08000000	5802.38600000	5851.51200000	5681.00800000	5728.73800000	5831.42200000	5878.28600000	5731.08400000	5782.89800000	5755.68840000	5802.90280000
2878793969.84924603	5717.19000000	5761.68400000	5771.13200000	5822.53800000	5736.27400000	5782.81200000	5711.70200000	5757.68600000	5689.23000000	5736.73800000	5725.10560000	5772.29160000
2879296482.41206026	5690.64800000	5733.68400000	5735.80200000	5779.64800000	5740.67400000	5786.37000000	5708.06400000	5762.32600000	5668.93000000	5722.67200000	5708.82360000	5756.94000000
2879798994.97487450	5831.51600000	5882.22400000	5776.30800000	5828.50400000	5722.48400000	5768.78600000	5728.49200000	5775.83200000	5737.85600000	5782.42000000	5759.33120000	5807.55320000
2880301507.53768826	5811.55400000	5856.35600000	5787.07800000	5828.97400000	5700.25200000	5739.98800000	5697.44000000	5750.32600000	5663.09200000	5721.83800000	5731.88320000	5779.49640000
2880804020.10050249	5704.85000000	5744.58600000	5726.57000000	5763.49800000	5739.80800000	5780.18000000	5721.08200000	5761.96000000	5718.70000000	5762.44400000	5722.20200000	5762.53360000
2881306532.66331673	5680.25000000	5722.42400000	5758.56000000	5799.90800000	5811.37800000	5850.77000000	5794.40800000	5840.52600000	5829.15800000	5868.16400000	5774.75080000	5816.35840000
2881809045.22613049	5740.01600000	5766.73400000	5762.03600000	5797.17400000	5767.52000000	5805.99000000	5680.73600000	5725.58800000	5684.98800000	5726.65000000	5727.05920000	5764.42720000
2882311557.78894472	5729.50400000	5769.39600000	5725.79800000	5760.20800000	5812.90800000	5851.87400000	5673.66000000	5711.19800000	5688.35400000	5729.02200000	5726.04480000	5764.33960000
2882814070.35175896	5698.46200000	5734.17000000	5763.83400000	5798.99000000	5719.97600000	5745.89200000	5740.69400000	5780.76800000	5731.40000000	5764.67800000	5730.87320000	5764.89960000
2883316582.91457272	5790.69800000	5811.99200000	5803.53800000	5833.79800000	5753.00800000	5779.49000000	5763.41000000	5797.74000000	5755.93200000	5792.19400000	5773.31720000	5803.04280000
2883819095.47738695	5676.36800000	5695.37000000	5777.46200000	5805.01200000	5743.10400000	5767.91400000	5730.61800000	5756.54000000	5791.73600000	5824.45400000	5743.85760000	5769.85800000
2884321608.04020119	5769.40000000	5796.42000000	5771.70200000	5791.60400000	5856.23400000	5884.26800000	5662.03000000	5679.93000000	5736.00400000	5760.77400000	5759.07400000	5782.59920000
2884824120.60301495	5770.01000000	5805.07400000	5781.92600000	5804.73600000	5793.83400000	5819.15000000	5664.51000000	5687.38400000	5738.42000000	5759.95600000	5749.74000000	5775.26000000
2885326633.16582918	5742.95600000	5760.62000000	5764.23600000	5784.49800000	5788.85400000	5807.78000000	5708.91600000	5731.00600000	5645.87000000	5663.54400000	5730.16640000	5749.48960000
2885829145.72864342	5714.08000000	5729.43800000	5807.89400000	5817.91800000	5757.89400000	5773.62000000	5772.12200000	5790.76600000	5772.51400000	5782.01000000	5764.90080000	5778.75040000
2886331658.29145718	5723.26600000	5743.08400000	5780.44200000	5792.74400000	5770.58400000	5783.17200000	5784.98200000	5798.40000000	5712.11200000	5726.34000000	5754.27720000	5768.74800000
2886834170.85427141	5739.73800000	5745.81600000	5735.89400000	5746.76800000	5779.33600000	5794.96600000	5771.95200000	5787.83800000	5632.63400000	5648.82200000	5731.91080000	5744.84200000
2887336683.41708565	5718.42000000	5732.75800000	5770.96000000	5781.93200000	5775.87200000	5789.12600000	5778.02800000	5791.21600000	5750.45400000	5767.25800000	5758.74680000	5772.45800000
2887839195.97989941	5723.40000000	5731.96800000	5837.73800000	5838.39000000	5775.83600000	5783.03400000	5750.09600000	5760.88000000	5709.87800000	5719.71800000	5759.38960000	5766.79800000
2888341708.54271364	5799.18600000	5805.80800000	5749.21400000	5751.62800000	5922.99200000	5927.42200000	5774.05800000	5773.46200000	5661.41600000	5671.36000000	5781.37320000	5785.93600000
2888844221.10552788	5708.29600000	5714.57800000	5832.62000000	5831.13800000	5753.82000000	5767.12000000	5745.20000000	5745.29200000	5862.81600000	5872.82800000	5780.55040000	5786.19120000
2889346733.66834164	5770.49200000	5769.91600000	5726.20000000	5727.13000000	5803.69000000	5810.67000000	5767.65600000	5784.09200000	5733.76000000	5731.09800000	5760.35960000	5764.58120000
2889849246.23115587	5820.56200000	5827.60800000	5814.86200000	5821.28800000	5824.61600000	5828.81600000	5898.40000000	5901.88400000	5765.66200000	5772.78000000	5824.82040000	5830.47520000
2890351758.79396963	5694.99600000	5697.16600000	5730.10600000	5737.79000000	5748.99000000	5747.88000000	5701.34400000	5699.99200000	5743.53600000	5749.76000000	5723.79440000	5726.51760000
2890854271.35678387	5792.13200000	5797.28200000	5789.33600000	5791.87600000	5729.81000000	5734.79000000	5767.82200000	5773.74000000	5707.03400000	5703.91400000	5757.22680000	5760.32040000
2891356783.91959810	5655.60800000	5657.65000000	5808.91200000	5816.89800000	5882.33400000	5886.51600000	5788.94800000	5787.91800000	5763.18200000	5768.43800000	5779.79680000	5783.48400000
2891859296.48241186	5716.50200000	5716.05600000	5839.32400000	5841.66600000	5831.25000000	5832.41000000	5747.31600000	5744.64600000	5791.69000000	5792.64000000	5785.21640000	5785.48360000
2892361809.04522610	5772.69400000	5771.97000000	5765.55400000	5771.53000000	5755.39800000	5752.78600000	5711.69400000	5710.50000000	5714.70200000	5714.51400000	5744.00840000	5744.26000000
2892864321.60804033	5759.40200000	5763.40800000	5827.46000000	5831.69200000	5828.18800000	5831.33000000	5749.71000000	5748.44800000	5645.17600000	5649.01800000	5761.98720000	5764.77920000
2893366834.17085409	5782.34200000	5789.31400000	5758.69400000	5755.95800000	5813.37600000	5807.59200000	5885.45400000	5892.76600000	5769.47400000	5773.93000000	5801.86800000	5803.91200000
2893869346.73366833	5647.80000000	5651.44800000	5793.50200000	5792.49600000	5791.33600000	5799.88000000	5832.10600000	5833.95200000	5810.27200000	5815.40000000	5775.00320000	5778.63520000
2894371859.29648256	5705.86000000	5712.37200000	5804.33400000	5802.18800000	5789.93200000	5796.44200000	5754.00200000	5750.67200000	5708.08400000	5707.54600000	5752.44240000	5753.84400000
2894874371.85929632	5806.36600000	5811.46400000	5802.34200000	5808.86600000	5847.78200000	5841.55200000	5777.43200000	5777.42000000	5818.12800000	5818.01600000	5810.41000000	5811.46360000
2895376884.42211056	5703.91600000	5697.23800000	5791.39200000	5793.90200000	5744.42000000	5745.27400000	5781.75400000	5780.25000000	5717.36000000	5716.81400000	5747.76840000	5746.69560000
2895879396.98492479	5795.93200000	5793.99600000	5716.40200000	5718.44800000	5894.44400000	5895.48600000	5774.40800000	5772.92800000	5744.01400000	5735.43600000	5785.04000000	5783.25880000
2896381909.54773855	5804.33200000	5804.78400000	5865.97800000	5857.24400000	5810.19000000	5805.27400000	5812.42200000	5809.79200000	5795.74600000	5804.97800000	5817.73360000	5816.41440000
2896884422.11055279	5802.07000000	5802.62800000	5833.44800000	5839.43000000	5791.77600000	5790.04400000	5736.14200000	5727.31400000	5643.53800000	5647.44800000	5761.39480000	5761.37280000
2897386934.67336702	5790.74600000	5787.15800000	5839.02800000	5830.54400000	5786.57200000	5782.41200000	5851.88400000	5849.02200000	5745.90200000	5745.55200000	5802.82640000	5798.93760000
2897889447.23618078	5800.49800000	5795.11400000	5761.93800000	5760.85000000	5820.59800000	5811.76600000	5740.26400000	5741.59400000	5744.99600000	5742.82600000	5773.65880000	5770.43000000
2898391959.79899502	5764.62800000	5761.39800000	5792.48000000	5792.42000000	5827.48400000	5829.53600000	5789.82600000	5782.97200000	5729.82200000	5732.06200000	5780.84800000	5779.67760000
2898894472.36180925	5762.99000000	5762.05200000	5799.83200000	5801.29200000	5793.90800000	5793.79000000	5755.67400000	5755.11800000	5743.39000000	5741.27600000	5771.15880000	5770.70560000
2899396984.92462301	5781.34200000	5779.51000000	5781.25400000	5781.36600000	5785.51200000	5783.61400000	5811.76800000	5804.62200000	5786.22800000	5789.23000000	5789.22080000	5787.66840000
2899899497.48743725	5768.05800000	5767.02200000	5819.93400000	5822.24400000	5706.85400000	5707.89000000	5722.43000000	5722.82000000	5805.08000000	5802.78600000	5764.47120000	5764.55240000
2900402010.05025148	5806.65800000	5806.34000000	5752.60600000	5747.28600000	5801.71800000	5793.69800000	5727.11600000	5730.36400000	5826.04400000	5820.92800000	5782.82840000	5779.72320000
2900904522.61306524	5797.16200000	5801.01000000	5787.45600000	5787.52400000	5765.87000000	5762.33200000	5839.65200000	5838.38400000	5859.14600000	5860.38800000	5809.85720000	5809.92760000
2901407035.17587948	5784.11400000	5780.42400000	5805.77000000	5798.44800000	5890.44400000	5886.23000000	5786.72200000	5779.22000000	5691.69600000	5693.47000000	5791.74920000	5787.55840000
2901909547.73869324	5735.88600000	5727.48800000	5817.92200000	5812.58200000	5726.77400000	5733.48400000	5750.34000000	5750.24400000	5746.28800000	5744.50600000	5755.44200000	5753.66080000
2902412060.30150747	5800.69200000	5799.96800000	5767.63000000	5763.71400000	5788.38200000	5784.08600000	5799.21400000	5799.63000000	5816.47400000	5816.86200000	5794.47840000	5792.85200000
2902914572.86432171	5744.21400000	5745.06800000	5887.84200000	5888.14600000	5749.12200000	5753.97800000	5833.92000000	5837.68000000	5727.05600000	5725.89400000	5788.43080000	5790.15320000
2903417085.42713547	5746.18800000	5743.00800000	5784.45600000	5783.23000000	5835.32200000	5841.46600000	5763.16200000	5765.06000000	5705.12000000	5707.07200000	5766.84960000	5767.96720000
2903919597.98994970	5812.49800000	5809.85800000	5803.07200000	5800.73800000	5693.81200000	5692.64000000	5763.95800000	5772.53800000	5772.19200000	5776.28000000	5769.10640000	5770.41080000
2904422110.55276394	5749.46200000	5748.93400000	5840.65400000	5847.40400000	5761.57400000	5764.68400000	5797.75600000	5797.80600000	5708.15200000	5709.53400000	5771.51960000	5773.67240000
2904924623.11557770	5829.53600000	5835.21600000	5845.86200000	5846.66800000	5803.64200000	5806.23200000	5813.03000000	5816.29400000	5827.50400000	5828.94800000	5823.91480000	5826.67160000
2905427135.67839193	5759.98200000	5766.48800000	5766.20200000	5767.86400000	5793.04000000	5796.06000000	5777.81400000	5773.43800000	5748.86400000	5754.04800000	5769.18040000	5771.57960000
2905929648.24120617	5629.78400000	5631.69400000	5847.74000000	5846.07000000	5770.67800000	5774.58600000	5798.82200000	5800.51000000	5716.81600000	5724.56200000	5752.76800000	5755.48440000
2906432160.80401993	5770.13600000	5768.73600000	5747.10000000	5746.06200000	5831.35200000	5831.67200000	5755.82400000	5761.30400000	5742.02800000	5746.68400000	5769.28800000	5770.89160000
2906934673.36683416	5786.49000000	5792.31000000	5795.31200000	5801.24800000	5785.00000000	5792.51400000	5817.79800000	5831.30800000	5793.75800000	5793.96200000	5795.67160000	5802.26840000
2907437185.92964840	5807.53600000	5811.77400000	5788.60200000	5792.40000000	5730.22800000	5739.25400000	5773.32400000	5776.17000000	5809.87400000	5813.04600000	5781.91280000	5786.52880000
2907939698.49246216	5745.80800000	5750.18800000	5768.49600000	5779.36000000	5748.08000000	5756.16600000	5779.86800000	5774.93000000	5720.73800000	5723.98000000	5752.59800000	5756.92480000
2908442211.05527639	5757.45200000	5763.88800000	5747.19200000	5759.92200000	5841.41800000	5849.89800000	5738.73600000	5746.10800000	5724.70800000	5733.84200000	5761.90120000	5770.73160000
2908944723.61809063	5714.88600000	5724.66800000	5750.64600000	5760.01200000	5799.33200000	5805.77800000	5694.88800000	5705.09000000	5719.36400000	5738.75000000	5735.82320000	5746.85960000
2909447236.18090439	5757.67600000	5761.22400000	5773.28400000	5785.03400000	5785.36200000	5786.92800000	5751.56800000	5758.22800000	5723.59400000	5733.32600000	5758.29680000	5764.94800000
2909949748.74371862	5774.57800000	5786.59800000	5803.08200000	5814.67000000	5815.60800000	5818.39200000	5745.58800000	5752.38400000	5716.65600000	5726.17400000	5771.10240000	5779.64360000
2910452261.30653286	5780.88800000	5787.53000000	5796.25600000	5807.19000000	5806.72400000	5820.10000000	5797.89000000	5809.30400000	5765.41400000	5779.91400000	5789.43440000	5800.80760000
2910954773.86934662	5800.43600000	5807.10000000	5709.16200000	5710.33000000	5897.33000000	5905.72600000	5761.34000000	5770.60200000	5656.68000000	5669.65400000	5764.98960000	5772.68240000
2911457286.43216085	5670.84600000	5682.02200000	5754.56800000	5765.60800000	5739.19800000	5746.75800000	5766.67600000	5777.35600000	5723.65200000	5734.84400000	5730.98800000	5741.31760000
2911959798.99497509	5751.13800000	5757.71000000	5778.03400000	5789.30000000	5850.93000000	5860.74000000	5655.67000000	5670.27600000	5752.14600000	5765.94400000	5757.58360000	5768.79400000
2912462311.55778885	5827.96600000	5833.63400000	5851.04400000	5865.61600000	5774.64000000	5791.30200000	5767.57400000	5779.03000000	5812.45400000	5822.89600000	5806.73560000	5818.49560000
2912964824.12060308	5714.34600000	5725.15800000	5794.92400000	5808.47800000	5726.07600000	5736.37600000	5739.15200000	5747.11200000	5711.33000000	5720.48200000	5737.16560000	5747.52120000
2913467336.68341732	5737.56800000	5741.90800000	5803.19400000	5811.44600000	5708.28200000	5713.12800000	5719.62200000	5731.92000000	5812.63600000	5822.34000000	5756.26040000	5764.14840000
2913969849.24623108	5787.89800000	5795.36200000	5829.21200000	5838.62400000	5824.13200000	5831.88600000	5708.34400000	5717.93200000	5702.17000000	5707.22400000	5770.35120000	5778.20560000
2914472361.80904531	5745.94000000	5753.07400000	5835.62600000	5848.29600000	5751.15800000	5754.84800000	5747.13200000	5750.37200000	5701.39200000	5709.76600000	5756.24960000	5763.27120000
2914974874.37185907	5771.62600000	5783.08000000	5850.00000000	5858.33800000	5767.09400000	5776.56600000	5827.55000000	5832.72400000	5725.48600000	5727.84600000	5788.35120000	5795.71080000
2915477386.93467331	5786.48600000	5787.57800000	5854.34400000	5858.85400000	5838.10600000	5843.65200000	5808.76200000	5820.10400000	5756.26600000	5771.03000000	5808.79280000	5816.24360000
2915979899.49748755	5765.11800000	5773.77400000	5898.04600000	5900.24200000	5790.95000000	5793.92200000	5797.49000000	5801.45000000	5743.09800000	5747.64400000	5798.94040000	5803.40640000
2916482412.06030130	5752.54800000	5751.73200000	5769.38400000	5776.66600000	5773.63200000	5780.47200000	5761.44000000	5761.61400000	5603.37600000	5608.87600000	5732.07600000	5735.87200000
2916984924.62311554	5792.96400000	5805.79200000	5792.28600000	5799.11000000	5879.47400000	5887.14400000	5797.23200000	5793.76000000	5726.98000000	5734.99600000	5797.78720000	5804.16040000
2917487437.18592978	5756.16400000	5760.47800000	5771.65400000	5778.19200000	5809.70800000	5818.08600000	5702.49400000	5712.39600000	5717.39200000	5725.64400000	5751.48240000	5758.95920000
2917989949.74874353	5767.30000000	5766.18600000	5795.91000000	5804.96200000	5790.44000000	5794.57800000	5782.02800000	5790.01000000	5803.72600000	5803.75800000	5787.88080000	5791.89880000
2918492462.31155777	5674.37600000	5683.16000000	5824.79400000	5834.99200000	5877.21200000	5888.71400000	5822.43600000	5819.16800000	5817.33200000	5820.29200000	5803.23000000	5809.26520000
2918994974.87437201	5766.07200000	5772.08800000	5725.91600000	5727.01200000	5722.24800000	5728.50000000	5726.38600000	5732.47000000	5703.81200000	5705.98400000	5728.88680000	5733.21080000
2919497487.43718576	5613.63600000	5614.89600000	5832.50000000	5833.44200000	5781.33400000	5780.69800000	5819.54200000	5818.78600000	5805.10600000	5805.26200000	5770.42360000	5770.61680000
2920000000.00000000	5756.82000000	5758.58400000	5819.25800000	5825.32000000	5818.03400000	5823.77200000	5759.28600000	5768.01000000	5795.99200000	5799.76200000	5789.87800000	5795.08960000
