freq	PL_sig1	PL_ref1	PL_sig2	PL_ref2	PL_sig3	PL_ref3	PL_sig4	PL_ref4	PL_sig5	PL_ref5	avgPL_sig	avgPL_ref
2620000000.00000000	3615.94400000	3611.15200000	3619.29000000	3611.76200000	3596.18800000	3599.03600000	3597.08400000	3585.78600000	3572.76200000	3574.58000000	3600.25360000	3596.46320000
2621672240.80267572	3610.32600000	3615.38800000	3610.29200000	3617.87200000	3595.89800000	3595.58400000	3591.29400000	3590.66400000	3568.85800000	3564.23600000	3595.33360000	3596.74880000
2623344481.60535097	3616.01000000	3616.89800000	3613.21000000	3605.72400000	3613.30800000	3607.31800000	3600.06600000	3595.76000000	3581.57000000	3577.99400000	3604.83280000	3600.73880000
2625016722.40802670	3613.69200000	3614.71000000	3613.36600000	3608.03800000	3605.52400000	3603.70800000	3598.92400000	3598.76400000	3579.91000000	3580.53800000	3602.28320000	3601.15160000
2626688963.21070242	3616.57400000	3611.84600000	3618.39400000	3608.86000000	3599.22200000	3591.94800000	3593.88600000	3586.36800000	3568.90000000	3563.14800000	3599.39520000	3592.43400000
2628361204.01337814	3616.80600000	3612.09200000	3602.99400000	3606.89200000	3604.42000000	3607.80200000	3591.42000000	3594.47200000	3586.66600000	3579.60000000	3600.46120000	3600.17160000
2630033444.81605339	3616.01000000	3613.17800000	3616.47000000	3616.98000000	3593.99000000	3590.76400000	3592.91600000	3592.68200000	3571.53400000	3572.01600000	3598.18400000	3597.12400000
2631705685.61872911	3623.51800000	3615.50600000	3611.23200000	3605.48400000	3609.02600000	3612.75000000	3596.40800000	3590.40400000	3585.41200000	3579.02400000	3605.11920000	3600.63360000
2633377926.42140484	3610.25200000	3615.49200000	3617.74400000	3613.30400000	3586.99600000	3590.53600000	3586.11600000	3588.35000000	3574.19600000	3573.22600000	3595.06080000	3596.18160000
2635050167.22408009	3616.58600000	3609.39800000	3609.18800000	3609.67200000	3598.13200000	3596.20000000	3596.74600000	3589.97200000	3574.66200000	3571.24000000	3599.06280000	3595.29640000
2636722408.02675581	3612.45600000	3610.43800000	3614.94000000	3609.42200000	3593.76800000	3590.27200000	3594.47200000	3587.04600000	3576.14600000	3573.81400000	3598.35640000	3594.19840000
2638394648.82943153	3603.00800000	3615.10000000	3603.25200000	3610.65600000	3603.66400000	3608.47800000	3596.07800000	3593.99800000	3582.04800000	3581.06000000	3597.61000000	3601.85840000
2640066889.63210726	3613.78200000	3608.60400000	3611.25600000	3606.78000000	3597.23600000	3591.52600000	3598.33200000	3592.49800000	3573.18200000	3571.09200000	3598.75760000	3594.10000000
2641739130.43478251	3609.39800000	3618.42200000	3608.67200000	3620.69600000	3610.75000000	3612.55800000	3589.06800000	3588.16600000	3596.28400000	3591.80200000	3602.83440000	3606.32880000
2643411371.23745823	3622.85800000	3616.96400000	3618.61200000	3616.82600000	3598.92600000	3602.34000000	3594.44800000	3594.09800000	3572.01800000	3569.59200000	3601.37240000	3599.96400000
2645083612.04013395	3616.83200000	3613.46600000	3613.07800000	3616.04000000	3602.16400000	3599.52800000	3596.29800000	3590.70800000	3568.88600000	3566.67400000	3599.45160000	3597.28320000
2646755852.84280920	3624.92200000	3618.67000000	3613.15600000	3614.69200000	3610.51800000	3601.65200000	3594.54800000	3590.17400000	3585.40400000	3581.04000000	3605.70960000	3601.24560000
2648428093.64548492	3621.83400000	3619.60800000	3620.14800000	3614.44200000	3608.14600000	3611.21200000	3595.55200000	3589.86000000	3599.25000000	3594.15400000	3608.98600000	3605.85520000
2650100334.44816065	3613.09400000	3610.89200000	3613.40600000	3608.74400000	3599.58800000	3597.56000000	3585.82800000	3589.17000000	3572.40800000	3567.31200000	3596.86480000	3594.73560000
2651772575.25083590	3617.59800000	3612.29600000	3611.53600000	3612.53000000	3612.45600000	3604.28600000	3595.86200000	3594.20800000	3572.82400000	3567.52400000	3602.05520000	3598.16880000
2653444816.05351162	3610.71400000	3620.29600000	3616.62600000	3614.83200000	3590.26600000	3591.03200000	3588.06400000	3588.63400000	3573.71600000	3573.33800000	3595.87720000	3597.62640000
2655117056.85618734	3611.29600000	3603.09800000	3617.77800000	3610.76800000	3597.03000000	3595.84800000	3588.92800000	3592.57200000	3569.14200000	3571.04600000	3596.83480000	3594.66640000
2656789297.65886307	3618.06200000	3615.26800000	3617.66400000	3614.49200000	3595.00400000	3590.90800000	3587.21000000	3586.88800000	3575.05200000	3567.58600000	3598.59840000	3595.02840000
2658461538.46153831	3614.42400000	3622.02400000	3615.12200000	3622.02000000	3611.41000000	3610.78400000	3595.10400000	3592.91600000	3572.25200000	3572.53600000	3601.66240000	3604.05600000
2660133779.26421404	3621.27200000	3618.19200000	3618.71800000	3616.50800000	3604.58400000	3603.92400000	3590.57400000	3590.24400000	3566.82600000	3570.42000000	3600.39480000	3599.85760000
2661806020.06688976	3612.85800000	3609.47400000	3607.13400000	3611.09600000	3611.41600000	3605.31400000	3598.14400000	3599.95000000	3577.59600000	3581.33400000	3601.42960000	3601.43360000
2663478260.86956501	3619.10200000	3619.08200000	3619.63200000	3618.44400000	3604.84400000	3606.62600000	3590.99600000	3590.73800000	3580.83200000	3578.63200000	3603.08120000	3602.70440000
2665150501.67224073	3620.53000000	3621.34600000	3613.34800000	3618.10600000	3610.11400000	3607.93400000	3590.37600000	3590.29000000	3585.92600000	3586.44200000	3604.05880000	3604.82360000
2666822742.47491646	3621.38600000	3615.75200000	3612.84200000	3609.14600000	3603.83000000	3605.30400000	3592.01200000	3589.17400000	3585.14200000	3582.63200000	3603.04240000	3600.40160000
2668494983.27759218	3624.27800000	3618.41600000	3622.06000000	3615.69200000	3614.75000000	3611.28200000	3590.51600000	3595.24200000	3575.89000000	3574.47400000	3605.49880000	3603.02120000
2670167224.08026743	3622.68600000	3615.51000000	3611.60000000	3612.75600000	3605.11600000	3601.24600000	3594.53800000	3593.89600000	3569.49000000	3568.87600000	3600.68600000	3598.45680000
2671839464.88294315	3622.84200000	3621.97800000	3610.57800000	3608.73800000	3611.05000000	3610.65800000	3592.67800000	3594.80800000	3582.17000000	3582.87600000	3603.86360000	3603.81160000
2673511705.68561888	3614.17400000	3608.38000000	3613.48400000	3616.39800000	3598.80000000	3597.64600000	3586.71800000	3583.26200000	3565.27200000	3563.19800000	3595.68960000	3593.77680000
2675183946.48829412	3619.55200000	3620.81800000	3600.75200000	3595.76000000	3611.26600000	3611.96800000	3598.45600000	3590.94000000	3571.33200000	3576.56600000	3600.27160000	3599.21040000
2676856187.29096985	3609.81200000	3608.77200000	3607.85800000	3610.26400000	3594.34000000	3589.66400000	3591.68400000	3592.71000000	3571.05800000	3573.27000000	3594.95040000	3594.93600000
2678528428.09364557	3608.11400000	3614.45600000	3606.25800000	3606.94600000	3606.31400000	3605.98200000	3594.32000000	3591.74400000	3582.54800000	3575.92800000	3599.51080000	3599.01120000
2680200668.89632130	3614.31000000	3607.90400000	3613.54400000	3612.14200000	3588.81400000	3592.08200000	3594.58600000	3589.52000000	3577.34000000	3571.62400000	3597.71880000	3594.65440000
2681872909.69899654	3608.08000000	3611.53600000	3615.07800000	3615.27800000	3596.47600000	3598.32600000	3595.36600000	3591.64800000	3568.99000000	3565.74200000	3596.79800000	3596.50600000
2683545150.50167227	3607.22800000	3616.29200000	3617.21800000	3617.36600000	3593.70200000	3594.75600000	3592.53800000	3591.36800000	3561.82000000	3567.25000000	3594.50120000	3597.40640000
2685217391.30434799	3607.48000000	3614.80600000	3617.07600000	3612.92200000	3593.23000000	3596.65800000	3590.65200000	3588.47800000	3572.69400000	3565.59200000	3596.22640000	3595.69120000
2686889632.10702324	3608.26400000	3610.68400000	3609.10000000	3613.31000000	3593.23400000	3597.82400000	3591.10000000	3587.81800000	3563.54600000	3567.42600000	3593.04880000	3595.41240000
2688561872.90969896	3621.87000000	3620.05600000	3611.27200000	3610.81400000	3613.21800000	3610.16800000	3594.05600000	3597.39400000	3581.59000000	3582.14800000	3604.40120000	3604.11600000
2690234113.71237469	3625.10000000	3619.58200000	3612.22400000	3612.68600000	3604.82600000	3609.98000000	3592.66200000	3589.32600000	3581.41000000	3590.37000000	3603.24440000	3604.38880000
2691906354.51504993	3608.88400000	3614.00000000	3603.17800000	3605.52800000	3600.42400000	3604.52000000	3594.60000000	3595.59200000	3578.52600000	3576.19200000	3597.12240000	3599.16640000
2693578595.31772566	3612.95000000	3611.64400000	3615.50400000	3614.21600000	3595.74800000	3596.39000000	3586.98800000	3590.15200000	3564.94600000	3568.40400000	3595.22720000	3596.16120000
2695250836.12040138	3606.66800000	3614.50800000	3610.47800000	3616.08400000	3593.17000000	3595.98800000	3587.12000000	3590.57600000	3567.72800000	3573.63400000	3593.03280000	3598.15800000
2696923076.92307711	3614.42200000	3614.22200000	3608.25000000	3616.58200000	3597.48000000	3598.53400000	3587.46200000	3591.47800000	3561.69800000	3566.87200000	3593.86240000	3597.53760000
2698595317.72575235	3608.35000000	3617.28800000	3603.20200000	3605.80800000	3587.34400000	3593.19400000	3589.22800000	3588.79600000	3567.28600000	3572.83800000	3591.08200000	3595.58480000
2700267558.52842808	3617.21600000	3616.94000000	3609.53200000	3615.77200000	3605.20800000	3606.15000000	3588.62200000	3591.62400000	3560.98200000	3577.29800000	3596.31200000	3601.55680000
2701939799.33110380	3611.59200000	3613.74000000	3596.66600000	3606.73200000	3600.94800000	3605.74400000	3593.26600000	3597.95400000	3577.26600000	3580.83800000	3595.94760000	3601.00160000
2703612040.13377905	3617.18000000	3621.17600000	3605.61200000	3611.34800000	3602.11600000	3607.33600000	3585.46600000	3590.50800000	3573.71200000	3577.63200000	3596.81720000	3601.60000000
2705284280.93645477	3613.81400000	3622.95200000	3605.45000000	3618.66800000	3604.92400000	3617.02000000	3587.57400000	3593.25400000	3573.05800000	3571.91000000	3596.96400000	3604.76080000
2706956521.73913050	3611.30600000	3618.24800000	3612.73200000	3615.82200000	3594.51600000	3597.74000000	3588.84000000	3591.16000000	3569.25400000	3576.08200000	3595.32960000	3599.81040000
2708628762.54180622	3608.37000000	3612.22200000	3600.05600000	3617.33400000	3580.65800000	3593.60200000	3584.75600000	3592.18600000	3566.96400000	3572.05000000	3588.16080000	3597.47880000
2710301003.34448147	3610.62800000	3622.16000000	3601.27000000	3614.27200000	3593.27400000	3605.33000000	3580.43400000	3586.45000000	3579.82400000	3591.58000000	3593.08600000	3603.95840000
2711973244.14715719	3592.54800000	3606.04400000	3597.13400000	3614.42600000	3580.59000000	3595.84600000	3574.86600000	3590.37600000	3561.76400000	3564.99800000	3581.38040000	3594.33800000
2713645484.94983292	3603.49400000	3616.70800000	3606.42400000	3617.85000000	3598.76200000	3607.39000000	3583.14000000	3593.46800000	3585.97600000	3593.70000000	3595.55920000	3605.82320000
2715317725.75250816	3605.35200000	3619.43800000	3601.51400000	3614.23600000	3594.84600000	3601.56000000	3574.58000000	3592.52000000	3554.29800000	3569.20600000	3586.11800000	3599.39200000
2716989966.55518389	3603.08600000	3608.39000000	3602.75000000	3611.89800000	3589.10200000	3592.73000000	3579.91200000	3592.26800000	3556.92800000	3566.16800000	3586.35560000	3594.29080000
2718662207.35785961	3600.09000000	3610.71000000	3608.54800000	3613.41400000	3585.54800000	3595.69800000	3579.98400000	3590.32000000	3555.63200000	3567.24800000	3585.96040000	3595.47800000
2720334448.16053534	3609.09800000	3619.96400000	3602.03200000	3614.81000000	3586.69400000	3602.21600000	3581.29400000	3585.58800000	3555.39400000	3565.73200000	3586.90240000	3597.66200000
2722006688.96321058	3605.85200000	3618.55200000	3604.74200000	3614.90800000	3585.83200000	3604.09800000	3579.15800000	3592.43800000	3552.88200000	3566.00400000	3585.69320000	3599.20000000
2723678929.76588631	3586.97000000	3602.13000000	3593.86400000	3614.11600000	3591.89600000	3608.96400000	3581.30200000	3594.29200000	3570.30400000	3583.92000000	3584.86720000	3600.68440000
2725351170.56856203	3607.25200000	3621.74800000	3596.82000000	3606.89600000	3596.48600000	3606.54600000	3577.82600000	3592.63400000	3578.70800000	3591.15600000	3591.41840000	3603.79600000
2727023411.37123728	3602.26000000	3612.62200000	3595.87800000	3612.41800000	3574.86000000	3589.24000000	3575.59000000	3595.62000000	3550.08200000	3574.30600000	3579.73400000	3596.84120000
2728695652.17391300	3599.73800000	3616.64800000	3602.51600000	3619.49400000	3581.08600000	3600.32000000	3573.54800000	3592.12800000	3559.88000000	3573.87600000	3583.35360000	3600.49320000
2730367892.97658873	3601.00600000	3612.38600000	3592.09400000	3607.86200000	3593.26600000	3614.91400000	3583.42200000	3594.36800000	3561.06400000	3583.33200000	3586.17040000	3602.57240000
2732040133.77926445	3596.02200000	3609.16200000	3594.27000000	3609.07400000	3581.20800000	3589.39200000	3570.49000000	3590.49200000	3557.60000000	3573.45000000	3579.91800000	3594.31400000
2733712374.58193970	3592.02400000	3616.03800000	3589.58800000	3616.17600000	3586.28600000	3602.17600000	3578.38000000	3598.68200000	3559.27800000	3580.45000000	3581.11120000	3602.70440000
2735384615.38461542	3593.23400000	3616.05600000	3593.82600000	3607.19000000	3585.49400000	3606.72200000	3576.40400000	3596.60200000	3560.72200000	3580.17600000	3581.93600000	3601.34920000
2737056856.18729115	3595.12400000	3612.10800000	3599.31400000	3606.32400000	3580.99600000	3585.57600000	3573.76400000	3591.60000000	3556.71800000	3576.27400000	3581.18320000	3594.37640000
2738729096.98996639	3590.00800000	3615.13000000	3588.87600000	3607.02800000	3581.41000000	3604.13800000	3579.22800000	3593.20800000	3563.28600000	3576.30000000	3580.56160000	3599.16080000
2740401337.79264212	3600.59000000	3614.58200000	3586.09400000	3608.85800000	3591.52400000	3604.36400000	3575.45600000	3595.25200000	3569.05800000	3575.63600000	3584.54440000	3599.73840000
2742073578.59531784	3593.75200000	3611.04000000	3593.46400000	3608.13600000	3576.24200000	3591.90800000	3572.05800000	3592.20200000	3549.52200000	3571.01200000	3577.00760000	3594.85960000
2743745819.39799309	3601.01000000	3618.04400000	3600.50800000	3616.34200000	3582.55800000	3600.53600000	3571.95400000	3590.33800000	3559.79600000	3574.44400000	3583.16520000	3599.94080000
2745418060.20066881	3601.53600000	3611.86400000	3591.01800000	3611.68800000	3593.78600000	3605.02600000	3582.07000000	3596.96400000	3563.22600000	3582.25800000	3586.32720000	3601.56000000
2747090301.00334454	3602.98400000	3610.75400000	3599.27000000	3606.54200000	3574.84800000	3588.83600000	3571.73800000	3592.06000000	3556.55400000	3570.09200000	3581.07880000	3593.65680000
2748762541.80602026	3598.93800000	3612.33000000	3592.34800000	3610.21400000	3589.66600000	3606.45200000	3579.55200000	3597.08600000	3559.39200000	3573.27600000	3583.97920000	3599.87160000
2750434782.60869551	3600.20200000	3612.68400000	3599.07000000	3612.37000000	3590.40400000	3599.89800000	3577.11400000	3590.91000000	3554.49600000	3570.92200000	3584.25720000	3597.35680000
2752107023.41137123	3608.66800000	3616.24200000	3598.33600000	3614.41600000	3595.65000000	3612.68200000	3581.95200000	3601.02600000	3577.67200000	3595.04000000	3592.45560000	3607.88120000
2753779264.21404696	3602.28000000	3611.95000000	3595.62200000	3612.29200000	3591.17200000	3601.71000000	3584.84600000	3597.11400000	3561.04200000	3581.43000000	3586.99240000	3600.89920000
2755451505.01672220	3603.83000000	3613.85200000	3594.38600000	3604.18400000	3591.81800000	3605.18400000	3583.63400000	3596.49800000	3567.01800000	3579.66600000	3588.13720000	3599.87680000
2757123745.81939793	3603.11000000	3612.10000000	3601.66000000	3611.01600000	3593.14400000	3605.54200000	3588.50400000	3595.21200000	3566.29200000	3572.59800000	3590.54200000	3599.29360000
2758795986.62207365	3603.29000000	3621.32400000	3599.72400000	3618.98600000	3590.12800000	3600.32600000	3570.34400000	3584.43600000	3552.92000000	3562.67800000	3583.28120000	3597.55000000
2760468227.42474937	3602.61800000	3621.75000000	3593.94400000	3606.93200000	3591.40000000	3603.64000000	3586.11200000	3595.72000000	3568.24400000	3583.28600000	3588.46360000	3602.26560000
2762140468.22742462	3604.97400000	3624.24400000	3599.12400000	3614.52000000	3592.94400000	3610.59600000	3584.91600000	3595.31800000	3564.35200000	3575.66200000	3589.26200000	3604.06800000
2763812709.03010035	3600.91000000	3605.51400000	3600.09000000	3611.13200000	3582.39800000	3590.00800000	3575.27000000	3586.90200000	3554.48400000	3563.10000000	3582.63040000	3591.33120000
2765484949.83277607	3599.10400000	3608.70400000	3595.35800000	3608.32800000	3582.16000000	3597.08000000	3579.81200000	3586.52600000	3555.71000000	3567.34600000	3582.42880000	3593.59680000
2767157190.63545132	3598.09400000	3615.63400000	3606.60600000	3612.54600000	3583.65800000	3597.27600000	3579.03800000	3590.43200000	3556.26600000	3566.63400000	3584.73240000	3596.50440000
2768829431.43812704	3603.39400000	3615.49800000	3598.42600000	3607.05600000	3596.58200000	3606.72000000	3586.16800000	3600.61800000	3567.56000000	3579.41800000	3590.42600000	3601.86200000
2770501672.24080276	3605.54000000	3614.80600000	3603.89000000	3614.46600000	3583.71000000	3597.73800000	3584.33400000	3588.19400000	3559.02400000	3580.50000000	3587.29960000	3599.14080000
2772173913.04347801	3599.23000000	3610.34600000	3606.54200000	3613.36400000	3578.74000000	3592.79800000	3577.55400000	3589.19600000	3562.43800000	3571.56600000	3584.90080000	3595.45400000
2773846153.84615374	3607.24800000	3611.10800000	3604.52400000	3612.39200000	3574.50200000	3590.25600000	3575.89800000	3588.20800000	3556.70000000	3575.51400000	3583.77440000	3595.49560000
2775518394.64882946	3603.18000000	3612.08600000	3598.60600000	3615.39000000	3587.69400000	3598.52800000	3577.36800000	3586.55800000	3555.38800000	3569.92600000	3584.44720000	3596.49760000
2777190635.45150518	3607.97200000	3616.09400000	3594.35400000	3610.50000000	3593.19800000	3610.14600000	3580.43600000	3595.19000000	3571.66000000	3586.63600000	3589.52400000	3603.71320000
2778862876.25418043	3607.22800000	3618.60800000	3599.90400000	3618.24600000	3591.67000000	3603.10800000	3577.08200000	3587.09600000	3565.42600000	3579.39000000	3588.26200000	3601.28960000
2780535117.05685616	3604.18400000	3614.81800000	3607.73600000	3618.49200000	3582.34200000	3601.55200000	3578.05600000	3590.18200000	3553.38800000	3563.53400000	3585.14120000	3597.71560000
2782207357.85953188	3597.51200000	3608.94600000	3602.37000000	3618.15600000	3582.30000000	3594.91800000	3570.93200000	3581.37800000	3552.07800000	3568.76000000	3581.03840000	3594.43160000
2783879598.66220760	3594.35800000	3607.62000000	3603.54000000	3616.69600000	3576.46400000	3591.95200000	3572.94200000	3590.62800000	3547.50200000	3566.09800000	3578.96120000	3594.59880000
2785551839.46488285	3608.26400000	3626.11000000	3593.97800000	3610.17000000	3592.27200000	3607.82800000	3577.41400000	3586.64400000	3565.25600000	3576.53400000	3587.43680000	3601.45720000
2787224080.26755857	3593.93000000	3611.87200000	3599.50600000	3612.83000000	3571.81400000	3595.02200000	3570.01400000	3587.53200000	3555.79400000	3568.76200000	3578.21160000	3595.20360000
2788896321.07023430	3584.10400000	3620.26600000	3585.46800000	3605.08800000	3581.78400000	3605.62200000	3578.38000000	3595.75600000	3562.00200000	3584.95000000	3578.34760000	3602.33640000
2790568561.87290955	3602.96600000	3619.52000000	3599.68800000	3613.39000000	3584.37400000	3605.66400000	3566.96000000	3588.33400000	3566.90200000	3588.17200000	3584.17800000	3603.01600000
2792240802.67558527	3597.55400000	3621.76200000	3595.19000000	3611.67600000	3581.92000000	3602.63000000	3563.26000000	3586.13800000	3550.19400000	3566.69200000	3577.62360000	3597.77960000
2793913043.47826099	3600.95600000	3617.04800000	3594.10400000	3617.98200000	3587.87000000	3607.34000000	3567.79000000	3592.45400000	3562.75600000	3590.44000000	3582.69520000	3605.05280000
2795585284.28093624	3587.89000000	3613.32000000	3588.39800000	3610.86800000	3568.04600000	3591.32800000	3573.52600000	3589.11400000	3547.99000000	3574.01200000	3573.17000000	3595.72840000
2797257525.08361197	3590.95600000	3605.24400000	3592.50800000	3616.84600000	3569.13200000	3591.63000000	3567.77600000	3591.42000000	3549.08200000	3571.87400000	3573.89080000	3595.40280000
2798929765.88628769	3600.98000000	3622.38800000	3590.00000000	3616.59000000	3578.70400000	3608.51600000	3565.08200000	3592.03000000	3555.95600000	3580.23000000	3578.14440000	3603.95080000
2800602006.68896341	3590.79400000	3621.96800000	3589.67400000	3611.90600000	3583.47000000	3614.22400000	3565.53600000	3593.22000000	3563.04200000	3591.34600000	3578.50320000	3606.53280000
2802274247.49163866	3587.99400000	3614.02000000	3584.22200000	3603.32200000	3576.73000000	3603.33200000	3569.71400000	3595.21600000	3554.05400000	3581.67800000	3574.54280000	3599.51360000
2803946488.29431438	3587.21200000	3611.53000000	3590.01800000	3614.74600000	3564.31800000	3590.31000000	3558.28000000	3583.83800000	3540.49400000	3566.40000000	3568.06440000	3593.36480000
2805618729.09699011	3578.12400000	3612.95400000	3581.21400000	3603.85400000	3562.97600000	3590.19800000	3562.09200000	3593.33400000	3543.53600000	3567.53600000	3565.58840000	3593.57520000
2807290969.89966536	3596.38800000	3623.64000000	3591.32800000	3614.14000000	3582.73200000	3610.48800000	3560.80000000	3597.22000000	3545.81200000	3571.84800000	3575.41200000	3603.46720000
2808963210.70234108	3583.06600000	3620.53200000	3576.75400000	3611.71200000	3581.87200000	3610.07400000	3566.91600000	3588.34600000	3560.72000000	3594.50800000	3573.86560000	3605.03440000
2810635451.50501680	3587.19000000	3619.67000000	3585.47600000	3613.16600000	3574.35200000	3605.44400000	3555.83800000	3593.89000000	3553.50000000	3588.23200000	3571.27120000	3604.08040000
2812307692.30769253	3591.41400000	3620.76800000	3582.02200000	3616.59600000	3570.06400000	3607.08400000	3556.11200000	3597.25800000	3538.40400000	3576.24400000	3567.60320000	3603.59000000
2813979933.11036777	3573.75800000	3609.14800000	3577.07400000	3609.64800000	3557.43200000	3595.74000000	3550.35200000	3586.99400000	3530.94800000	3564.92200000	3557.91280000	3593.29040000
2815652173.91304350	3574.12000000	3610.29600000	3568.36400000	3611.62600000	3558.64800000	3598.51200000	3552.63000000	3594.83200000	3530.78400000	3568.45600000	3556.90920000	3596.74440000
2817324414.71571922	3586.42400000	3618.34800000	3575.77400000	3616.17400000	3572.59400000	3612.49200000	3557.80800000	3589.39000000	3539.58000000	3578.55000000	3566.43600000	3602.99080000
2818996655.51839447	3574.43400000	3618.76200000	3561.43000000	3604.92200000	3559.07800000	3602.42000000	3552.83400000	3597.85600000	3538.65200000	3582.65400000	3557.28560000	3601.32280000
2820668896.32107019	3569.96200000	3611.50600000	3571.04800000	3608.38000000	3553.93600000	3591.26400000	3541.21000000	3582.66400000	3519.56000000	3565.14200000	3551.14320000	3591.79120000
2822341137.12374592	3569.70600000	3610.26200000	3569.68600000	3615.71800000	3554.52600000	3601.88400000	3551.03400000	3593.49600000	3518.99800000	3566.72600000	3552.79000000	3597.61720000
2824013377.92642117	3570.09000000	3615.79800000	3564.90400000	3608.56800000	3554.52400000	3606.23400000	3551.18600000	3594.17000000	3532.35800000	3580.10000000	3554.61240000	3600.97400000
2825685618.72909689	3568.57200000	3617.81600000	3565.34000000	3610.65400000	3559.20400000	3602.50400000	3539.23600000	3588.01400000	3517.31000000	3572.14800000	3549.93240000	3598.22720000
2827357859.53177261	3562.29000000	3615.98200000	3561.57800000	3622.06400000	3546.13400000	3595.95200000	3539.04400000	3592.95800000	3518.74600000	3570.99200000	3545.55840000	3599.58960000
2829030100.33444834	3558.50400000	3610.78000000	3550.61600000	3608.84800000	3549.62600000	3601.32600000	3537.13600000	3596.65600000	3515.95600000	3580.90600000	3542.36760000	3599.70320000
2830702341.13712358	3555.78200000	3612.06800000	3551.11000000	3604.10000000	3535.72600000	3589.72000000	3531.97400000	3588.23200000	3508.00200000	3565.86600000	3536.51880000	3591.99720000
2832374581.93979931	3555.89800000	3622.26200000	3549.26400000	3612.03600000	3540.94800000	3600.10200000	3529.84400000	3588.56400000	3504.04200000	3568.36800000	3535.99920000	3598.26640000
2834046822.74247503	3552.25400000	3624.11600000	3551.15600000	3619.44400000	3543.61000000	3611.19400000	3528.81600000	3591.09200000	3506.29400000	3573.98200000	3536.42600000	3603.96560000
2835719063.54515028	3545.75400000	3613.03200000	3539.05800000	3613.74800000	3521.37400000	3592.81400000	3515.68000000	3588.52200000	3499.98000000	3575.42800000	3524.36920000	3596.70880000
2837391304.34782600	3546.22200000	3626.19200000	3534.76000000	3610.48000000	3534.90200000	3607.07000000	3511.69200000	3597.24200000	3502.40200000	3581.75200000	3525.99560000	3604.54720000
2839063545.15050173	3529.75400000	3613.22600000	3529.54400000	3609.40600000	3532.47200000	3606.46200000	3508.77800000	3602.15800000	3494.14800000	3580.54400000	3518.93920000	3602.35920000
2840735785.95317745	3533.52600000	3622.54400000	3524.70400000	3616.47400000	3521.28800000	3611.90400000	3497.33000000	3598.40000000	3490.36000000	3580.63800000	3513.44160000	3605.99200000
2842408026.75585270	3529.29600000	3621.44400000	3520.25000000	3613.23000000	3516.71000000	3612.16800000	3496.58200000	3595.77000000	3498.22800000	3591.76400000	3512.21320000	3606.87520000
2844080267.55852842	3516.65800000	3618.17200000	3518.36000000	3614.97800000	3498.12400000	3604.96200000	3488.50600000	3593.64200000	3472.48200000	3576.41800000	3498.82600000	3601.63440000
2845752508.36120415	3504.40000000	3617.66200000	3505.24400000	3616.65200000	3487.49400000	3599.61000000	3475.53200000	3584.56400000	3457.63600000	3565.38200000	3486.06120000	3596.77400000
2847424749.16387939	3513.06200000	3619.77400000	3505.73800000	3613.69400000	3495.37600000	3609.73000000	3482.72000000	3589.58800000	3470.19000000	3595.58800000	3493.41720000	3605.67480000
2849096989.96655512	3496.99600000	3613.84200000	3485.89800000	3606.56000000	3484.65800000	3599.47400000	3472.28600000	3599.04200000	3459.72400000	3575.54200000	3479.91240000	3598.89200000
2850769230.76923084	3494.85000000	3610.21400000	3488.98200000	3605.18400000	3474.88200000	3598.35200000	3472.58200000	3600.38000000	3450.55200000	3576.44800000	3476.36960000	3598.11560000
2852441471.57190657	3485.83400000	3625.09200000	3482.21800000	3618.49400000	3478.23200000	3610.10200000	3452.81600000	3588.79400000	3460.05200000	3591.17800000	3471.83040000	3606.73200000
2854113712.37458181	3473.93600000	3614.70800000	3468.88400000	3604.99000000	3460.91000000	3602.32000000	3453.77000000	3599.16000000	3439.86400000	3581.52000000	3459.47280000	3600.53960000
2855785953.17725754	3471.81800000	3617.64200000	3468.26600000	3604.55000000	3463.03000000	3607.72000000	3446.29600000	3595.50000000	3430.09000000	3580.31600000	3455.90000000	3601.14560000
2857458193.97993326	3470.30600000	3623.40800000	3463.47800000	3616.94600000	3463.65400000	3615.21200000	3446.00800000	3595.09200000	3436.59200000	3592.63600000	3456.00760000	3608.65880000
2859130434.78260851	3459.09200000	3610.95600000	3446.15600000	3614.15400000	3442.94600000	3607.94200000	3439.38800000	3593.69800000	3423.18000000	3582.86000000	3442.15240000	3601.92200000
2860802675.58528423	3463.99000000	3620.57000000	3453.81200000	3617.24400000	3452.40800000	3609.44000000	3435.26600000	3593.24200000	3432.38000000	3595.68200000	3447.57120000	3607.23560000
2862474916.38795996	3455.69400000	3613.30400000	3441.12200000	3607.62600000	3439.21400000	3608.45400000	3432.31000000	3597.56600000	3412.02200000	3581.41600000	3436.07240000	3601.67320000
2864147157.19063568	3447.36000000	3614.52400000	3446.81800000	3611.73800000	3429.59200000	3600.56400000	3422.49200000	3590.25200000	3402.16400000	3567.40800000	3429.68520000	3596.89720000
2865819397.99331093	3464.22600000	3623.13200000	3457.69800000	3613.88200000	3438.24200000	3600.35000000	3421.33200000	3589.15200000	3400.11000000	3568.53800000	3436.32160000	3599.01080000
2867491638.79598665	3458.64800000	3615.53400000	3450.67000000	3616.93600000	3434.13000000	3598.70000000	3432.10400000	3588.86200000	3407.59200000	3578.15800000	3436.62880000	3599.63800000
2869163879.59866238	3463.84200000	3617.26000000	3458.83800000	3619.29800000	3436.91400000	3604.23800000	3426.00400000	3584.39800000	3403.12400000	3565.75000000	3437.74440000	3598.18880000
2870836120.40133762	3467.49000000	3621.22000000	3453.93000000	3618.70800000	3453.19000000	3612.72800000	3435.60600000	3594.67200000	3408.54800000	3572.56400000	3443.75280000	3603.97840000
2872508361.20401335	3461.50600000	3624.59200000	3447.55400000	3610.45800000	3448.28400000	3612.45400000	3432.59200000	3595.04400000	3418.66400000	3582.87400000	3441.72000000	3605.08440000
2874180602.00668907	3463.12200000	3618.74000000	3454.53800000	3613.08800000	3447.77400000	3606.31400000	3430.57600000	3592.22400000	3412.36800000	3574.80800000	3441.67560000	3601.03480000
2875852842.80936432	3456.84200000	3622.32600000	3446.67800000	3615.02200000	3444.91600000	3602.06600000	3428.45000000	3588.76000000	3423.70800000	3594.44800000	3440.11880000	3604.52440000
2877525083.61204004	3459.60800000	3610.23000000	3459.75800000	3612.38800000	3444.20400000	3598.60400000	3430.20200000	3591.82400000	3408.20800000	3571.33200000	3440.39600000	3596.87560000
2879197324.41471577	3475.13400000	3618.05400000	3469.36800000	3617.32800000	3456.82800000	3609.36600000	3438.18800000	3592.14800000	3436.59800000	3596.54000000	3455.22320000	3606.68720000
2880869565.21739149	3473.08400000	3620.59000000	3466.81800000	3611.87800000	3454.17200000	3599.15200000	3441.18400000	3592.78000000	3415.97000000	3571.75800000	3450.24560000	3599.23160000
2882541806.02006674	3489.63200000	3620.96600000	3485.25000000	3616.38000000	3474.33600000	3607.94200000	3453.02400000	3595.22600000	3436.49400000	3587.18200000	3467.74720000	3605.53920000
2884214046.82274246	3489.80800000	3614.43200000	3484.31600000	3617.48400000	3475.83600000	3604.64800000	3459.86400000	3593.69400000	3432.44200000	3567.52200000	3468.45320000	3599.55600000
2885886287.62541819	3493.68000000	3608.93000000	3490.76200000	3615.21800000	3471.82400000	3597.52600000	3467.08800000	3587.22000000	3443.14000000	3565.41000000	3473.29880000	3594.86080000
2887558528.42809343	3500.92000000	3614.20600000	3503.30800000	3612.63000000	3483.24600000	3598.57600000	3476.69200000	3598.30400000	3447.51200000	3568.40000000	3482.33560000	3598.42320000
2889230769.23076916	3513.38400000	3613.80400000	3502.28600000	3611.02600000	3481.72200000	3588.03400000	3484.85600000	3591.56600000	3458.71800000	3574.93600000	3488.19320000	3595.87320000
2890903010.03344488	3514.12000000	3616.73200000	3512.08200000	3612.77600000	3488.78400000	3594.17400000	3491.66200000	3589.30400000	3462.11600000	3566.43400000	3493.75280000	3595.88400000
2892575250.83612061	3526.31800000	3625.05600000	3519.55000000	3612.18400000	3512.16800000	3613.99800000	3498.67000000	3591.92800000	3483.12600000	3581.74800000	3507.96640000	3604.98280000
2894247491.63879585	3526.52400000	3619.70400000	3529.44600000	3619.73000000	3515.86600000	3609.26400000	3505.21000000	3594.21200000	3479.58600000	3571.78400000	3511.32640000	3602.93880000
2895919732.44147158	3533.33600000	3611.10000000	3536.02600000	3614.75800000	3516.04200000	3597.09000000	3513.86400000	3584.83800000	3488.68800000	3567.89600000	3517.59120000	3595.13640000
2897591973.24414730	3538.38800000	3607.31200000	3542.40600000	3612.26800000	3531.63200000	3606.65200000	3523.57800000	3597.43400000	3505.53000000	3579.73800000	3528.30680000	3600.68080000
2899264214.04682255	3551.18800000	3610.62200000	3550.87000000	3610.91800000	3531.20200000	3596.72600000	3525.19800000	3587.63600000	3498.40600000	3565.64000000	3531.37280000	3594.30840000
2900936454.84949827	3551.66400000	3622.74000000	3552.42600000	3617.79600000	3539.76600000	3600.43200000	3519.22600000	3585.88000000	3502.10400000	3568.53400000	3533.03720000	3599.07640000
2902608695.65217400	3556.13200000	3613.96400000	3553.66200000	3608.78000000	3549.67400000	3603.48200000	3538.44400000	3598.76600000	3518.31800000	3571.92000000	3543.24600000	3599.38240000
2904280936.45484924	3572.41600000	3618.10400000	3565.62600000	3614.55600000	3547.41800000	3605.69800000	3548.96000000	3593.70600000	3535.19800000	3584.90400000	3553.92360000	3603.39360000
2905953177.25752497	3561.39400000	3615.17400000	3570.98800000	3610.66400000	3551.72200000	3595.31000000	3539.70200000	3591.14000000	3518.58200000	3574.85800000	3548.47760000	3597.42920000
2907625418.06020069	3581.33800000	3617.17800000	3570.84800000	3611.69600000	3567.80200000	3610.57800000	3546.60200000	3595.51600000	3543.07400000	3587.44000000	3561.93280000	3604.48160000
2909297658.86287642	3590.93800000	3623.59800000	3571.46600000	3611.18200000	3572.88600000	3611.32600000	3556.83400000	3590.56400000	3540.61000000	3583.70400000	3566.54680000	3604.07480000
2910969899.66555166	3577.52400000	3615.24200000	3574.24600000	3608.69400000	3560.25000000	3598.91200000	3553.32000000	3590.31600000	3535.45800000	3569.25000000	3560.15960000	3596.48280000
2912642140.46822739	3589.20400000	3619.98000000	3583.85600000	3612.56200000	3580.61800000	3605.95400000	3559.05800000	3586.56600000	3541.52400000	3577.42800000	3570.85200000	3600.49800000
2914314381.27090311	3588.89200000	3620.09600000	3586.44800000	3609.35000000	3575.05200000	3611.14000000	3560.15000000	3594.65200000	3564.45800000	3592.82600000	3575.00000000	3605.61280000
2915986622.07357883	3580.92200000	3608.42200000	3589.93800000	3614.68000000	3565.39200000	3590.41600000	3557.71600000	3591.74400000	3536.05600000	3568.78000000	3566.00480000	3594.80840000
2917658862.87625408	3584.88600000	3617.14800000	3582.38400000	3610.54400000	3562.37200000	3598.75200000	3558.65400000	3589.37000000	3535.82400000	3563.18400000	3564.82400000	3595.79960000
2919331103.67892981	3591.27600000	3618.09000000	3594.84600000	3616.29000000	3589.97600000	3608.83400000	3566.99000000	3589.56200000	3553.54400000	3587.22000000	3579.32640000	3603.99920000
2921003344.48160553	3604.04000000	3622.20800000	3594.40600000	3613.65600000	3589.57400000	3616.09600000	3572.26400000	3591.86600000	3554.02000000	3576.40400000	3582.86080000	3604.04600000
2922675585.28428078	3592.63000000	3612.01400000	3593.23800000	3611.69200000	3574.55200000	3596.97000000	3572.05400000	3593.60000000	3541.88800000	3564.79200000	3574.87240000	3595.81360000
2924347826.08695650	3595.83400000	3619.30200000	3593.25800000	3609.33200000	3582.64600000	3599.31200000	3566.73400000	3592.41000000	3547.31600000	3567.82000000	3577.15760000	3597.63520000
2926020066.88963223	3604.42600000	3618.36600000	3593.12200000	3613.31000000	3598.07800000	3613.41400000	3575.56400000	3592.79200000	3572.31200000	3593.27800000	3588.70040000	3606.23200000
2927692307.69230747	3584.50400000	3609.78600000	3590.76800000	3606.33200000	3581.92400000	3604.36000000	3575.88600000	3600.19800000	3561.84800000	3580.95400000	3578.98600000	3600.32600000
2929364548.49498320	3595.84000000	3609.63400000	3589.99200000	3616.69600000	3572.62400000	3593.25800000	3565.75600000	3583.27400000	3540.68800000	3564.69400000	3572.98000000	3593.51120000
2931036789.29765892	3601.08000000	3620.11000000	3595.90600000	3604.69000000	3590.99600000	3601.73200000	3577.12800000	3592.96600000	3562.93800000	3582.14000000	3585.60960000	3600.32760000
2932709030.10033464	3588.85200000	3610.88400000	3590.53000000	3606.49200000	3580.50000000	3594.58600000	3564.94200000	3587.16600000	3548.48800000	3563.37600000	3574.66240000	3592.50080000
2934381270.90300989	3604.95000000	3627.32800000	3591.94800000	3614.06600000	3595.54000000	3611.23800000	3574.02200000	3590.54400000	3563.62200000	3577.01400000	3586.01640000	3604.03800000
2936053511.70568562	3599.46800000	3615.33000000	3598.74600000	3612.51800000	3574.32600000	3593.70600000	3570.52600000	3593.59400000	3558.96200000	3572.80200000	3580.40560000	3597.59000000
2937725752.50836134	3600.50800000	3617.59000000	3597.04000000	3613.19400000	3588.23800000	3612.22800000	3571.75400000	3589.82600000	3545.55600000	3572.89000000	3580.61920000	3601.14560000
2939397993.31103659	3603.41000000	3616.12400000	3597.51000000	3616.78600000	3595.13200000	3614.46600000	3578.53000000	3589.79600000	3570.34000000	3590.28200000	3588.98440000	3605.49080000
2941070234.11371231	3600.34600000	3626.34400000	3603.91800000	3613.89200000	3592.23000000	3615.29000000	3577.46600000	3600.24400000	3557.59200000	3574.94200000	3586.31040000	3606.14240000
2942742474.91638803	3599.84600000	3621.85800000	3604.37200000	3617.77200000	3593.06800000	3610.09600000	3568.64600000	3590.69200000	3569.33800000	3589.67200000	3587.05400000	3606.01800000
2944414715.71906376	3593.57400000	3614.52200000	3593.83400000	3614.66000000	3573.99000000	3591.78600000	3572.55200000	3592.74200000	3554.96800000	3567.05200000	3577.78360000	3596.15240000
2946086956.52173901	3595.34000000	3609.93000000	3599.24200000	3612.88600000	3582.11800000	3594.59600000	3573.25600000	3582.69400000	3558.83600000	3576.19800000	3581.75840000	3595.26080000
2947759197.32441473	3604.09000000	3617.69800000	3596.24800000	3614.37400000	3593.61600000	3607.42600000	3582.07000000	3591.73400000	3574.21000000	3590.31400000	3590.04680000	3604.30920000
2949431438.12709045	3606.51400000	3621.75800000	3607.09600000	3612.56600000	3601.84800000	3606.19400000	3579.38400000	3597.22000000	3565.66200000	3575.73000000	3592.10080000	3602.69360000
2951103678.92976570	3601.80800000	3612.93600000	3599.75000000	3605.77600000	3587.44600000	3592.92400000	3575.36200000	3583.46600000	3557.25600000	3563.37000000	3584.32440000	3591.69440000
2952775919.73244143	3611.47800000	3618.95800000	3607.62000000	3617.53200000	3589.33800000	3592.28200000	3581.96400000	3590.62600000	3560.67600000	3574.56200000	3590.21520000	3598.79200000
2954448160.53511715	3600.61400000	3623.51200000	3592.10200000	3609.89000000	3590.45000000	3612.00800000	3576.27200000	3589.86600000	3565.86800000	3577.18800000	3585.06120000	3602.49280000
2956120401.33779240	3609.49800000	3620.99000000	3603.65600000	3610.82000000	3603.29600000	3607.47200000	3580.53600000	3595.27400000	3578.29600000	3584.40200000	3595.05640000	3603.79160000
2957792642.14046812	3609.57600000	3610.38000000	3607.68200000	3612.20800000	3585.61200000	3594.14800000	3584.15800000	3590.39600000	3560.09800000	3571.67800000	3589.42520000	3595.76200000
2959464882.94314384	3607.68000000	3612.20800000	3608.26000000	3612.12600000	3597.66600000	3604.62600000	3585.35800000	3597.25000000	3570.14000000	3573.12200000	3593.82080000	3599.86640000
2961137123.74581957	3614.56800000	3615.31600000	3604.50800000	3610.56800000	3604.57000000	3606.38600000	3580.43000000	3590.62400000	3565.22200000	3576.87200000	3593.85960000	3599.95320000
2962809364.54849482	3605.28000000	3613.98800000	3602.96400000	3611.89800000	3605.33600000	3603.49400000	3589.69600000	3598.29200000	3567.61600000	3575.81000000	3594.17840000	3600.69640000
2964481605.35117054	3610.52800000	3619.59400000	3612.12800000	3621.99000000	3592.39800000	3600.17400000	3585.78200000	3589.92200000	3561.52000000	3564.74600000	3592.47120000	3599.28520000
2966153846.15384626	3609.82800000	3616.02600000	3597.63200000	3609.55800000	3599.25400000	3597.87200000	3593.02200000	3593.94000000	3574.29600000	3583.80200000	3594.80640000	3600.23960000
2967826086.95652199	3611.30400000	3621.22800000	3614.35200000	3614.36600000	3597.85000000	3601.98600000	3581.60200000	3585.15200000	3557.63200000	3563.86200000	3592.54800000	3597.31880000
2969498327.75919724	3606.25200000	3615.20400000	3608.32200000	3615.72800000	3593.59200000	3596.76200000	3583.95600000	3592.22000000	3568.29600000	3570.50400000	3592.08360000	3598.08360000
2971170568.56187296	3614.27200000	3620.88200000	3606.16200000	3615.39200000	3605.20200000	3606.70200000	3592.19200000	3595.20000000	3569.54800000	3573.80800000	3597.47520000	3602.39680000
2972842809.36454868	3617.42200000	3617.97000000	3607.70200000	3616.69200000	3603.74000000	3606.89000000	3589.72600000	3588.02400000	3575.19200000	3578.65800000	3598.75640000	3601.64680000
2974515050.16722393	3614.57600000	3613.84000000	3609.19000000	3617.87600000	3597.01400000	3602.28200000	3585.59800000	3582.85400000	3562.30400000	3573.57000000	3593.73640000	3598.08440000
2976187290.96989965	3612.97200000	3614.43000000	3606.57000000	3606.75000000	3601.73400000	3603.15600000	3592.96400000	3600.12800000	3579.13200000	3579.76000000	3598.67440000	3600.84480000
2977859531.77257538	3606.07000000	3610.10600000	3609.68800000	3614.52600000	3595.84400000	3593.98600000	3583.09600000	3589.78000000	3558.92800000	3568.68200000	3590.72520000	3595.41600000
2979531772.57525063	3609.47800000	3610.83000000	3602.78800000	3608.68000000	3599.89000000	3603.36800000	3593.67600000	3599.79400000	3572.03400000	3583.51800000	3595.57320000	3601.23800000
2981204013.37792635	3610.38600000	3619.61000000	3616.03800000	3614.88400000	3594.67000000	3594.30200000	3582.31800000	3589.10800000	3561.98800000	3563.29800000	3593.08000000	3596.24040000
2982876254.18060207	3608.71400000	3612.88800000	3607.15200000	3615.02000000	3584.89800000	3590.05200000	3589.73200000	3589.93000000	3575.18800000	3578.25800000	3593.13680000	3597.22960000
2984548494.98327732	3614.68800000	3617.00200000	3611.83800000	3618.70200000	3610.52400000	3611.39200000	3596.08600000	3594.89200000	3585.75800000	3595.31000000	3603.77880000	3607.45960000
2986220735.78595304	3617.70600000	3621.81600000	3614.34600000	3616.13200000	3601.33400000	3607.86600000	3584.90000000	3591.79600000	3576.74000000	3576.38000000	3599.00520000	3602.79800000
2987892976.58862877	3604.71400000	3613.50200000	3606.84800000	3610.32800000	3587.19400000	3594.97000000	3581.43400000	3585.98400000	3564.73200000	3565.80200000	3588.98440000	3594.11720000
2989565217.39130449	3609.00000000	3618.13600000	3613.23000000	3615.74800000	3596.21000000	3600.66200000	3585.89000000	3589.50200000	3567.22200000	3566.33200000	3594.31040000	3598.07600000
2991237458.19397974	3605.95600000	3609.47400000	3607.09800000	3615.57800000	3591.93200000	3594.46400000	3585.21200000	3581.64600000	3561.54800000	3568.88400000	3590.34920000	3594.00920000
2992909698.99665546	3614.85200000	3621.55800000	3606.85800000	3611.84200000	3603.37000000	3607.83200000	3584.32800000	3589.78600000	3574.44800000	3580.28000000	3596.77120000	3602.25960000
2994581939.79933119	3606.24600000	3624.38400000	3601.02000000	3615.47000000	3600.34000000	3614.21200000	3582.66600000	3587.84800000	3586.46000000	3591.53000000	3595.34640000	3606.68880000
2996254180.60200691	3603.84600000	3616.99800000	3609.01600000	3617.07000000	3591.40400000	3599.62600000	3585.33600000	3585.58000000	3561.43800000	3567.86400000	3590.20800000	3597.42760000
2997926421.40468216	3608.86200000	3616.98400000	3603.07000000	3610.67000000	3605.69400000	3605.86400000	3595.93600000	3601.67400000	3574.18600000	3577.75200000	3597.54960000	3602.58880000
2999598662.20735788	3615.54000000	3624.32800000	3609.45200000	3619.50800000	3601.55000000	3614.31600000	3587.32200000	3595.47000000	3573.51600000	3580.69000000	3597.47600000	3606.86240000
3001270903.01003361	3610.23800000	3618.13000000	3612.81600000	3618.67200000	3594.65800000	3596.23000000	3589.77600000	3587.22400000	3557.36600000	3569.52800000	3592.97080000	3597.95680000
3002943143.81270885	3613.26400000	3619.50000000	3611.54800000	3613.35600000	3604.89000000	3606.54800000	3590.56200000	3597.28400000	3586.88000000	3593.08600000	3601.42880000	3605.95480000
3004615384.61538458	3606.91800000	3613.01200000	3608.42400000	3613.20800000	3592.60400000	3591.49600000	3578.75400000	3584.92200000	3565.49600000	3566.53600000	3590.43920000	3593.83480000
3006287625.41806030	3605.24000000	3614.35800000	3607.12600000	3614.83600000	3586.16600000	3596.29600000	3581.29400000	3589.41800000	3565.08000000	3573.14000000	3588.98120000	3597.60960000
3007959866.22073555	3613.89600000	3620.88800000	3617.45800000	3619.23600000	3598.21400000	3599.41800000	3582.39600000	3589.22000000	3559.09000000	3564.94400000	3594.21080000	3598.74120000
3009632107.02341127	3606.22000000	3619.79200000	3599.33400000	3616.18200000	3589.02200000	3606.38400000	3580.72800000	3587.86400000	3560.58000000	3563.00000000	3587.17680000	3598.64440000
3011304347.82608700	3609.16800000	3610.34000000	3610.76200000	3617.56400000	3595.26200000	3598.03200000	3593.34400000	3595.18800000	3564.20800000	3563.82200000	3594.54880000	3596.98920000
3012976588.62876272	3610.72600000	3612.70000000	3597.80600000	3605.63000000	3594.66000000	3599.77800000	3595.02200000	3594.30400000	3573.21800000	3577.35000000	3594.28640000	3597.95240000
3014648829.43143797	3601.25000000	3611.78800000	3604.62600000	3604.59600000	3603.03600000	3602.35200000	3597.63400000	3596.66000000	3572.50800000	3578.98600000	3595.81080000	3598.87640000
3016321070.23411369	3610.12800000	3610.40400000	3610.32800000	3617.59200000	3596.68200000	3597.73800000	3591.06200000	3596.80800000	3559.03800000	3569.69800000	3593.44760000	3598.44800000
3017993311.03678942	3615.36600000	3620.39000000	3615.81400000	3611.76000000	3603.98600000	3608.85800000	3591.80600000	3588.87400000	3588.56600000	3591.48800000	3603.10760000	3604.27400000
3019665551.83946514	3619.16600000	3615.58400000	3605.91200000	3615.32600000	3612.95600000	3616.23000000	3590.62000000	3593.83600000	3573.23600000	3569.45400000	3600.37800000	3602.08600000
3021337792.64214039	3603.87200000	3612.17400000	3603.12800000	3602.05000000	3596.49600000	3602.11200000	3586.18600000	3598.76200000	3578.00600000	3579.78200000	3593.53760000	3598.97600000
3023010033.44481611	3621.14800000	3613.19000000	3615.65000000	3614.23800000	3598.21000000	3595.48400000	3587.32000000	3593.12800000	3572.33000000	3575.05000000	3598.93160000	3598.21800000
3024682274.24749184	3616.68800000	3623.33800000	3606.86400000	3612.24400000	3608.60400000	3612.36400000	3594.04600000	3595.74200000	3582.36600000	3584.62200000	3601.71360000	3605.66200000
3026354515.05016708	3610.69000000	3611.65400000	3601.72600000	3612.58800000	3597.79400000	3604.59800000	3596.09000000	3592.05800000	3575.85000000	3576.64000000	3596.43000000	3599.50760000
3028026755.85284281	3611.48000000	3612.53200000	3613.16400000	3614.96000000	3595.93200000	3597.20200000	3587.40600000	3589.04000000	3568.94800000	3574.06200000	3595.38600000	3597.55920000
3029698996.65551853	3614.66000000	3623.00600000	3621.68800000	3617.91400000	3609.85800000	3610.30200000	3592.93800000	3596.01400000	3573.57000000	3570.43800000	3602.54280000	3603.53480000
3031371237.45819378	3612.13000000	3618.93800000	3608.26800000	3613.89800000	3596.79800000	3603.44000000	3588.28200000	3592.05200000	3570.24200000	3565.06600000	3595.14400000	3598.67880000
3033043478.26086950	3616.92800000	3626.81000000	3599.10000000	3616.32800000	3603.15000000	3609.20400000	3588.08200000	3596.60600000	3595.48800000	3592.51800000	3600.54960000	3608.29320000
3034715719.06354523	3608.22600000	3605.04400000	3611.90000000	3610.17200000	3591.54000000	3586.03600000	3590.73600000	3594.05200000	3574.89400000	3572.30600000	3595.45920000	3593.52200000
3036387959.86622047	3610.30200000	3611.75800000	3609.86400000	3608.26000000	3604.04400000	3608.61400000	3596.75800000	3597.85600000	3580.94200000	3578.76000000	3600.38200000	3601.04960000
3038060200.66889620	3610.48600000	3613.17200000	3619.46400000	3618.49200000	3589.45400000	3595.67600000	3591.21000000	3591.37800000	3568.99200000	3571.47600000	3595.92120000	3598.03880000
3039732441.47157192	3620.48200000	3621.09800000	3607.83400000	3610.44600000	3601.60000000	3608.07400000	3584.30800000	3595.92800000	3588.10200000	3588.60800000	3600.46520000	3604.83080000
3041404682.27424765	3607.55400000	3617.55600000	3608.50400000	3611.93800000	3593.04800000	3596.43400000	3589.00800000	3590.67000000	3571.19600000	3564.36600000	3593.86200000	3596.19280000
3043076923.07692289	3607.51000000	3613.62200000	3616.92600000	3614.58200000	3596.51400000	3591.53400000	3586.39400000	3594.91600000	3564.38800000	3566.97000000	3594.34640000	3596.32480000
3044749163.87959862	3621.42400000	3619.45800000	3612.57400000	3612.72200000	3610.42000000	3605.17400000	3594.50800000	3590.13000000	3591.60200000	3583.95000000	3606.10560000	3602.28680000
3046421404.68227434	3622.44600000	3618.78000000	3612.82000000	3614.03000000	3607.87000000	3609.95800000	3589.13600000	3591.78400000	3583.45200000	3579.77400000	3603.14480000	3602.86520000
3048093645.48495007	3619.07800000	3619.04000000	3615.67200000	3612.19600000	3607.12400000	3605.74400000	3591.26800000	3590.60600000	3573.85400000	3569.07800000	3601.39920000	3599.33280000
3049765886.28762531	3622.69200000	3624.73600000	3617.09000000	3611.72600000	3613.46000000	3610.11400000	3595.81600000	3591.91200000	3576.93800000	3576.89400000	3605.19920000	3603.07640000
3051438127.09030104	3620.09600000	3615.72400000	3622.42600000	3618.21600000	3599.76400000	3599.16000000	3599.51800000	3592.41600000	3573.19200000	3569.19800000	3602.99920000	3598.94280000
3053110367.89297676	3616.56200000	3612.55600000	3609.73400000	3611.38400000	3605.09200000	3600.24600000	3601.90800000	3596.84200000	3581.50000000	3575.78800000	3602.95920000	3599.36320000
3054782608.69565201	3607.30800000	3609.32000000	3611.38600000	3607.29000000	3600.77400000	3596.65400000	3585.91200000	3593.19200000	3566.55000000	3568.80600000	3594.38600000	3595.05240000
3056454849.49832773	3622.80600000	3624.30000000	3613.22200000	3605.30800000	3609.64400000	3617.81600000	3595.48800000	3595.82200000	3585.54400000	3582.79800000	3605.34080000	3605.20880000
3058127090.30100346	3624.69400000	3620.41200000	3617.96600000	3618.95800000	3609.53800000	3609.00800000	3593.21400000	3590.86200000	3588.98400000	3584.15800000	3606.87920000	3604.67960000
3059799331.10367870	3616.42200000	3610.63200000	3605.39000000	3606.76600000	3600.67800000	3605.01400000	3602.95000000	3602.72200000	3582.96200000	3581.13400000	3601.68040000	3601.25360000
3061471571.90635443	3616.30200000	3613.72800000	3622.99000000	3611.68000000	3600.43600000	3597.85400000	3597.56400000	3600.24400000	3568.55200000	3563.56800000	3601.16880000	3597.41480000
3063143812.70903015	3604.67600000	3607.65200000	3609.48200000	3615.74200000	3597.74200000	3594.47800000	3586.72400000	3583.98600000	3566.50000000	3560.31200000	3593.02480000	3592.43400000
3064816053.51170588	3618.76000000	3611.35600000	3611.88200000	3608.75400000	3606.50400000	3602.44600000	3596.46800000	3591.41200000	3571.48200000	3568.53800000	3601.01920000	3596.50120000
3066488294.31438112	3620.03200000	3625.56200000	3601.69800000	3611.89200000	3605.52000000	3605.65000000	3593.81000000	3596.31400000	3583.88400000	3581.11600000	3600.98880000	3604.10680000
3068160535.11705685	3623.73600000	3620.63200000	3611.83600000	3613.42800000	3614.46200000	3613.69000000	3591.67200000	3593.46800000	3595.05800000	3588.87400000	3607.35280000	3606.01840000
3069832775.91973257	3609.31200000	3613.13800000	3611.36600000	3612.03600000	3607.72000000	3609.70800000	3595.97400000	3593.14400000	3576.50400000	3576.48200000	3600.17520000	3600.90160000
3071505016.72240782	3614.20200000	3612.48400000	3614.27000000	3611.86400000	3593.99000000	3590.44600000	3592.68600000	3592.13400000	3576.06800000	3575.22400000	3598.24320000	3596.43040000
3073177257.52508354	3612.50400000	3614.03600000	3618.37600000	3614.09800000	3590.68800000	3591.54000000	3592.49600000	3587.60200000	3570.47000000	3569.09200000	3596.90680000	3595.27360000
3074849498.32775927	3613.32000000	3610.37600000	3610.30200000	3606.74600000	3608.44600000	3606.07600000	3599.69600000	3595.66600000	3582.10000000	3586.70600000	3602.77280000	3601.11400000
3076521739.13043499	3605.43800000	3613.22800000	3608.42200000	3606.90000000	3596.63200000	3592.70600000	3588.14200000	3587.93400000	3570.06800000	3567.79600000	3593.74040000	3593.71280000
3078193979.93311024	3622.39000000	3614.79600000	3615.94600000	3610.23200000	3608.47000000	3611.14000000	3592.51400000	3592.05000000	3592.87000000	3593.20800000	3606.43800000	3604.28520000
3079866220.73578596	3619.21000000	3616.44400000	3607.05600000	3609.69400000	3608.22200000	3607.74800000	3600.92800000	3597.41000000	3587.50400000	3583.65200000	3604.58400000	3602.98960000
3081538461.53846169	3611.57600000	3611.61800000	3612.77600000	3609.55200000	3596.64000000	3605.99000000	3592.12600000	3593.69600000	3572.09400000	3568.07200000	3597.04240000	3597.78560000
3083210702.34113693	3616.23000000	3618.39200000	3612.66400000	3613.19600000	3609.19400000	3603.08600000	3595.73200000	3596.98200000	3576.27400000	3568.76600000	3602.01880000	3600.08440000
3084882943.14381266	3616.58600000	3619.38400000	3603.81400000	3612.25800000	3610.01000000	3607.41000000	3596.09800000	3598.14200000	3587.08000000	3591.42600000	3602.71760000	3605.72400000
3086555183.94648838	3614.14000000	3614.32800000	3615.17400000	3615.58600000	3601.20200000	3592.58600000	3589.71400000	3585.04000000	3569.43000000	3567.01000000	3597.93200000	3594.91000000
3088227424.74916363	3621.99000000	3619.58000000	3623.84800000	3614.05400000	3613.45600000	3612.48000000	3591.08400000	3593.61800000	3588.54400000	3597.56000000	3607.78440000	3607.45840000
3089899665.55183935	3616.74400000	3617.75800000	3611.29200000	3614.93000000	3600.71800000	3600.29000000	3584.94600000	3590.42400000	3566.35800000	3565.77000000	3596.01160000	3597.83440000
3091571906.35451508	3619.57200000	3611.96200000	3621.83800000	3617.84200000	3599.39800000	3594.44200000	3596.62000000	3590.11400000	3572.84600000	3565.19200000	3602.05480000	3595.91040000
3093244147.15719080	3617.68000000	3616.53600000	3608.85000000	3604.76800000	3608.22000000	3607.66400000	3600.27600000	3595.55200000	3588.28200000	3576.33200000	3604.66160000	3600.17040000
3094916387.95986605	3622.29000000	3619.24800000	3622.49600000	3613.12000000	3609.19000000	3602.70800000	3593.52600000	3591.09800000	3584.24200000	3575.38400000	3606.34880000	3600.31160000
3096588628.76254177	3614.16800000	3612.53000000	3615.46400000	3618.16600000	3600.01000000	3596.74200000	3599.75200000	3596.23400000	3567.25200000	3562.55000000	3599.32920000	3597.24440000
3098260869.56521749	3629.57600000	3618.80200000	3618.83000000	3609.17200000	3608.51400000	3605.63400000	3590.09000000	3588.22000000	3566.54200000	3568.95800000	3602.71040000	3598.15720000
3099933110.36789322	3623.69200000	3618.77000000	3614.11000000	3616.90600000	3610.18800000	3610.86600000	3587.29000000	3586.82400000	3581.52200000	3581.04400000	3603.36040000	3602.88200000
3101605351.17056847	3628.18200000	3621.54400000	3611.24200000	3609.94400000	3615.42200000	3607.36000000	3595.96000000	3593.23600000	3582.71000000	3577.98200000	3606.70320000	3602.01320000
3103277591.97324419	3612.10600000	3607.94400000	3607.40200000	3615.85800000	3593.59200000	3595.85800000	3596.96800000	3589.17000000	3575.24800000	3574.25200000	3597.06320000	3596.61640000
3104949832.77591991	3619.72000000	3617.07600000	3614.45200000	3613.44800000	3607.55000000	3604.20200000	3597.56200000	3594.47200000	3571.93600000	3568.30800000	3602.24400000	3599.50120000
3106622073.57859516	3623.51200000	3625.08800000	3614.16800000	3620.70000000	3613.02000000	3609.67200000	3592.84800000	3588.11600000	3579.25800000	3581.73200000	3604.56120000	3605.06160000
3108294314.38127089	3616.03400000	3610.10800000	3620.03200000	3613.80800000	3594.39400000	3594.69400000	3595.32600000	3588.95400000	3569.92600000	3567.04200000	3599.14240000	3594.92120000
3109966555.18394661	3617.92200000	3619.91600000	3616.52800000	3611.84800000	3609.03800000	3607.76200000	3592.05600000	3592.90800000	3582.78200000	3571.53400000	3603.66520000	3600.79360000
3111638795.98662186	3611.66600000	3612.01000000	3617.49200000	3609.03600000	3591.31200000	3591.03600000	3592.71400000	3595.40400000	3575.15200000	3568.18400000	3597.66720000	3595.13400000
3113311036.78929758	3602.55400000	3602.71200000	3619.87600000	3617.03200000	3611.33800000	3610.06200000	3594.88600000	3592.23800000	3573.99800000	3575.08200000	3600.53040000	3599.42520000
3114983277.59197330	3615.66400000	3616.86400000	3613.70000000	3614.26400000	3610.69400000	3608.80400000	3596.09000000	3592.82600000	3593.32200000	3590.60600000	3605.89400000	3604.67280000
3116655518.39464903	3620.48400000	3618.56800000	3608.92400000	3612.78600000	3613.70000000	3609.15000000	3596.42400000	3590.51600000	3590.24800000	3586.18200000	3605.95600000	3603.44040000
3118327759.19732428	3609.53000000	3614.75000000	3612.33600000	3608.21000000	3590.44800000	3588.22200000	3596.10400000	3590.47200000	3574.51800000	3573.00600000	3596.58720000	3594.93200000
3120000000.00000000	3613.22600000	3601.27000000	3612.47200000	3610.85400000	3601.36600000	3593.77000000	3589.62000000	3581.14400000	3567.13000000	3565.67000000	3596.76280000	3590.54160000
