freq	PL_sig1	PL_ref1	PL_sig2	PL_ref2	PL_sig3	PL_ref3	PL_sig4	PL_ref4	PL_sig5	PL_ref5	PL_sig6	PL_ref6	PL_sig7	PL_ref7	PL_sig8	PL_ref8	PL_sig9	PL_ref9	PL_sig10	PL_ref10	avgPL_sig	avgPL_ref
2720000000.00000000	3331.67600000	3331.89200000	3346.93400000	3343.71600000	3286.95000000	3279.56400000	3265.67800000	3261.47800000	3295.60000000	3294.50000000	3345.14000000	3344.52800000	3277.25600000	3272.41000000	3340.14400000	3340.95000000	3273.77400000	3280.14200000	3368.93600000	3369.61200000	3313.20880000	3311.87920000
2721003344.48160553	3361.71000000	3361.93600000	3317.41400000	3316.39200000	3326.29800000	3322.90200000	3278.50600000	3275.29600000	3343.77400000	3338.47400000	3377.43000000	3373.76200000	3325.87000000	3323.48600000	3329.11000000	3328.70600000	3333.71200000	3329.73200000	3367.62400000	3360.07200000	3336.14480000	3333.07580000
2722006688.96321058	3317.39800000	3319.01600000	3342.68200000	3343.28400000	3295.76800000	3293.99400000	3285.31800000	3283.24800000	3343.20200000	3340.77600000	3360.52000000	3359.59800000	3339.07200000	3334.95000000	3318.69400000	3318.04400000	3222.96000000	3223.10000000	3368.50800000	3365.47800000	3319.41220000	3318.14880000
2723010033.44481611	3310.78000000	3307.81200000	3319.74000000	3321.95600000	3309.73000000	3300.73200000	3341.10000000	3333.96000000	3310.64600000	3305.94400000	3352.57000000	3348.85200000	3286.14800000	3287.95400000	3315.92000000	3313.64000000	3260.12000000	3257.75600000	3292.44200000	3292.29800000	3309.91960000	3307.09040000
2724013377.92642164	3346.97200000	3349.40200000	3313.23800000	3309.24600000	3300.77000000	3304.28600000	3307.79800000	3307.61800000	3314.55800000	3316.57800000	3376.45800000	3367.95600000	3350.84400000	3353.90400000	3316.68600000	3310.69200000	3324.83800000	3317.84000000	3357.14400000	3359.63200000	3330.93060000	3329.71540000
2725016722.40802670	3339.92600000	3338.89000000	3384.00800000	3382.39400000	3319.03000000	3313.32400000	3241.80000000	3241.48800000	3340.51000000	3337.86800000	3329.17800000	3331.22800000	3298.46000000	3292.43200000	3299.63800000	3296.51800000	3311.39200000	3305.42000000	3333.83000000	3334.97200000	3319.77720000	3317.45340000
2726020066.88963223	3349.84200000	3342.05200000	3315.06000000	3312.78400000	3312.26400000	3310.35000000	3289.43600000	3286.05400000	3325.65000000	3321.90000000	3370.16000000	3367.73000000	3347.53800000	3345.39000000	3308.49000000	3302.34600000	3328.03200000	3329.71600000	3355.89600000	3352.71800000	3330.23680000	3327.10400000
2727023411.37123728	3313.77400000	3310.31200000	3308.74000000	3300.39200000	3309.13400000	3306.91800000	3362.46600000	3362.09600000	3311.45000000	3315.10600000	3330.02600000	3331.00600000	3312.16800000	3306.83800000	3329.33600000	3325.85400000	3279.54600000	3275.77400000	3309.00600000	3306.37400000	3316.56460000	3314.06700000
2728026755.85284281	3342.87600000	3344.02200000	3331.55600000	3331.30000000	3365.02800000	3362.55800000	3315.17000000	3311.05400000	3266.52200000	3268.06200000	3271.97600000	3268.02800000	3262.22200000	3259.44600000	3319.72000000	3317.24200000	3293.12800000	3292.12800000	3266.23400000	3261.97800000	3303.44320000	3301.58180000
2729030100.33444834	3349.68600000	3350.93400000	3313.03600000	3310.47600000	3272.02000000	3272.11800000	3364.75400000	3364.75200000	3307.90600000	3305.92200000	3315.52400000	3307.31600000	3309.25600000	3309.81600000	3288.34000000	3289.42400000	3308.27000000	3304.64600000	3322.82800000	3326.03800000	3315.16200000	3314.14420000
2730033444.81605339	3338.24600000	3336.09800000	3352.87200000	3354.70600000	3278.07200000	3274.22000000	3286.81400000	3290.50600000	3357.33000000	3354.28800000	3357.72400000	3354.50200000	3322.22400000	3320.69200000	3327.49200000	3327.42000000	3206.02800000	3202.02800000	3374.62000000	3373.91200000	3320.14220000	3318.83720000
2731036789.29765892	3312.44000000	3310.74000000	3313.84800000	3314.05800000	3314.86600000	3311.35600000	3346.17200000	3341.40600000	3327.74600000	3322.93200000	3341.21200000	3339.36600000	3287.64400000	3289.90200000	3321.42600000	3318.08600000	3258.14000000	3259.77200000	3304.31400000	3302.23200000	3312.78080000	3310.98500000
2732040133.77926445	3324.33800000	3315.07800000	3359.11000000	3358.71800000	3292.92800000	3288.84200000	3267.29400000	3260.99000000	3306.54800000	3297.98400000	3350.39400000	3351.05800000	3265.70200000	3265.97200000	3326.72600000	3322.84400000	3252.64600000	3254.00200000	3372.11800000	3369.88400000	3311.78040000	3308.53720000
2733043478.26086950	3348.34200000	3340.14600000	3302.86000000	3295.46200000	3278.41800000	3269.20600000	3344.01200000	3342.42400000	3308.61200000	3302.33400000	3321.01800000	3319.65800000	3298.79600000	3295.38600000	3274.72000000	3276.17800000	3267.31800000	3265.51400000	3309.11200000	3312.90000000	3305.32080000	3301.92080000
2734046822.74247503	3318.29800000	3315.85800000	3341.42000000	3334.49800000	3308.91200000	3306.86000000	3267.64000000	3270.71000000	3297.75400000	3296.58200000	3281.23000000	3276.85400000	3279.68000000	3284.07800000	3363.66400000	3354.44800000	3302.39400000	3298.77800000	3305.84400000	3306.78600000	3306.68360000	3304.54520000
2735050167.22408009	3363.49000000	3361.49800000	3320.84200000	3323.17800000	3313.48600000	3315.04600000	3257.30000000	3252.61200000	3355.91600000	3348.60200000	3371.00200000	3360.58600000	3339.50000000	3337.01200000	3317.98000000	3316.74200000	3338.61000000	3334.25800000	3344.05400000	3344.06000000	3332.21800000	3329.35940000
2736053511.70568562	3335.08200000	3332.61400000	3372.39800000	3375.17800000	3314.09400000	3312.89600000	3294.02000000	3284.94400000	3347.41400000	3343.11400000	3344.00200000	3343.77800000	3316.10600000	3317.94000000	3315.57400000	3309.29800000	3256.16400000	3254.33200000	3349.00600000	3346.97200000	3324.38600000	3322.10660000
2737056856.18729115	3359.65600000	3354.21000000	3344.90400000	3349.08200000	3295.81600000	3294.46800000	3247.61400000	3240.94000000	3346.89200000	3349.48400000	3355.64000000	3353.51600000	3339.56400000	3335.92600000	3300.73000000	3301.12800000	3348.66400000	3342.42600000	3338.75800000	3339.58600000	3327.82380000	3326.07660000
2738060200.66889620	3319.37200000	3318.75400000	3319.11800000	3312.99000000	3306.28200000	3304.36200000	3341.35800000	3333.60000000	3333.54000000	3329.80000000	3322.76400000	3319.49800000	3313.56800000	3314.93800000	3331.67400000	3327.25600000	3289.22800000	3290.81800000	3272.87000000	3271.35000000	3314.97740000	3312.33660000
2739063545.15050173	3359.28200000	3353.42600000	3307.15000000	3302.06400000	3299.70200000	3294.29800000	3368.97400000	3369.98600000	3301.98400000	3300.18800000	3309.04400000	3304.98200000	3307.25400000	3302.78800000	3306.49200000	3302.69800000	3303.94400000	3301.01400000	3308.53600000	3308.04200000	3317.23620000	3313.94860000
2740066889.63210726	3331.28200000	3322.96400000	3360.31200000	3355.69000000	3307.46600000	3305.09000000	3287.37200000	3283.44800000	3346.05600000	3343.58600000	3355.16200000	3349.61800000	3331.08600000	3330.56400000	3323.44000000	3320.81800000	3242.52800000	3243.72000000	3352.42800000	3348.28400000	3323.71320000	3320.37820000
2741070234.11371231	3317.90600000	3318.94400000	3316.66000000	3314.30400000	3319.67400000	3314.41800000	3367.85000000	3368.36800000	3330.95200000	3332.13800000	3328.96400000	3330.10200000	3316.62400000	3309.69800000	3330.45400000	3322.35000000	3290.92400000	3292.53400000	3292.07200000	3290.53800000	3321.20800000	3319.33940000
2742073578.59531784	3357.35400000	3353.68200000	3319.32400000	3321.93600000	3326.79000000	3323.77800000	3263.99600000	3260.25400000	3355.07400000	3353.85200000	3367.71000000	3370.36400000	3333.97400000	3332.59400000	3316.54800000	3310.59600000	3341.52000000	3334.33600000	3349.40000000	3349.94800000	3333.16900000	3331.13400000
2743076923.07692289	3312.42400000	3310.84200000	3341.32000000	3336.46000000	3308.18800000	3304.81200000	3271.16200000	3273.31000000	3309.66200000	3306.45800000	3288.96400000	3283.18200000	3300.61600000	3292.90600000	3372.46400000	3368.31400000	3310.59600000	3308.04400000	3326.24400000	3325.33200000	3314.16400000	3310.96600000
2744080267.55852842	3330.44800000	3327.04400000	3358.39000000	3351.19000000	3272.25600000	3273.48400000	3286.91600000	3286.24800000	3359.49000000	3351.99400000	3354.42600000	3356.07200000	3323.35400000	3318.90200000	3332.99000000	3332.04800000	3208.67800000	3205.62600000	3377.60400000	3376.44800000	3320.45520000	3317.90560000
2745083612.04013395	3345.80200000	3343.38600000	3374.38600000	3370.37400000	3287.75000000	3290.42800000	3231.11800000	3231.11800000	3334.82600000	3335.20400000	3328.83800000	3326.36800000	3309.56400000	3305.09400000	3288.99200000	3288.68200000	3330.37400000	3328.42200000	3339.95400000	3335.28800000	3317.16040000	3315.43640000
2746086956.52173901	3353.82600000	3353.67400000	3306.54600000	3308.81600000	3291.34200000	3287.68200000	3375.36200000	3367.56600000	3307.05200000	3305.03800000	3309.91800000	3304.94400000	3303.62200000	3300.36600000	3303.84800000	3297.75600000	3300.61600000	3302.33000000	3317.14600000	3314.03200000	3316.92780000	3314.22040000
2747090301.00334454	3343.44400000	3339.92000000	3280.72600000	3280.10400000	3308.57400000	3299.12200000	3329.12200000	3324.81000000	3339.49800000	3334.14800000	3325.09000000	3329.44600000	3336.40400000	3335.19800000	3303.52200000	3302.96000000	3296.70600000	3295.43600000	3359.88400000	3357.84200000	3322.29700000	3319.89860000
2748093645.48495007	3347.47400000	3345.98200000	3374.14200000	3372.20800000	3290.36200000	3289.41400000	3232.23400000	3232.67200000	3336.28400000	3335.18800000	3328.02600000	3323.68800000	3308.32800000	3305.35000000	3293.09200000	3289.14400000	3327.14000000	3329.20000000	3339.04200000	3334.20000000	3317.61240000	3315.70460000
2749096989.96655512	3344.13400000	3344.90800000	3335.07600000	3333.04000000	3368.35600000	3357.93200000	3303.04800000	3306.03200000	3277.88400000	3274.71200000	3264.57200000	3260.68000000	3262.02600000	3260.37600000	3325.79000000	3321.12200000	3290.98800000	3282.93400000	3273.34000000	3271.17200000	3304.52140000	3301.29080000
2750100334.44816065	3316.22800000	3312.83600000	3332.11400000	3331.00200000	3321.11200000	3314.42600000	3272.96400000	3265.35200000	3300.67000000	3299.76400000	3273.74200000	3270.56000000	3284.83200000	3283.33000000	3353.73800000	3356.65800000	3288.81200000	3287.91400000	3303.35400000	3299.26800000	3304.75660000	3302.11100000
2751103678.92976570	3325.72800000	3334.31000000	3317.33200000	3311.34800000	3353.99800000	3353.31200000	3350.38200000	3344.79000000	3278.80400000	3276.22200000	3287.25600000	3284.76400000	3262.15600000	3263.94800000	3315.31600000	3312.70200000	3302.10800000	3299.55000000	3276.74800000	3281.97400000	3306.98280000	3306.29200000
2752107023.41137123	3315.57200000	3317.20400000	3322.58400000	3316.01600000	3300.76200000	3306.53000000	3342.78200000	3336.98000000	3330.66800000	3332.14000000	3315.95200000	3315.04200000	3311.24800000	3310.50200000	3326.73400000	3330.85600000	3286.53600000	3286.09400000	3272.35600000	3269.42600000	3312.51940000	3312.07900000
2753110367.89297676	3337.95400000	3340.26200000	3332.51200000	3331.20200000	3296.82600000	3288.61200000	3265.09600000	3261.21800000	3307.39200000	3305.42600000	3334.94200000	3335.32600000	3274.97600000	3275.88600000	3354.87400000	3348.75000000	3298.44000000	3288.24200000	3371.91000000	3363.94800000	3317.49220000	3313.88720000
2754113712.37458181	3344.37400000	3338.47600000	3334.02000000	3328.60000000	3289.29600000	3289.26000000	3311.43400000	3313.36600000	3323.25000000	3320.95000000	3347.13000000	3349.35600000	3327.79800000	3322.71600000	3342.62600000	3336.90200000	3280.77400000	3274.95600000	3276.07000000	3275.56000000	3317.67720000	3315.01420000
2755117056.85618734	3330.97800000	3323.79600000	3345.35400000	3345.05000000	3289.17000000	3280.82600000	3286.62000000	3291.43600000	3350.77600000	3352.96200000	3356.49200000	3350.97800000	3333.18200000	3334.03600000	3331.70600000	3329.78800000	3216.87400000	3215.16200000	3376.65600000	3369.85200000	3321.78080000	3319.38860000
2756120401.33779287	3346.28600000	3345.54600000	3376.61000000	3374.89800000	3292.82800000	3287.78800000	3233.52800000	3230.11200000	3342.35000000	3346.05200000	3337.77600000	3335.50600000	3332.88800000	3328.45600000	3302.11000000	3303.31600000	3340.00400000	3336.61800000	3348.58000000	3350.96400000	3325.29600000	3323.92560000
2757123745.81939793	3334.66000000	3332.49400000	3319.19600000	3314.75800000	3357.14400000	3353.46000000	3326.64800000	3319.19600000	3268.55000000	3271.00200000	3276.84200000	3276.00200000	3262.34400000	3265.63800000	3312.94200000	3311.11400000	3297.53000000	3292.45600000	3274.49800000	3273.21200000	3303.03540000	3300.93320000
2758127090.30100346	3318.32400000	3310.44000000	3316.94200000	3311.94800000	3315.01600000	3311.30400000	3349.32000000	3350.55200000	3326.67400000	3328.82600000	3340.83200000	3336.73600000	3295.53800000	3291.41200000	3325.76600000	3320.05600000	3250.82200000	3254.94200000	3304.72000000	3299.62000000	3314.39540000	3311.58360000
2759130434.78260851	3325.49400000	3323.11000000	3353.63600000	3353.01400000	3308.24600000	3304.34800000	3285.27400000	3283.79800000	3338.91600000	3338.52800000	3355.57200000	3354.68800000	3339.96600000	3334.39200000	3325.10200000	3316.19600000	3237.86200000	3236.46400000	3351.24800000	3353.03000000	3322.13160000	3319.75680000
2760133779.26421404	3318.82400000	3311.79400000	3308.96000000	3304.05200000	3308.71000000	3307.79000000	3354.42400000	3354.94600000	3319.13200000	3315.28400000	3335.08200000	3331.26800000	3308.98000000	3301.95600000	3323.03000000	3321.49000000	3269.35200000	3267.63200000	3305.77200000	3301.05200000	3315.22660000	3311.72640000
2761137123.74581957	3324.44600000	3325.86200000	3322.33800000	3322.45000000	3299.96200000	3301.94000000	3333.37400000	3327.98000000	3335.06200000	3333.63400000	3327.18000000	3319.46000000	3310.92000000	3305.61800000	3333.44000000	3331.12200000	3289.58000000	3291.52400000	3265.94600000	3262.01200000	3314.22480000	3312.16020000
2762140468.22742462	3344.49800000	3339.84800000	3306.57200000	3301.09800000	3279.29800000	3274.71800000	3344.01600000	3339.42800000	3298.84000000	3291.25400000	3329.19400000	3333.64600000	3292.18600000	3290.70400000	3286.89800000	3286.21200000	3252.06600000	3242.48800000	3300.07600000	3301.48600000	3303.36440000	3300.08820000
2763143812.70903015	3365.35600000	3360.85400000	3326.48600000	3327.32600000	3310.05200000	3302.55400000	3251.40000000	3254.15400000	3351.94600000	3349.69600000	3361.07800000	3359.57800000	3329.62200000	3330.23800000	3307.42800000	3304.10200000	3335.60000000	3335.92400000	3339.38400000	3344.61400000	3327.83520000	3326.90400000
2764147157.19063568	3342.73000000	3342.85400000	3330.20000000	3332.31800000	3353.15000000	3349.31600000	3274.86400000	3273.86200000	3297.96600000	3296.12600000	3254.28000000	3255.80000000	3281.23800000	3280.48600000	3333.95400000	3332.42200000	3283.69000000	3285.41000000	3289.88000000	3290.77800000	3304.19520000	3303.93720000
2765150501.67224073	3332.61400000	3335.58400000	3312.04800000	3311.77400000	3288.43400000	3286.32800000	3332.30600000	3329.75800000	3294.47200000	3292.29000000	3335.93200000	3329.59800000	3290.86600000	3285.26200000	3300.09400000	3295.74200000	3235.10800000	3238.22400000	3295.67200000	3293.26200000	3301.75460000	3299.78220000
2766153846.15384626	3336.58600000	3336.69400000	3312.30800000	3303.27200000	3288.30600000	3287.45200000	3332.66600000	3331.63000000	3296.23400000	3290.43800000	3338.09800000	3333.18600000	3291.25600000	3289.11800000	3294.67600000	3296.24200000	3238.17400000	3238.96600000	3296.04600000	3290.31800000	3302.43500000	3299.73160000
2767157190.63545132	3344.49600000	3340.94400000	3354.63200000	3356.39800000	3279.37800000	3286.51200000	3285.43000000	3288.52600000	3318.20000000	3321.26000000	3348.66200000	3352.84400000	3296.08000000	3290.22600000	3332.37000000	3329.05800000	3209.26600000	3210.77800000	3387.37400000	3384.41400000	3315.58880000	3316.09600000
2768160535.11705685	3326.57000000	3326.67600000	3320.37400000	3314.49200000	3301.65000000	3301.86800000	3256.19200000	3250.09600000	3328.10200000	3323.84600000	3327.79600000	3325.20600000	3293.62400000	3291.63400000	3355.75800000	3345.32400000	3298.10800000	3289.38600000	3356.97200000	3360.13400000	3316.51460000	3312.86620000
2769163879.59866238	3305.45000000	3303.46600000	3325.63800000	3324.85000000	3309.39400000	3309.14800000	3339.54200000	3338.47400000	3318.66200000	3315.54000000	3341.21400000	3338.79600000	3290.02000000	3290.36600000	3319.16200000	3316.80200000	3260.68000000	3251.53400000	3295.07800000	3295.96800000	3310.48400000	3308.49440000
2770167224.08026743	3321.24400000	3319.34400000	3345.22200000	3340.32800000	3286.96600000	3288.84400000	3285.58000000	3286.48800000	3344.47800000	3346.00800000	3358.82400000	3356.06200000	3338.95600000	3334.24800000	3326.00400000	3326.36600000	3220.40600000	3212.96800000	3366.04600000	3369.56200000	3319.37260000	3318.02180000
2771170568.56187296	3330.45400000	3324.79000000	3315.32600000	3319.53000000	3353.81400000	3353.19200000	3341.12000000	3339.35600000	3276.91400000	3275.37600000	3282.85400000	3279.81800000	3271.48400000	3262.95600000	3300.63000000	3298.68800000	3310.93800000	3308.99400000	3271.34400000	3270.38000000	3305.48780000	3303.30800000
2772173913.04347849	3344.20000000	3343.21600000	3372.09800000	3367.45200000	3287.51400000	3282.55200000	3232.44600000	3229.18800000	3342.03000000	3337.80400000	3336.50600000	3332.04200000	3322.00000000	3321.85000000	3285.85200000	3285.56800000	3346.63800000	3345.43600000	3344.53000000	3347.30600000	3321.38140000	3319.24140000
2773177257.52508354	3325.40400000	3323.51600000	3322.33600000	3316.44800000	3297.31600000	3297.67800000	3329.39000000	3328.20400000	3287.23000000	3286.99200000	3339.98800000	3338.44800000	3286.84200000	3281.22400000	3302.90600000	3299.01600000	3233.85600000	3237.59600000	3301.80200000	3295.51200000	3302.70700000	3300.46340000
2774180602.00668907	3338.23400000	3338.47200000	3297.14800000	3297.31400000	3278.53400000	3283.23200000	3346.57400000	3343.61200000	3302.47800000	3304.49000000	3323.29600000	3322.24200000	3301.04000000	3292.90800000	3281.44600000	3280.28800000	3248.36000000	3256.11800000	3310.33200000	3304.17600000	3302.74420000	3302.28520000
2775183946.48829412	3321.52200000	3325.81400000	3321.43000000	3312.75400000	3299.45600000	3299.80600000	3332.91800000	3330.21200000	3335.72400000	3330.90200000	3320.90800000	3321.72000000	3310.56400000	3304.67000000	3331.18600000	3331.24400000	3291.08800000	3286.51200000	3263.01600000	3265.74800000	3312.78120000	3310.93820000
2776187290.96989965	3322.77800000	3322.55000000	3319.03200000	3321.31200000	3308.54400000	3307.13600000	3250.45600000	3251.91000000	3323.93400000	3318.32600000	3339.12200000	3333.39200000	3281.70400000	3280.54600000	3348.59000000	3341.31200000	3295.45400000	3295.74400000	3358.90600000	3361.03000000	3314.85200000	3313.32580000
2777190635.45150518	3319.31800000	3317.50400000	3320.09000000	3315.09000000	3321.79000000	3324.43000000	3351.96800000	3344.04200000	3289.25800000	3284.62000000	3299.67800000	3295.51800000	3284.98800000	3285.41200000	3311.90400000	3313.48600000	3323.98400000	3319.34000000	3266.85200000	3263.75400000	3308.98300000	3306.31960000
2778193979.93311024	3350.20600000	3347.25200000	3377.00800000	3381.96800000	3313.96400000	3308.76400000	3244.95400000	3241.64200000	3336.71200000	3338.90200000	3328.51800000	3327.40200000	3293.72600000	3292.59800000	3283.24000000	3290.42000000	3318.74000000	3316.68400000	3330.89000000	3328.99200000	3317.79580000	3317.46240000
2779197324.41471577	3335.51200000	3325.34200000	3379.26000000	3379.93200000	3320.45400000	3316.79600000	3271.29800000	3274.16000000	3339.32000000	3336.63400000	3336.81800000	3339.03600000	3316.06400000	3308.70400000	3303.12000000	3298.12400000	3263.55600000	3265.53800000	3334.97400000	3336.45800000	3320.03760000	3318.07240000
2780200668.89632130	3322.34200000	3323.29800000	3361.76600000	3359.43200000	3289.24000000	3286.77400000	3265.88200000	3264.74600000	3297.50600000	3295.12600000	3346.35400000	3346.99000000	3262.89600000	3266.56200000	3324.47200000	3324.90000000	3252.10600000	3252.21600000	3376.47000000	3380.53400000	3309.90340000	3310.05780000
2781204013.37792635	3354.30200000	3358.99600000	3311.81400000	3309.86200000	3311.71600000	3311.09800000	3279.00200000	3279.75800000	3333.43600000	3330.40200000	3372.77400000	3366.27400000	3346.31400000	3346.60400000	3311.44200000	3314.24800000	3331.30600000	3326.26600000	3369.98000000	3364.81000000	3332.20860000	3330.83180000
2782207357.85953188	3360.04200000	3353.30000000	3334.53200000	3330.78400000	3307.13200000	3303.36600000	3251.91000000	3243.91400000	3352.44000000	3346.29200000	3361.41200000	3360.04800000	3337.32800000	3335.21000000	3305.72800000	3303.10400000	3340.82200000	3337.08800000	3343.06600000	3340.58800000	3329.44120000	3325.36940000
2783210702.34113693	3338.69800000	3336.50600000	3324.87000000	3320.95000000	3299.69800000	3289.53600000	3312.14200000	3316.02400000	3329.45200000	3323.35400000	3333.40600000	3332.48800000	3309.24600000	3311.25400000	3333.52600000	3332.32800000	3290.51200000	3289.46200000	3262.98400000	3261.44800000	3313.45340000	3311.33500000
2784214046.82274246	3318.30600000	3319.72800000	3359.11800000	3359.50400000	3288.99600000	3290.27200000	3267.82000000	3263.46600000	3303.62800000	3306.94600000	3345.60600000	3350.90400000	3271.97200000	3270.43400000	3323.25800000	3322.71600000	3241.46200000	3239.26200000	3378.56000000	3375.67800000	3309.87260000	3309.89100000
2785217391.30434799	3330.41800000	3330.86000000	3347.64000000	3346.38400000	3343.60800000	3345.30400000	3271.87800000	3267.44600000	3301.02800000	3302.44800000	3253.13200000	3255.46400000	3287.70600000	3285.26200000	3344.37400000	3344.41800000	3282.53200000	3282.00400000	3284.54600000	3282.59200000	3304.68620000	3304.21820000
2786220735.78595304	3349.87800000	3347.12400000	3376.03800000	3372.69800000	3302.05400000	3302.00800000	3239.67800000	3237.84000000	3331.12600000	3329.82800000	3326.69800000	3327.86000000	3288.70400000	3290.93000000	3283.28000000	3275.98800000	3319.15600000	3321.42400000	3330.76400000	3336.56800000	3314.73760000	3314.22680000
2787224080.26755857	3335.96800000	3330.81600000	3324.35000000	3316.44600000	3306.44000000	3303.22400000	3253.26600000	3255.90800000	3317.75600000	3320.79200000	3334.88400000	3331.51000000	3281.60800000	3275.06200000	3349.44800000	3351.39600000	3300.31600000	3292.36600000	3368.93400000	3364.30000000	3317.29700000	3314.18200000
2788227424.74916410	3340.13000000	3333.05000000	3366.12600000	3361.94200000	3313.95600000	3311.03000000	3286.95600000	3298.84800000	3345.33200000	3347.16000000	3343.24000000	3345.89800000	3325.97800000	3318.90800000	3313.78000000	3311.52400000	3252.33600000	3248.83600000	3348.27000000	3349.75800000	3323.61040000	3322.69540000
2789230769.23076916	3349.81600000	3343.23600000	3305.37600000	3309.74200000	3300.57800000	3298.83000000	3312.66000000	3310.87600000	3309.29800000	3307.62400000	3368.13800000	3364.16000000	3350.07400000	3347.22800000	3316.60400000	3312.47200000	3314.74000000	3315.67600000	3353.50600000	3354.01600000	3328.07900000	3326.38600000
2790234113.71237469	3337.02000000	3336.41600000	3357.75000000	3358.27600000	3279.56600000	3275.83600000	3293.79800000	3291.67200000	3344.12600000	3344.68800000	3348.34400000	3348.52800000	3300.91000000	3304.93800000	3329.39800000	3327.76200000	3193.08800000	3192.40000000	3396.15200000	3392.42400000	3318.01520000	3317.29400000
2791237458.19397974	3320.64400000	3325.31000000	3317.07200000	3317.88600000	3302.98400000	3301.31600000	3252.40800000	3249.76600000	3325.37600000	3319.24400000	3329.80800000	3326.53600000	3287.47200000	3284.71400000	3348.20000000	3345.13400000	3295.32200000	3298.04000000	3363.86800000	3357.51200000	3314.31540000	3312.54580000
2792240802.67558527	3332.02600000	3328.34800000	3320.96400000	3318.56000000	3356.95600000	3353.51400000	3341.50800000	3342.58400000	3281.85400000	3277.75800000	3281.59400000	3279.13200000	3269.29600000	3269.66200000	3297.98800000	3300.37600000	3319.83600000	3312.18200000	3272.37600000	3271.43200000	3307.43980000	3305.35480000
2793244147.15719080	3325.76200000	3325.65000000	3320.01400000	3316.95800000	3299.34200000	3299.21200000	3251.02400000	3248.23800000	3324.08600000	3322.32400000	3318.68000000	3319.46200000	3294.10000000	3299.15600000	3351.86200000	3350.93400000	3292.90800000	3294.51400000	3356.57600000	3355.57000000	3313.43540000	3313.20180000
2794247491.63879585	3334.78600000	3338.43800000	3329.33800000	3325.76200000	3300.95200000	3297.47000000	3257.63000000	3256.62400000	3310.50400000	3305.94800000	3327.39800000	3332.89000000	3285.08000000	3286.56800000	3344.94800000	3343.15400000	3297.27600000	3294.76000000	3375.21000000	3366.12000000	3316.31220000	3314.77340000
2795250836.12040138	3336.24200000	3335.52800000	3360.83200000	3362.91400000	3271.25800000	3263.35600000	3289.26200000	3285.21400000	3350.10800000	3343.35200000	3347.77000000	3349.02200000	3318.44600000	3317.80400000	3332.21400000	3330.95000000	3198.01200000	3199.22000000	3381.18800000	3381.16400000	3318.53320000	3316.85240000
2796254180.60200691	3326.90600000	3318.41400000	3356.83200000	3358.93800000	3289.65600000	3286.07200000	3269.76600000	3267.33600000	3312.50400000	3308.90200000	3345.15800000	3343.78400000	3281.78000000	3280.35200000	3324.07800000	3327.74600000	3231.23800000	3231.09000000	3378.84000000	3381.72800000	3311.67580000	3310.43620000
2797257525.08361197	3363.40400000	3355.91400000	3318.53400000	3312.63200000	3328.66400000	3333.11400000	3270.34600000	3272.22200000	3365.23200000	3359.02000000	3371.15200000	3369.09000000	3327.25800000	3325.61600000	3318.15200000	3314.89200000	3337.63000000	3336.41400000	3353.49600000	3355.64600000	3335.38680000	3333.45600000
2798260869.56521749	3341.48800000	3332.65400000	3362.41200000	3360.21800000	3278.41600000	3276.44200000	3287.06400000	3288.30000000	3343.01000000	3343.56400000	3350.46200000	3352.38800000	3307.85000000	3308.97400000	3327.79000000	3329.44200000	3197.26400000	3194.36400000	3390.03000000	3389.29600000	3318.57860000	3317.56420000
2799264214.04682255	3324.21400000	3329.59800000	3316.13200000	3314.39000000	3297.05800000	3290.16400000	3323.80600000	3322.98600000	3281.41000000	3280.68800000	3329.37600000	3333.54000000	3281.90000000	3285.17800000	3295.41800000	3297.40800000	3232.35000000	3230.77000000	3293.95800000	3295.96600000	3297.56220000	3298.06880000
2800267558.52842808	3316.36000000	3317.27600000	3316.85800000	3314.95600000	3308.38800000	3307.02000000	3351.95800000	3345.71200000	3331.90200000	3334.49200000	3325.03200000	3319.67800000	3317.35600000	3312.93400000	3326.90800000	3326.79600000	3291.87200000	3291.88400000	3278.46400000	3275.18200000	3316.50980000	3314.59300000
2801270903.01003361	3337.84600000	3334.73800000	3377.41200000	3373.82600000	3312.43400000	3311.72000000	3285.15600000	3284.76000000	3344.02600000	3343.49800000	3337.39400000	3340.79400000	3312.14200000	3309.55000000	3303.04600000	3305.75200000	3254.80800000	3252.46200000	3342.81400000	3337.81200000	3320.70780000	3319.49120000
2802274247.49163866	3329.80200000	3323.10200000	3317.78000000	3316.22800000	3297.85400000	3294.88000000	3246.87400000	3243.71200000	3324.28000000	3327.27800000	3317.79400000	3315.17400000	3301.17800000	3298.47800000	3353.46600000	3355.57600000	3300.58200000	3300.01200000	3353.16600000	3356.66400000	3314.27760000	3313.11040000
2803277591.97324419	3337.77400000	3336.28000000	3319.89800000	3323.73800000	3291.82800000	3289.40400000	3312.82000000	3311.61600000	3325.67800000	3328.79200000	3331.79800000	3335.03400000	3303.38800000	3303.15600000	3328.88600000	3330.27400000	3296.07200000	3296.28200000	3262.74600000	3261.17800000	3311.08880000	3311.57540000
2804280936.45484972	3341.24000000	3342.05000000	3307.63400000	3308.84800000	3318.29800000	3315.33600000	3376.78800000	3379.93800000	3290.12600000	3290.08400000	3305.46400000	3296.93800000	3296.38400000	3294.08600000	3315.53200000	3309.47400000	3315.56200000	3320.91800000	3295.89600000	3297.15600000	3316.29240000	3315.48280000
2805284280.93645477	3350.58000000	3346.92000000	3348.17800000	3350.69200000	3289.49400000	3284.76000000	3232.16200000	3229.25800000	3342.57000000	3340.53200000	3353.01800000	3350.97600000	3341.72200000	3337.24200000	3299.85800000	3302.69800000	3339.25600000	3336.18800000	3339.81200000	3340.32200000	3323.66500000	3321.95880000
2806287625.41806030	3325.08800000	3325.14200000	3342.06200000	3342.84200000	3339.90400000	3338.76400000	3266.15600000	3267.18800000	3301.64400000	3301.05400000	3257.27200000	3258.14400000	3282.39000000	3278.65600000	3352.86200000	3350.96600000	3284.04000000	3275.59400000	3289.94000000	3293.40400000	3304.13580000	3303.17540000
2807290969.89966536	3356.20600000	3359.16800000	3294.46600000	3293.06600000	3299.28200000	3299.83000000	3323.22200000	3321.41000000	3310.81200000	3312.99600000	3335.10800000	3332.31600000	3330.50600000	3330.37000000	3308.82200000	3309.75400000	3302.99000000	3303.10400000	3359.63000000	3358.52200000	3322.10440000	3322.05360000
2808294314.38127089	3342.03200000	3340.24800000	3333.50400000	3331.71600000	3362.48200000	3357.85800000	3299.57200000	3302.91200000	3285.32400000	3280.64000000	3256.89800000	3254.84800000	3256.98200000	3253.01800000	3317.48200000	3324.17600000	3280.33600000	3279.48200000	3280.76400000	3275.94600000	3301.53760000	3300.08440000
2809297658.86287642	3356.66000000	3358.44800000	3320.66600000	3318.13800000	3323.41200000	3319.27200000	3257.04800000	3261.74800000	3352.35800000	3353.66600000	3368.33400000	3369.89200000	3329.73200000	3329.34600000	3310.75800000	3314.03600000	3338.44400000	3336.39000000	3340.18000000	3343.16600000	3329.75920000	3330.41020000
2810301003.34448147	3352.27600000	3350.27400000	3307.91800000	3308.27800000	3309.85200000	3308.59000000	3277.42600000	3276.46200000	3331.08600000	3323.78800000	3364.83000000	3362.29800000	3342.87800000	3340.14000000	3308.36800000	3310.50000000	3332.08200000	3325.46000000	3366.76600000	3360.89000000	3329.34820000	3326.66800000
2811304347.82608700	3322.14600000	3321.56000000	3335.08400000	3331.08600000	3338.51800000	3334.48400000	3345.54000000	3347.52200000	3280.21800000	3271.93400000	3305.83200000	3305.18200000	3284.50600000	3284.72400000	3305.93000000	3306.14800000	3311.35800000	3310.84200000	3265.98200000	3266.67400000	3309.51140000	3308.01560000
2812307692.30769253	3329.27800000	3325.07600000	3314.97200000	3320.52600000	3301.71400000	3306.67800000	3250.26400000	3254.30400000	3316.53600000	3320.17000000	3332.05800000	3331.84000000	3279.05800000	3271.36800000	3346.30000000	3344.03400000	3293.37600000	3294.89000000	3363.01200000	3361.91600000	3312.65680000	3313.08020000
2813311036.78929758	3332.03000000	3335.57400000	3384.09400000	3384.28600000	3318.75200000	3316.31000000	3260.57800000	3255.87200000	3337.17200000	3338.97600000	3334.12000000	3334.43800000	3301.06800000	3299.74000000	3296.50400000	3296.10400000	3287.78800000	3288.01400000	3327.52400000	3330.86400000	3317.96300000	3318.01780000
2814314381.27090311	3338.04000000	3338.86400000	3326.02800000	3325.87000000	3289.58600000	3290.84400000	3309.00200000	3313.73600000	3324.69000000	3323.43400000	3338.53800000	3334.87600000	3311.41400000	3309.86600000	3333.02200000	3331.82200000	3283.91600000	3290.27000000	3259.14000000	3262.74200000	3311.33760000	3312.23240000
2815317725.75250816	3342.11200000	3340.64400000	3325.41600000	3327.47200000	3349.85800000	3349.46600000	3271.12000000	3267.86000000	3298.07000000	3294.31200000	3251.34600000	3248.96000000	3281.11000000	3283.12200000	3338.83800000	3333.58400000	3284.17200000	3285.75000000	3287.53800000	3288.43600000	3302.95800000	3301.96060000
2816321070.23411369	3347.08200000	3344.24400000	3361.68200000	3362.80000000	3285.51400000	3289.27400000	3234.65000000	3233.32600000	3345.53600000	3347.87000000	3342.09200000	3340.89800000	3335.51800000	3337.06000000	3297.96800000	3297.64600000	3332.80600000	3339.94400000	3345.90600000	3344.96000000	3322.87540000	3323.80220000
2817324414.71571922	3361.39800000	3358.50200000	3309.75800000	3309.26000000	3311.98800000	3311.15200000	3270.24200000	3273.35000000	3337.29200000	3340.25800000	3357.64000000	3364.92800000	3343.37000000	3349.20000000	3315.04600000	3315.35600000	3322.21200000	3321.39400000	3363.53200000	3364.72200000	3329.24780000	3330.81220000
2818327759.19732428	3329.42600000	3329.84200000	3313.00600000	3314.94600000	3316.63800000	3317.56000000	3359.64800000	3357.12000000	3290.78800000	3293.90600000	3293.99200000	3293.32800000	3294.12600000	3294.35200000	3317.30600000	3315.09800000	3320.27200000	3320.98000000	3280.50400000	3280.84200000	3311.57060000	3311.79740000
2819331103.67892981	3326.57600000	3325.60800000	3332.02400000	3335.52800000	3343.30800000	3345.03400000	3338.70800000	3338.45400000	3261.50000000	3269.63000000	3294.55800000	3298.41800000	3275.72000000	3275.10800000	3305.50000000	3304.49400000	3311.41400000	3313.84600000	3269.19800000	3271.74200000	3305.85060000	3307.78620000
2820334448.16053534	3327.07400000	3331.40800000	3317.37600000	3316.91400000	3295.67800000	3298.85000000	3324.67400000	3321.69200000	3329.51600000	3334.60600000	3321.17400000	3328.26600000	3301.56200000	3302.14000000	3329.80800000	3331.38800000	3291.63400000	3293.02000000	3263.92000000	3264.64800000	3310.24160000	3312.29320000
2821337792.64214039	3328.59400000	3330.51200000	3377.42400000	3380.27800000	3313.67000000	3319.28600000	3269.39600000	3267.74000000	3337.56800000	3340.78400000	3334.16600000	3335.36200000	3306.69400000	3302.79400000	3299.83200000	3299.16400000	3269.64400000	3269.06000000	3329.78200000	3340.18600000	3316.67700000	3318.51660000
2822341137.12374592	3335.41800000	3339.95400000	3366.67800000	3368.34200000	3280.28400000	3288.26600000	3223.88600000	3225.64000000	3336.55600000	3343.11400000	3322.47200000	3328.42400000	3307.32000000	3309.02600000	3282.06000000	3290.77000000	3329.37000000	3331.95800000	3336.09400000	3341.72800000	3312.01380000	3316.72220000
2823344481.60535097	3335.50000000	3333.35800000	3328.29200000	3336.51400000	3283.57600000	3287.37000000	3260.30600000	3260.61400000	3297.09200000	3294.51800000	3336.30000000	3342.01800000	3269.41600000	3270.96600000	3341.33200000	3347.15800000	3280.44000000	3284.73400000	3360.45200000	3364.84400000	3309.27060000	3312.20940000
2824347826.08695650	3319.85200000	3323.82000000	3331.37400000	3330.25600000	3339.04000000	3345.11800000	3338.77400000	3342.49000000	3269.54200000	3271.99000000	3297.79200000	3302.38000000	3276.24600000	3281.30600000	3299.88200000	3306.62000000	3308.13800000	3314.91400000	3264.57200000	3270.21600000	3304.52120000	3308.91100000
2825351170.56856203	3305.75800000	3309.09600000	3317.24600000	3318.74800000	3294.69600000	3300.34400000	3331.88000000	3330.98400000	3297.23000000	3302.94000000	3343.05600000	3351.89800000	3277.07800000	3281.06600000	3310.88000000	3311.92600000	3255.32800000	3253.94600000	3285.91000000	3292.16400000	3301.90620000	3305.31120000
2826354515.05016708	3315.15000000	3315.56800000	3311.51600000	3313.78400000	3323.94000000	3325.48800000	3341.41800000	3350.76800000	3277.79200000	3277.55600000	3301.77200000	3308.32200000	3275.66600000	3275.01800000	3301.18400000	3306.19600000	3311.38400000	3314.27200000	3258.65000000	3260.19400000	3301.84720000	3304.71660000
2827357859.53177261	3320.94000000	3327.61800000	3311.44000000	3319.17200000	3288.76200000	3295.60000000	3245.47000000	3253.56000000	3320.75600000	3319.58400000	3303.58400000	3306.29800000	3292.41000000	3293.88000000	3357.43200000	3356.80200000	3280.46200000	3285.29200000	3340.12000000	3343.66800000	3306.13760000	3310.14740000
2828361204.01337814	3339.42000000	3348.54200000	3303.33000000	3305.24600000	3291.49600000	3297.44800000	3305.66000000	3308.63200000	3302.54200000	3307.33800000	3357.77400000	3360.93000000	3339.54400000	3344.67000000	3311.83200000	3320.29400000	3309.06400000	3317.11000000	3346.39800000	3351.15600000	3320.70600000	3326.13660000
2829364548.49498320	3306.95400000	3316.09000000	3333.50200000	3340.17800000	3300.88400000	3309.21600000	3260.76000000	3272.14200000	3289.71200000	3299.42600000	3265.24000000	3272.84200000	3273.69400000	3274.62400000	3349.87800000	3354.67600000	3288.02600000	3289.09000000	3294.38200000	3301.47400000	3296.30320000	3302.97580000
2830367892.97658873	3321.04000000	3328.97400000	3308.44400000	3314.40000000	3284.74000000	3296.59400000	3303.63400000	3315.95600000	3323.60200000	3332.09600000	3322.74000000	3329.62800000	3295.72600000	3301.96200000	3321.44600000	3327.96600000	3288.37600000	3296.91800000	3257.69200000	3262.11000000	3302.74400000	3310.66040000
2831371237.45819378	3307.86200000	3315.81800000	3327.44000000	3342.79800000	3287.50600000	3298.91000000	3269.29800000	3275.99200000	3329.71400000	3340.20800000	3347.49200000	3355.91200000	3326.36200000	3339.55000000	3305.91600000	3316.83400000	3219.82200000	3227.09200000	3348.74400000	3360.82200000	3307.01560000	3317.39360000
2832374581.93979931	3322.16800000	3329.29000000	3306.14000000	3315.49800000	3343.61000000	3355.57400000	3316.49800000	3326.98600000	3262.75600000	3272.53400000	3266.62200000	3279.60400000	3248.53200000	3259.24400000	3309.18400000	3314.95600000	3284.41600000	3297.11000000	3263.21200000	3273.43400000	3292.31380000	3302.42300000
2833377926.42140484	3313.77200000	3319.24400000	3306.42400000	3314.73200000	3289.57000000	3297.73600000	3326.33800000	3333.12800000	3280.01000000	3286.72800000	3334.33400000	3342.63000000	3272.26800000	3283.15600000	3293.66800000	3306.32000000	3234.35200000	3240.23600000	3285.50000000	3294.05800000	3293.62360000	3301.79680000
2834381270.90300989	3300.25200000	3312.50000000	3326.68400000	3333.71600000	3299.80600000	3303.00400000	3259.15000000	3269.29000000	3295.54200000	3308.10400000	3271.64400000	3283.46400000	3289.98000000	3299.31400000	3352.80600000	3365.66000000	3289.57600000	3297.27400000	3309.01200000	3321.55200000	3299.44520000	3309.38780000
2835384615.38461542	3354.08400000	3363.52200000	3300.32200000	3313.83200000	3313.22000000	3322.29200000	3262.12000000	3277.40000000	3329.91000000	3343.82400000	3364.10000000	3374.37400000	3313.29400000	3322.99600000	3308.12200000	3324.76000000	3319.97600000	3331.84000000	3345.46800000	3354.34400000	3321.06160000	3332.91840000
2836387959.86622095	3310.08600000	3324.29400000	3306.24000000	3314.77800000	3290.08800000	3303.86800000	3236.22400000	3248.30800000	3309.14600000	3320.35800000	3310.02400000	3328.24400000	3266.79800000	3279.88400000	3333.51000000	3349.06200000	3282.52400000	3289.99000000	3347.71000000	3359.87400000	3299.23500000	3311.86600000
2837391304.34782600	3321.04800000	3331.80200000	3323.71800000	3334.24400000	3332.49600000	3347.26400000	3254.79400000	3267.49200000	3280.87600000	3300.47200000	3236.98000000	3249.92600000	3274.11800000	3285.12400000	3323.80000000	3332.80600000	3266.31600000	3281.57200000	3267.14200000	3282.45200000	3288.12880000	3301.31540000
2838394648.82943153	3302.38600000	3322.61200000	3311.01400000	3321.02400000	3305.12400000	3320.78200000	3334.97600000	3348.37800000	3275.66400000	3290.54800000	3270.46600000	3285.86000000	3274.52600000	3285.82000000	3305.23200000	3319.21200000	3309.25200000	3319.40600000	3256.09800000	3263.80600000	3294.47380000	3307.74480000
2839397993.31103659	3295.54000000	3302.22800000	3301.42200000	3318.62200000	3294.08800000	3305.46800000	3323.45000000	3339.18400000	3303.36200000	3318.46000000	3318.52000000	3338.90800000	3270.40400000	3288.45800000	3303.93600000	3319.11800000	3239.81800000	3251.35000000	3279.98000000	3293.47400000	3293.05200000	3307.52700000
2840401337.79264212	3314.80600000	3331.18400000	3360.38600000	3375.17000000	3300.03400000	3311.74800000	3265.30400000	3278.92200000	3319.87000000	3340.52600000	3316.94600000	3333.88800000	3294.57400000	3310.37400000	3286.84400000	3303.82800000	3242.36200000	3252.61400000	3320.09000000	3337.52600000	3302.12160000	3317.57800000
2841404682.27424765	3309.31400000	3322.05200000	3328.99600000	3341.33600000	3322.87200000	3341.51600000	3255.82800000	3270.41200000	3275.97400000	3297.76800000	3232.28000000	3248.69200000	3265.04400000	3278.56600000	3327.00800000	3342.64400000	3265.70200000	3281.20200000	3267.63000000	3282.51600000	3285.06480000	3300.67040000
2842408026.75585270	3346.45000000	3362.60200000	3300.08400000	3315.04000000	3316.00600000	3332.93200000	3262.79000000	3276.78600000	3338.25000000	3355.37200000	3361.38200000	3375.35000000	3311.78200000	3322.70800000	3306.55400000	3322.69200000	3309.43200000	3331.17800000	3339.40200000	3357.62000000	3319.21320000	3335.22800000
2843411371.23745823	3297.05600000	3315.33800000	3329.87600000	3344.53800000	3282.23400000	3299.38000000	3258.81200000	3273.39800000	3323.99200000	3334.77400000	3337.31400000	3356.47400000	3317.71800000	3334.07400000	3295.50200000	3316.94000000	3215.12200000	3230.19200000	3337.62400000	3354.59800000	3299.52500000	3315.97060000
2844414715.71906376	3333.06600000	3347.19000000	3357.06400000	3371.57000000	3288.96800000	3302.59600000	3225.31200000	3240.25600000	3317.01600000	3332.50800000	3313.32800000	3328.80400000	3267.04000000	3283.65800000	3263.89600000	3277.11400000	3304.53000000	3317.74600000	3311.14600000	3322.25600000	3298.13660000	3312.36980000
2845418060.20066881	3341.16400000	3357.17200000	3296.29600000	3314.78600000	3312.56200000	3331.71200000	3249.60400000	3272.35400000	3343.36400000	3361.92200000	3354.26600000	3369.20400000	3311.28200000	3332.68400000	3299.13200000	3318.88600000	3313.71400000	3333.96400000	3342.44200000	3354.07600000	3316.38260000	3334.67600000
2846421404.68227434	3295.51600000	3314.45400000	3339.27600000	3355.29200000	3264.62800000	3278.11000000	3248.27000000	3263.35200000	3279.84800000	3291.73800000	3328.33400000	3345.25800000	3248.49400000	3267.92200000	3316.01800000	3328.57000000	3241.40200000	3254.29000000	3351.39200000	3371.07000000	3291.31780000	3307.00560000
2847424749.16387939	3316.63200000	3329.11400000	3306.20000000	3326.84400000	3284.82400000	3304.48000000	3240.88800000	3254.90600000	3297.15600000	3314.57800000	3313.36800000	3329.56600000	3269.46600000	3286.26600000	3330.08800000	3340.63400000	3278.22400000	3294.03600000	3345.47600000	3361.88000000	3298.23220000	3314.23040000
2848428093.64548492	3347.36200000	3362.68800000	3295.66800000	3308.71600000	3302.91200000	3313.90400000	3260.57400000	3277.11200000	3324.76600000	3343.91000000	3354.38200000	3361.53600000	3327.55400000	3339.90400000	3302.29800000	3314.12200000	3309.19600000	3325.36600000	3351.49000000	3365.67000000	3317.62020000	3331.29280000
2849431438.12709045	3300.01800000	3312.80400000	3301.76800000	3315.01200000	3292.67800000	3304.55200000	3335.42800000	3349.93400000	3319.22600000	3332.67400000	3308.04200000	3323.99400000	3300.99600000	3312.02200000	3309.57400000	3324.47200000	3277.28600000	3290.27600000	3262.33400000	3274.94200000	3300.73500000	3314.06820000
2850434782.60869551	3326.44800000	3343.60600000	3264.41200000	3275.39400000	3291.46400000	3299.67400000	3309.59600000	3320.75800000	3315.68600000	3332.00200000	3313.16800000	3324.29800000	3320.52600000	3335.06200000	3285.93000000	3298.21000000	3276.08200000	3291.70800000	3344.04000000	3355.36800000	3304.73520000	3317.60800000
2851438127.09030104	3317.19800000	3327.61000000	3330.89600000	3344.87000000	3325.98400000	3336.25000000	3254.37000000	3270.36000000	3283.66800000	3294.12000000	3238.53000000	3246.85800000	3265.17600000	3278.75200000	3334.31000000	3345.90200000	3266.69200000	3281.19800000	3273.95000000	3288.36600000	3289.07740000	3301.42860000
2852441471.57190657	3317.55200000	3328.49600000	3335.23200000	3343.31400000	3267.56200000	3278.12000000	3249.48000000	3262.52000000	3282.09200000	3293.06200000	3331.78200000	3343.28000000	3255.42600000	3268.64600000	3324.91000000	3342.14400000	3253.31400000	3269.35200000	3347.83000000	3366.97600000	3296.51800000	3309.59100000
2853444816.05351162	3311.29600000	3320.13800000	3337.24000000	3348.49400000	3265.49000000	3277.23600000	3252.70200000	3265.56200000	3282.85000000	3297.49800000	3336.71000000	3349.13000000	3260.78800000	3269.01200000	3321.44400000	3332.79600000	3247.77400000	3260.44800000	3357.78400000	3367.22000000	3297.40780000	3308.75340000
2854448160.53511715	3351.27400000	3366.68000000	3311.22200000	3321.83200000	3296.74600000	3305.01200000	3240.13600000	3253.92400000	3341.66400000	3351.83400000	3356.03200000	3365.99200000	3318.14800000	3328.80600000	3304.29000000	3316.87000000	3322.99800000	3336.15000000	3331.22400000	3346.19200000	3317.37340000	3329.32920000
2855451505.01672220	3310.00800000	3318.95400000	3327.67000000	3337.08400000	3314.43200000	3326.52400000	3262.18000000	3266.70200000	3291.34000000	3301.01600000	3258.34800000	3264.28200000	3280.28400000	3288.49600000	3343.24600000	3360.61600000	3269.69800000	3282.78200000	3295.02400000	3305.04600000	3295.22300000	3305.15020000
2856454849.49832773	3342.33800000	3351.60400000	3278.22800000	3288.82000000	3290.20400000	3296.92200000	3312.26400000	3321.68400000	3317.46400000	3322.93800000	3315.48600000	3323.32600000	3311.01400000	3326.34200000	3287.34800000	3296.12800000	3284.56800000	3295.86200000	3343.00200000	3352.10800000	3308.19160000	3317.57340000
2857458193.97993326	3329.42600000	3338.84200000	3325.20400000	3331.31000000	3285.44400000	3291.14000000	3248.27000000	3255.86200000	3289.97000000	3300.50000000	3323.09800000	3333.41600000	3265.93600000	3271.68200000	3339.61800000	3344.88400000	3282.73000000	3288.88400000	3359.86000000	3368.25000000	3304.95560000	3312.47700000
2858461538.46153831	3301.00200000	3303.55000000	3311.44000000	3316.72600000	3302.90000000	3302.43000000	3332.01600000	3333.08600000	3307.62800000	3311.16200000	3335.34600000	3343.65800000	3283.70600000	3287.85200000	3310.30600000	3315.75800000	3248.17200000	3252.96400000	3281.85400000	3287.13400000	3301.43700000	3305.43200000
2859464882.94314384	3334.47000000	3339.75000000	3354.88200000	3357.82400000	3271.34400000	3276.22600000	3287.22600000	3287.22800000	3325.56000000	3331.40000000	3341.05600000	3348.34000000	3284.44000000	3293.65400000	3320.68800000	3327.82200000	3188.29200000	3198.02400000	3388.77000000	3400.16200000	3309.67280000	3316.04300000
2860468227.42474937	3312.85200000	3313.76400000	3335.95400000	3341.23600000	3286.49200000	3290.39400000	3281.15600000	3281.32200000	3337.40200000	3342.52400000	3356.64400000	3359.90600000	3334.40200000	3335.74400000	3319.03200000	3320.45600000	3213.70400000	3218.89200000	3362.14200000	3362.75800000	3313.97800000	3316.69960000
2861471571.90635443	3305.85200000	3309.93600000	3325.94800000	3331.31600000	3301.46600000	3308.28400000	3261.88000000	3265.45000000	3303.72000000	3310.84800000	3281.96400000	3285.23600000	3296.45600000	3305.25600000	3360.31200000	3363.92800000	3290.08600000	3295.67200000	3321.90200000	3330.83800000	3304.95860000	3310.67640000
2862474916.38795996	3347.10600000	3358.83400000	3333.47400000	3335.12400000	3290.06400000	3295.66800000	3238.85400000	3241.72200000	3343.69400000	3348.27000000	3350.61200000	3357.94200000	3331.94000000	3336.64000000	3297.40400000	3296.93200000	3339.96200000	3338.83600000	3336.27800000	3336.14800000	3320.93880000	3324.61160000
2863478260.86956501	3315.28000000	3319.75800000	3310.47200000	3315.05000000	3305.66200000	3306.77600000	3360.01400000	3360.31800000	3335.83200000	3332.81200000	3326.80800000	3328.53800000	3314.32200000	3315.20000000	3321.89800000	3328.27400000	3286.18800000	3290.81600000	3280.37200000	3277.82400000	3315.68480000	3317.53660000
2864481605.35117054	3329.47600000	3333.39600000	3376.96400000	3381.17000000	3309.90000000	3314.72000000	3249.36800000	3250.60600000	3333.06400000	3335.26400000	3332.06400000	3335.61800000	3296.66600000	3296.24800000	3295.28200000	3294.40800000	3290.08800000	3291.32000000	3329.06000000	3330.76400000	3314.19320000	3316.35140000
2865484949.83277607	3336.90800000	3339.58800000	3297.52400000	3302.86800000	3268.74800000	3272.00200000	3344.66200000	3344.57800000	3298.11000000	3297.67200000	3314.72200000	3312.41400000	3296.81200000	3303.90200000	3273.13200000	3275.44400000	3266.61800000	3275.15800000	3310.84000000	3312.26400000	3300.80760000	3303.58900000
2866488294.31438112	3350.17600000	3350.02000000	3304.53600000	3301.53000000	3306.09000000	3307.40600000	3375.05800000	3375.74800000	3289.68000000	3294.60200000	3302.28200000	3303.01600000	3296.75000000	3296.89600000	3315.73600000	3316.95600000	3311.48200000	3306.91600000	3303.03000000	3302.12800000	3315.48200000	3315.52180000
2867491638.79598665	3334.93000000	3336.33400000	3304.78200000	3305.48400000	3289.44200000	3288.21800000	3329.74800000	3328.13600000	3285.55600000	3293.41400000	3336.41400000	3338.17400000	3285.47400000	3291.82200000	3288.66600000	3289.87400000	3234.21200000	3233.77200000	3289.36800000	3296.63600000	3297.85920000	3300.18640000
2868494983.27759218	3311.27800000	3311.22600000	3317.11800000	3315.80200000	3299.84200000	3302.73400000	3335.58600000	3333.51400000	3298.17200000	3297.12600000	3339.29800000	3345.27800000	3278.57800000	3283.84400000	3305.15200000	3314.77800000	3259.07400000	3259.89800000	3290.11600000	3290.85200000	3303.42140000	3305.50520000
2869498327.75919724	3313.04000000	3311.53000000	3332.63400000	3330.92400000	3315.99000000	3322.91800000	3267.01800000	3272.66400000	3294.20200000	3299.82200000	3265.80400000	3271.82000000	3280.64600000	3284.60400000	3355.11000000	3357.04000000	3285.00400000	3281.02800000	3300.67200000	3302.76600000	3301.01200000	3303.51160000
2870501672.24080276	3334.75400000	3338.28800000	3326.21800000	3331.00200000	3293.00600000	3288.37400000	3310.72000000	3312.19200000	3317.68200000	3318.42400000	3336.78400000	3338.77000000	3316.89200000	3315.02400000	3333.21400000	3333.06800000	3283.96200000	3289.13600000	3260.71600000	3261.43600000	3311.39480000	3312.57140000
2871505016.72240782	3337.05600000	3341.60600000	3329.44400000	3335.17000000	3280.75600000	3281.84800000	3306.31200000	3304.84400000	3324.44600000	3326.53400000	3340.32000000	3343.13600000	3324.72400000	3328.51800000	3335.66800000	3337.34000000	3291.35800000	3285.28200000	3287.40600000	3284.87800000	3315.74900000	3316.91560000
2872508361.20401335	3312.79600000	3312.17000000	3312.12200000	3311.97800000	3308.24200000	3307.22600000	3363.94000000	3364.59800000	3326.29000000	3327.88000000	3323.15600000	3328.30000000	3305.11800000	3308.90000000	3325.38200000	3327.36400000	3296.35400000	3297.72000000	3300.23800000	3302.66600000	3317.36380000	3318.88020000
2873511705.68561888	3336.63200000	3338.69800000	3306.41400000	3304.45400000	3286.60200000	3287.78400000	3329.52200000	3335.10600000	3291.72200000	3291.13400000	3331.79000000	3338.04800000	3287.63000000	3287.73600000	3286.22600000	3289.27000000	3234.57000000	3237.96000000	3294.43800000	3291.73600000	3298.55460000	3300.19260000
2874515050.16722393	3349.22200000	3348.82200000	3306.82600000	3313.29400000	3313.38400000	3309.05000000	3280.43200000	3281.32200000	3322.09600000	3327.04400000	3371.20800000	3367.20400000	3339.44600000	3340.67800000	3298.64000000	3301.27800000	3324.44800000	3326.43800000	3362.27800000	3358.30800000	3326.79800000	3327.34380000
2875518394.64882946	3347.03200000	3349.91400000	3301.00000000	3304.08600000	3297.57800000	3297.36600000	3322.40000000	3318.43400000	3314.93200000	3318.78000000	3341.25000000	3346.42200000	3339.62400000	3343.96000000	3326.04200000	3324.70000000	3314.07200000	3316.01600000	3356.08400000	3363.05600000	3326.00140000	3328.27340000
2876521739.13043499	3317.30600000	3317.25600000	3337.55200000	3335.24000000	3322.51600000	3323.39200000	3263.94000000	3264.22600000	3297.75000000	3302.73600000	3263.43000000	3271.98600000	3277.01000000	3287.02400000	3352.51600000	3353.24000000	3280.85200000	3280.58000000	3301.54400000	3298.25000000	3301.44160000	3303.39300000
2877525083.61204004	3341.22600000	3343.48000000	3327.21400000	3327.32600000	3354.43600000	3359.31600000	3277.18600000	3279.66600000	3288.92800000	3293.52400000	3255.22800000	3255.32800000	3278.85800000	3282.78800000	3324.77600000	3328.64200000	3280.43800000	3284.59800000	3289.55400000	3288.41600000	3301.78440000	3304.30840000
2878528428.09364557	3311.45400000	3313.64200000	3311.07400000	3309.26600000	3305.74800000	3305.79000000	3361.43000000	3361.04400000	3324.32800000	3326.72400000	3322.16800000	3330.19000000	3300.73000000	3309.26400000	3330.32600000	3330.45800000	3283.92400000	3288.59200000	3298.97600000	3302.41200000	3315.01580000	3317.73820000
2879531772.57525063	3316.32000000	3316.63400000	3314.86600000	3311.61800000	3319.67400000	3325.82000000	3340.74800000	3347.51200000	3284.17400000	3284.79200000	3300.73200000	3305.69200000	3276.59200000	3279.23000000	3310.38600000	3311.43200000	3314.38200000	3317.84000000	3262.39800000	3266.10600000	3304.02720000	3306.66760000
2880535117.05685616	3301.94400000	3306.62400000	3316.11400000	3314.21800000	3304.96000000	3304.43600000	3331.45200000	3334.35600000	3309.68600000	3310.82600000	3344.92400000	3344.91000000	3282.97200000	3288.68600000	3309.19800000	3313.66200000	3253.22000000	3254.57800000	3285.77000000	3291.13600000	3304.02400000	3306.34320000
2881538461.53846169	3346.55000000	3344.43000000	3347.75600000	3347.82400000	3285.76400000	3289.19200000	3233.24600000	3231.60800000	3341.31400000	3347.19600000	3349.70600000	3351.28600000	3331.57800000	3342.90000000	3296.37000000	3297.27400000	3340.09800000	3342.04800000	3338.79200000	3344.02200000	3321.11740000	3323.77800000
2882541806.02006674	3318.92000000	3322.77600000	3315.52400000	3318.19400000	3293.29600000	3298.56600000	3325.93000000	3327.30400000	3285.75000000	3292.32200000	3335.66800000	3337.21600000	3275.83000000	3279.06000000	3299.49400000	3299.03800000	3230.50000000	3235.94800000	3293.85600000	3299.69600000	3297.47680000	3301.01200000
2883545150.50167227	3332.47600000	3335.67400000	3307.13400000	3312.41200000	3283.40400000	3287.16000000	3323.46400000	3326.97600000	3283.40000000	3287.26400000	3325.13800000	3329.27600000	3285.63800000	3290.72600000	3290.30800000	3298.67000000	3233.33400000	3230.45400000	3291.74600000	3292.84800000	3295.60420000	3299.14600000
2884548494.98327780	3348.50800000	3348.98600000	3302.50200000	3303.50800000	3299.10200000	3305.18600000	3314.05800000	3321.45200000	3308.32600000	3316.74600000	3330.04200000	3336.17800000	3328.31200000	3337.10000000	3313.39000000	3318.22400000	3305.04400000	3315.37000000	3354.64400000	3358.28600000	3320.39280000	3326.10360000
2885551839.46488285	3341.44000000	3346.73400000	3347.40600000	3355.67400000	3285.11800000	3290.02000000	3220.63600000	3231.62000000	3338.86400000	3345.00200000	3340.49200000	3346.62000000	3326.31800000	3334.00000000	3295.58800000	3300.32000000	3336.09600000	3339.10000000	3337.25000000	3343.47400000	3316.92080000	3323.25640000
2886555183.94648838	3339.57200000	3346.11200000	3273.81000000	3276.80600000	3295.31600000	3297.01800000	3313.65000000	3317.79400000	3320.60200000	3326.99600000	3318.83400000	3329.37800000	3321.14200000	3323.91000000	3287.43200000	3296.30200000	3288.30200000	3294.67600000	3348.18800000	3353.15400000	3310.68480000	3316.21460000
2887558528.42809343	3316.33600000	3325.88000000	3313.43200000	3321.85800000	3313.82600000	3320.34000000	3349.30000000	3353.79400000	3287.43400000	3288.38600000	3279.39200000	3288.69600000	3278.55600000	3285.80800000	3313.25200000	3325.17000000	3313.76000000	3321.59800000	3267.57600000	3278.41400000	3303.28640000	3310.99440000
2888561872.90969896	3316.90000000	3325.75200000	3308.81800000	3316.30800000	3284.01200000	3289.94200000	3243.54800000	3247.56600000	3313.23600000	3323.58200000	3300.31400000	3310.96400000	3286.71400000	3292.22600000	3349.68400000	3358.39000000	3283.94400000	3292.21400000	3341.84400000	3344.72200000	3302.90140000	3310.16660000
2889565217.39130449	3345.49000000	3357.68400000	3292.77800000	3305.43400000	3286.87800000	3301.56600000	3309.57200000	3319.14400000	3303.50000000	3309.59000000	3314.50200000	3326.06600000	3324.16400000	3335.57600000	3306.04200000	3310.61000000	3296.68800000	3310.76600000	3350.61400000	3356.24000000	3313.02280000	3323.26760000
2890568561.87290955	3328.28600000	3339.65600000	3373.57200000	3391.13200000	3300.65400000	3309.32400000	3225.45600000	3237.35000000	3318.37600000	3328.70600000	3319.39400000	3331.02600000	3283.33800000	3295.28800000	3276.40800000	3289.07800000	3294.57000000	3306.58000000	3316.02800000	3327.03000000	3303.60820000	3315.51700000
2891571906.35451508	3309.80800000	3316.86400000	3313.39400000	3322.10600000	3287.00200000	3292.78800000	3244.54000000	3257.66800000	3308.73800000	3322.67600000	3293.29400000	3298.67600000	3281.37000000	3294.49600000	3346.85200000	3358.33800000	3271.91000000	3287.29200000	3330.24200000	3345.95200000	3298.71500000	3309.68560000
2892575250.83612061	3335.75600000	3344.64600000	3296.23000000	3300.39200000	3294.81800000	3307.38000000	3362.02600000	3375.97200000	3282.55000000	3296.07600000	3288.49400000	3300.40400000	3279.10800000	3292.20000000	3297.65200000	3316.14000000	3299.00600000	3312.60600000	3291.99800000	3305.13600000	3302.76380000	3315.09520000
2893578595.31772566	3304.23600000	3315.57600000	3345.36200000	3353.72600000	3267.89400000	3282.19200000	3247.55800000	3265.25400000	3278.60400000	3292.99400000	3333.52000000	3344.64400000	3253.02000000	3268.42000000	3311.15600000	3323.42600000	3242.34600000	3254.44400000	3358.86200000	3370.24000000	3294.25580000	3307.09160000
2894581939.79933119	3306.18600000	3320.51200000	3345.50800000	3352.75800000	3275.02600000	3287.30400000	3252.74400000	3263.70200000	3290.73400000	3303.14800000	3330.94200000	3343.52800000	3257.81600000	3271.44400000	3313.77600000	3326.82000000	3218.81400000	3233.20400000	3363.79400000	3378.67200000	3295.53400000	3308.10920000
2895585284.28093624	3334.14600000	3346.27200000	3345.15200000	3361.09000000	3275.77200000	3294.44600000	3217.62800000	3227.11600000	3318.11400000	3329.45000000	3310.89200000	3322.42000000	3298.39400000	3312.73800000	3269.19800000	3286.90400000	3325.76400000	3339.49800000	3331.42400000	3342.87800000	3302.64840000	3316.28120000
2896588628.76254177	3298.01400000	3311.94400000	3298.52600000	3314.59600000	3299.12200000	3309.55600000	3349.73400000	3362.61800000	3307.34000000	3319.47000000	3305.85000000	3322.98600000	3297.10000000	3315.99400000	3313.41600000	3321.64200000	3280.32000000	3295.89800000	3278.00800000	3295.04800000	3302.74300000	3316.97520000
2897591973.24414730	3315.57400000	3324.00600000	3306.93800000	3323.67000000	3284.09800000	3303.31600000	3241.88800000	3254.54600000	3298.76000000	3310.59600000	3311.20400000	3324.29600000	3271.03200000	3283.53000000	3325.70000000	3342.21000000	3280.83600000	3293.03000000	3345.75000000	3367.85600000	3298.17800000	3312.70560000
2898595317.72575235	3304.05800000	3313.81800000	3301.91400000	3315.93400000	3287.84400000	3298.21200000	3317.88400000	3330.17200000	3274.71800000	3294.41000000	3325.34600000	3346.06800000	3266.32400000	3282.00600000	3296.68600000	3316.84000000	3240.67600000	3258.88600000	3275.23400000	3291.00800000	3289.06840000	3304.73540000
2899598662.20735788	3301.12000000	3311.10600000	3299.35000000	3311.47600000	3299.45400000	3313.41000000	3350.13800000	3362.40400000	3308.95800000	3326.18000000	3310.88600000	3325.95000000	3298.97000000	3315.04200000	3306.00200000	3326.23200000	3277.91800000	3292.55800000	3276.57200000	3293.62800000	3302.93680000	3317.79860000
2900602006.68896341	3316.59000000	3332.82600000	3294.97600000	3308.12200000	3276.55600000	3291.95600000	3316.62200000	3321.60000000	3270.82800000	3284.83600000	3315.31000000	3330.50600000	3271.68800000	3285.18400000	3280.42000000	3298.22600000	3219.32600000	3230.52800000	3276.55800000	3295.07800000	3283.88740000	3297.88620000
2901605351.17056847	3321.48800000	3337.04600000	3288.32800000	3302.42200000	3256.65400000	3269.99000000	3336.28000000	3356.38800000	3286.42600000	3298.56600000	3301.91800000	3314.13000000	3288.95600000	3304.87000000	3269.15800000	3284.27200000	3278.48000000	3293.46400000	3311.02600000	3323.88800000	3293.87140000	3308.50360000
2902608695.65217400	3303.20800000	3315.62200000	3325.14600000	3338.54200000	3294.82800000	3308.44800000	3257.09000000	3270.83600000	3290.44800000	3304.71800000	3269.24400000	3285.89000000	3277.40200000	3295.27000000	3350.42600000	3364.58800000	3296.67800000	3305.60000000	3302.71200000	3319.66200000	3296.71820000	3310.91760000
2903612040.13377905	3308.72000000	3324.70200000	3337.07400000	3345.30400000	3260.42400000	3273.03200000	3249.43200000	3263.46000000	3283.44800000	3294.48200000	3332.49400000	3345.87200000	3255.21600000	3269.28200000	3322.40200000	3337.95400000	3255.40800000	3266.53600000	3357.02800000	3369.80800000	3296.16460000	3309.04320000
2904615384.61538458	3303.08800000	3314.24600000	3296.19200000	3303.59000000	3297.26200000	3307.76200000	3349.05200000	3362.09800000	3302.68400000	3317.22400000	3318.43600000	3332.89800000	3292.52800000	3304.90200000	3315.87600000	3328.92000000	3268.58200000	3279.37200000	3291.67800000	3300.73800000	3303.53780000	3315.17500000
2905618729.09699011	3304.79000000	3318.00800000	3304.29600000	3319.70000000	3322.04000000	3326.76600000	3339.28400000	3347.67800000	3268.60600000	3283.02400000	3297.61400000	3304.82400000	3268.83800000	3280.02600000	3291.55400000	3306.81800000	3308.30800000	3314.25600000	3246.11400000	3257.03400000	3295.14440000	3305.81340000
2906622073.57859516	3333.78400000	3340.90600000	3291.30200000	3304.09000000	3263.00400000	3265.75000000	3346.24600000	3354.89000000	3293.24600000	3298.85800000	3306.94600000	3317.56200000	3298.32200000	3307.39400000	3277.78000000	3283.95800000	3289.92600000	3305.08600000	3312.78600000	3326.62400000	3301.33420000	3310.51180000
2907625418.06020069	3348.34200000	3359.51800000	3301.30000000	3311.76600000	3303.45800000	3314.61200000	3265.68800000	3275.15800000	3323.25200000	3327.09800000	3355.51000000	3368.92600000	3329.62800000	3345.99200000	3302.71200000	3310.96400000	3310.83800000	3321.92600000	3355.68800000	3363.38400000	3319.64160000	3329.93440000
2908628762.54180622	3315.71400000	3322.76400000	3322.48400000	3329.56400000	3328.08800000	3336.40200000	3339.08600000	3348.20200000	3271.69200000	3278.17200000	3300.29800000	3310.20600000	3275.94400000	3282.66400000	3298.18400000	3304.17600000	3306.63600000	3317.98000000	3246.59400000	3263.10800000	3300.47200000	3309.32380000
2909632107.02341127	3321.29200000	3332.76600000	3370.02200000	3375.05400000	3308.95800000	3316.30000000	3259.88400000	3266.39000000	3327.97200000	3334.85200000	3328.17600000	3333.99400000	3295.77200000	3297.70600000	3289.26000000	3302.70800000	3270.30600000	3281.75600000	3326.94000000	3337.97400000	3309.85820000	3317.95000000
2910635451.50501680	3330.37000000	3338.00400000	3352.68400000	3356.81800000	3266.25800000	3271.01200000	3279.52200000	3287.92800000	3345.52800000	3351.20600000	3346.10400000	3349.20400000	3305.05200000	3318.39200000	3316.00200000	3327.07400000	3198.24000000	3201.98800000	3367.82600000	3374.44200000	3310.75860000	3317.60680000
2911638795.98662186	3336.18000000	3335.98200000	3316.06200000	3322.27400000	3353.62200000	3354.65000000	3310.54400000	3314.98800000	3262.57600000	3271.04600000	3261.91600000	3267.69600000	3259.66400000	3258.59200000	3307.04200000	3313.63800000	3290.28800000	3294.14000000	3259.22800000	3271.64000000	3295.71220000	3300.46460000
2912642140.46822739	3343.15200000	3343.46400000	3384.06800000	3387.47200000	3304.98000000	3306.01000000	3236.09400000	3238.88800000	3324.62400000	3329.97000000	3329.19000000	3333.80400000	3292.37600000	3289.81000000	3276.72200000	3282.35800000	3311.54800000	3310.91800000	3321.65200000	3328.90600000	3312.44060000	3315.16000000
2913645484.94983292	3334.73000000	3334.04800000	3380.18200000	3390.21000000	3305.13800000	3308.56800000	3231.55400000	3241.26400000	3329.00200000	3325.06000000	3329.32000000	3331.72800000	3287.51600000	3293.24800000	3279.87800000	3286.84600000	3304.59200000	3310.63200000	3326.68000000	3331.00400000	3310.85920000	3315.26080000
2914648829.43143797	3319.42200000	3313.70800000	3313.39400000	3313.60400000	3308.31400000	3313.34000000	3365.99200000	3362.85200000	3328.74200000	3332.22400000	3324.73400000	3327.71600000	3309.76400000	3311.22600000	3321.22000000	3325.25000000	3286.40000000	3294.83800000	3286.88000000	3291.07400000	3316.48620000	3318.58320000
2915652173.91304350	3306.39800000	3308.98600000	3306.83200000	3308.41000000	3306.94800000	3306.88200000	3354.34200000	3361.32200000	3319.10400000	3318.86000000	3325.21000000	3329.22400000	3304.49400000	3305.28800000	3326.07000000	3330.43600000	3279.63600000	3285.41600000	3294.68600000	3296.75200000	3312.37200000	3315.15760000
2916655518.39464903	3355.55600000	3354.60600000	3294.74400000	3291.80800000	3296.90000000	3297.77800000	3321.33800000	3320.28000000	3312.29200000	3316.10800000	3321.40200000	3329.89200000	3328.81200000	3332.93600000	3299.65600000	3302.58600000	3297.23000000	3294.17200000	3354.20200000	3360.51000000	3318.21320000	3320.06760000
2917658862.87625408	3313.14200000	3306.84800000	3302.11400000	3308.30200000	3304.58800000	3308.49200000	3352.10400000	3354.30400000	3329.77200000	3328.56800000	3335.61200000	3338.11600000	3299.92000000	3299.91200000	3313.58400000	3320.54800000	3257.90200000	3260.06000000	3302.76400000	3300.00400000	3311.15020000	3312.51540000
2918662207.35785961	3357.47000000	3352.82800000	3332.37600000	3334.28400000	3295.85800000	3296.37200000	3243.85600000	3242.82400000	3343.46200000	3351.54600000	3353.26200000	3355.24400000	3335.18600000	3338.50800000	3297.49400000	3296.13600000	3340.77200000	3343.94600000	3344.09200000	3339.34600000	3324.38280000	3325.10340000
2919665551.83946514	3340.79200000	3349.70400000	3302.58000000	3306.61400000	3297.46600000	3300.42800000	3319.25000000	3317.77200000	3301.17000000	3309.10000000	3361.87800000	3359.70200000	3344.86600000	3345.62000000	3323.00400000	3318.37200000	3312.23800000	3312.37200000	3351.48000000	3349.38000000	3325.47240000	3326.90640000
2920668896.32107019	3345.94200000	3341.13400000	3311.43800000	3307.83200000	3305.72800000	3301.01400000	3295.52600000	3302.87200000	3319.76200000	3316.82600000	3370.06800000	3369.10800000	3346.10000000	3348.77400000	3312.73600000	3308.54200000	3323.01600000	3324.34400000	3349.98400000	3351.11200000	3328.03000000	3327.15580000
2921672240.80267572	3317.24600000	3316.99800000	3321.83200000	3323.06200000	3321.11000000	3320.64600000	3355.05400000	3352.55400000	3289.83000000	3286.04600000	3292.06400000	3292.54600000	3282.00800000	3286.49400000	3323.84000000	3318.36600000	3322.24600000	3322.24800000	3267.56400000	3266.95400000	3309.27940000	3308.59140000
2922675585.28428078	3323.20800000	3320.75800000	3321.39800000	3318.82400000	3303.15400000	3304.47200000	3330.59600000	3332.74800000	3288.29400000	3287.79000000	3343.04600000	3342.24000000	3285.50600000	3287.77200000	3318.65200000	3310.44600000	3254.05800000	3255.58400000	3297.18800000	3301.08400000	3306.51000000	3306.17180000
2923678929.76588631	3354.24600000	3351.35800000	3305.02000000	3308.38200000	3305.39800000	3300.25200000	3373.15400000	3368.16000000	3297.53600000	3299.17200000	3307.38800000	3303.71400000	3300.90000000	3301.47000000	3311.87800000	3310.57400000	3305.83800000	3306.10800000	3309.10800000	3306.44000000	3317.04660000	3315.56300000
2924682274.24749184	3333.00200000	3337.99400000	3321.94000000	3322.16600000	3291.32800000	3290.42400000	3313.31400000	3314.48000000	3325.45400000	3320.63800000	3335.43200000	3335.87200000	3310.95000000	3309.79200000	3335.50000000	3333.42200000	3290.51800000	3292.15400000	3260.57000000	3259.29600000	3311.80080000	3311.62380000
2925685618.72909689	3341.79600000	3341.31000000	3303.62000000	3302.65200000	3280.02600000	3280.02400000	3344.77400000	3342.15000000	3290.69600000	3293.51000000	3329.86000000	3326.43200000	3295.27600000	3289.85800000	3287.62400000	3290.14200000	3245.28400000	3241.80800000	3300.33200000	3299.01400000	3301.92880000	3300.69000000
2926688963.21070242	3336.74200000	3337.47000000	3328.50600000	3331.14200000	3289.08400000	3292.25400000	3316.55600000	3308.12800000	3319.82400000	3323.35800000	3343.85200000	3343.37600000	3323.40000000	3318.47200000	3332.22000000	3337.40400000	3288.82600000	3287.71200000	3267.40200000	3263.97200000	3314.64120000	3314.32880000
2927692307.69230747	3334.36600000	3328.40800000	3344.13400000	3348.70400000	3281.12800000	3282.36000000	3289.72600000	3284.51800000	3354.03000000	3351.72800000	3354.92200000	3356.53000000	3328.80800000	3329.28400000	3332.11400000	3330.33600000	3212.13000000	3210.75400000	3370.27000000	3368.00600000	3320.16280000	3319.06280000
2928695652.17391300	3348.79000000	3349.50200000	3304.77800000	3305.06800000	3275.72000000	3271.33000000	3356.51200000	3356.31000000	3305.16200000	3296.55000000	3316.89800000	3317.93200000	3311.41600000	3307.76200000	3289.60800000	3283.43600000	3304.56000000	3301.89600000	3326.46200000	3322.74000000	3313.99060000	3311.25260000
2929698996.65551853	3338.93200000	3337.56400000	3301.86800000	3302.71200000	3287.56600000	3278.00400000	3334.29200000	3330.11000000	3292.48800000	3292.26600000	3338.65000000	3329.69800000	3290.23400000	3296.37400000	3289.66800000	3285.33800000	3240.34800000	3237.96800000	3295.99800000	3292.86400000	3301.00440000	3298.28980000
2930702341.13712358	3336.00000000	3329.35000000	3386.76800000	3384.69000000	3310.36800000	3310.41200000	3238.58400000	3240.69800000	3337.10400000	3336.24000000	3329.70000000	3331.14200000	3298.30800000	3297.93000000	3293.29600000	3294.65200000	3308.98800000	3304.08600000	3328.82200000	3334.42800000	3316.79380000	3316.36280000
2931705685.61872911	3368.28600000	3366.67000000	3314.25200000	3313.16800000	3322.87400000	3321.74600000	3278.72000000	3275.99800000	3348.11200000	3344.04600000	3364.86200000	3368.02400000	3341.05000000	3343.20000000	3326.44200000	3325.16000000	3324.97400000	3329.60600000	3375.58800000	3372.54400000	3336.51600000	3336.01620000
2932709030.10033464	3337.50000000	3333.83400000	3366.36400000	3363.72600000	3275.47000000	3276.42400000	3292.13200000	3291.37000000	3348.96800000	3348.88200000	3346.01400000	3351.66000000	3315.78800000	3314.39000000	3331.25600000	3327.33800000	3195.74400000	3193.22400000	3388.04600000	3389.48600000	3319.72820000	3319.03340000
2933712374.58193970	3326.15000000	3322.56600000	3321.07200000	3323.05200000	3301.74000000	3305.73800000	3332.45600000	3333.63600000	3292.77600000	3290.36400000	3350.39000000	3348.54800000	3288.59800000	3283.65000000	3309.74400000	3308.11400000	3246.17600000	3246.99800000	3298.66400000	3301.05800000	3306.77660000	3306.37240000
2934715719.06354523	3345.43400000	3344.12800000	3333.62600000	3327.56400000	3363.99000000	3364.04800000	3291.26000000	3292.50600000	3290.72200000	3295.09200000	3263.84600000	3257.46000000	3273.64400000	3272.28200000	3319.28400000	3318.86600000	3282.12200000	3281.49400000	3298.20000000	3299.50400000	3306.21280000	3305.29440000
2935719063.54515076	3322.43000000	3322.02000000	3328.47200000	3327.88800000	3348.99400000	3347.89800000	3340.31200000	3341.97800000	3272.02600000	3272.19800000	3291.45400000	3296.78200000	3275.64200000	3277.03200000	3300.39800000	3304.54400000	3320.97000000	3320.42400000	3275.57200000	3275.36600000	3307.62700000	3308.61300000
2936722408.02675581	3355.43800000	3356.36400000	3310.35400000	3301.65200000	3304.76400000	3301.77000000	3323.46000000	3317.24200000	3320.37000000	3313.80200000	3341.60200000	3340.19000000	3338.52600000	3338.31600000	3320.99000000	3324.35200000	3318.77000000	3315.67400000	3360.35000000	3357.81000000	3329.46240000	3326.71720000
2937725752.50836134	3340.54200000	3338.13000000	3315.70600000	3314.13200000	3316.74200000	3313.08800000	3374.90200000	3370.09000000	3294.46400000	3291.52600000	3303.40200000	3296.55600000	3298.14800000	3295.83000000	3317.05400000	3314.21400000	3322.80800000	3315.60600000	3298.72000000	3297.27200000	3318.24880000	3314.64440000
2938729096.98996639	3345.98000000	3339.54400000	3367.12400000	3366.28800000	3287.09000000	3285.51000000	3229.93200000	3231.94000000	3341.94200000	3338.01600000	3328.77600000	3326.38600000	3315.13600000	3313.45800000	3290.33400000	3290.96600000	3333.83600000	3335.69000000	3344.30800000	3344.57800000	3318.44580000	3317.23760000
2939732441.47157192	3332.57000000	3329.12800000	3356.38800000	3353.74000000	3286.17400000	3284.61400000	3279.71600000	3270.09000000	3318.00000000	3314.26600000	3343.16800000	3346.18600000	3286.17200000	3283.58600000	3330.45600000	3327.64800000	3224.46400000	3224.50600000	3388.53800000	3381.67200000	3314.56460000	3311.54360000
2940735785.95317745	3318.31800000	3318.50200000	3319.71000000	3320.40200000	3303.35400000	3307.43600000	3347.17800000	3340.92600000	3337.57400000	3333.88200000	3317.93400000	3316.89400000	3316.46200000	3312.96600000	3335.91000000	3329.35800000	3294.03000000	3288.33600000	3270.17400000	3272.64600000	3316.06440000	3314.13480000
2941739130.43478251	3350.90800000	3347.87200000	3363.72400000	3357.90400000	3294.50800000	3291.65400000	3233.12600000	3230.29200000	3337.98800000	3336.11600000	3332.13600000	3334.70200000	3318.72600000	3322.79000000	3288.51600000	3288.31800000	3345.19200000	3344.93400000	3345.89000000	3346.11400000	3321.07140000	3320.06960000
2942742474.91638803	3347.79800000	3341.65600000	3334.26800000	3328.15600000	3362.17200000	3359.77200000	3288.98800000	3286.98800000	3294.79800000	3291.85400000	3261.59400000	3258.25000000	3274.43200000	3277.24400000	3321.54000000	3317.73800000	3286.16200000	3287.74200000	3298.59200000	3291.38000000	3307.03440000	3304.07800000
2943745819.39799309	3350.03800000	3346.20400000	3379.09600000	3372.80400000	3304.32000000	3305.10200000	3246.37000000	3245.57200000	3343.82400000	3338.95600000	3329.13000000	3329.62600000	3294.13200000	3294.58600000	3285.08400000	3280.02000000	3321.80800000	3321.34200000	3331.61800000	3329.96400000	3318.54200000	3316.41760000
2944749163.87959862	3350.88200000	3348.01000000	3305.99000000	3300.64800000	3304.46400000	3304.42400000	3329.68800000	3322.32600000	3315.03400000	3314.48000000	3353.27600000	3349.19400000	3347.15400000	3348.87600000	3334.90000000	3334.25000000	3316.61800000	3315.32400000	3357.55800000	3357.84200000	3331.55640000	3329.53740000
2945752508.36120415	3346.38000000	3342.97800000	3339.38600000	3337.13600000	3283.57400000	3280.99800000	3313.50600000	3308.84800000	3328.14200000	3330.24800000	3343.77600000	3347.32600000	3322.06800000	3320.76000000	3344.87400000	3338.44000000	3285.04600000	3281.29400000	3282.32600000	3283.26200000	3318.90780000	3317.12900000
2946755852.84280920	3360.64800000	3358.03000000	3315.20600000	3313.80200000	3339.59400000	3336.07800000	3280.39400000	3275.98800000	3360.84800000	3359.88200000	3379.69000000	3375.72000000	3334.90800000	3327.41400000	3325.10000000	3325.02800000	3329.75600000	3326.11400000	3354.27000000	3351.44000000	3338.04140000	3334.94960000
2947759197.32441473	3347.96400000	3352.75600000	3373.86600000	3369.62200000	3306.93600000	3304.24000000	3243.05200000	3241.42600000	3334.58800000	3330.99600000	3330.32600000	3322.37000000	3288.41000000	3290.11400000	3284.15000000	3280.82600000	3324.52000000	3320.04000000	3329.86200000	3328.31200000	3316.36740000	3314.07020000
2948762541.80602026	3332.40200000	3331.56800000	3316.42400000	3315.57000000	3358.98000000	3357.11600000	3344.56600000	3338.95000000	3273.36000000	3275.54800000	3283.50000000	3290.32800000	3265.92800000	3262.99200000	3319.58000000	3313.23800000	3297.93800000	3296.81600000	3275.15600000	3272.53200000	3306.78340000	3305.46580000
2949765886.28762531	3329.95200000	3329.77000000	3320.46600000	3316.75400000	3306.24800000	3302.38600000	3252.69000000	3249.61400000	3327.98400000	3322.35800000	3324.75800000	3322.60000000	3295.55800000	3292.70200000	3354.75800000	3348.35200000	3298.07200000	3295.70200000	3361.60600000	3361.01400000	3317.20920000	3314.12520000
2950769230.76923084	3337.32200000	3336.43600000	3356.70200000	3356.91400000	3280.05800000	3278.62600000	3296.63800000	3296.78800000	3340.49800000	3341.94400000	3353.05800000	3348.84600000	3295.86400000	3296.49600000	3324.69800000	3321.21800000	3190.88400000	3191.99600000	3400.70200000	3398.74600000	3317.64240000	3316.80100000
2951772575.25083637	3353.55000000	3349.64000000	3296.66400000	3298.59600000	3300.06600000	3302.68200000	3322.87200000	3322.19400000	3316.43000000	3311.81400000	3331.13600000	3328.06200000	3331.71200000	3329.61200000	3306.45600000	3306.45200000	3300.42800000	3298.16400000	3360.96400000	3356.18000000	3322.02780000	3320.33960000
2952775919.73244143	3341.17600000	3336.72400000	3338.13200000	3333.59600000	3364.78400000	3363.75800000	3297.93200000	3291.49200000	3300.28600000	3293.39600000	3259.92600000	3263.90000000	3262.05800000	3261.71600000	3320.90800000	3322.41600000	3279.91200000	3283.17200000	3288.07200000	3283.67800000	3305.31860000	3303.38480000
2953779264.21404696	3328.06000000	3327.75600000	3330.47000000	3327.94600000	3353.91600000	3352.75600000	3341.00400000	3339.69200000	3276.09000000	3273.74400000	3291.74400000	3287.37000000	3278.01400000	3269.01400000	3306.03800000	3303.80200000	3321.78000000	3319.01000000	3275.45000000	3275.10000000	3310.25660000	3307.61900000
2954782608.69565201	3321.12600000	3322.64000000	3320.80000000	3321.64600000	3306.02600000	3304.35600000	3335.50000000	3330.69600000	3291.94800000	3289.34400000	3347.70400000	3341.33200000	3286.31000000	3277.81200000	3315.73000000	3314.04400000	3258.92800000	3255.70200000	3297.51800000	3298.82800000	3308.15900000	3305.64000000
2955785953.17725754	3346.78600000	3345.22200000	3340.74000000	3334.23400000	3361.51000000	3363.23600000	3300.47000000	3296.27200000	3288.22600000	3284.30600000	3262.16800000	3259.93400000	3261.28000000	3254.43200000	3322.58400000	3319.68800000	3281.86800000	3282.30200000	3291.63400000	3281.32600000	3305.72660000	3302.09520000
2956789297.65886307	3348.14800000	3341.86200000	3375.22600000	3367.70200000	3286.46000000	3286.18000000	3231.63400000	3226.71800000	3341.63600000	3341.14000000	3337.51400000	3337.05400000	3329.81800000	3328.22000000	3292.60800000	3295.12800000	3340.13200000	3339.20200000	3353.42200000	3353.81400000	3323.65980000	3321.70200000
2957792642.14046812	3364.48800000	3369.11000000	3318.56000000	3315.61000000	3322.61200000	3318.33000000	3281.06000000	3281.43800000	3350.18600000	3346.28600000	3369.55600000	3374.74200000	3340.28200000	3340.06800000	3326.84200000	3324.57400000	3331.57400000	3325.11600000	3371.74600000	3363.24400000	3337.69060000	3335.85180000
2958795986.62207365	3366.91400000	3364.94400000	3314.36600000	3310.29800000	3327.90600000	3324.44400000	3281.91600000	3280.48000000	3344.48200000	3344.09400000	3374.07200000	3370.38400000	3335.49000000	3330.44600000	3331.28600000	3324.72800000	3332.27600000	3328.06600000	3365.23600000	3362.74800000	3337.39440000	3334.06320000
2959799331.10367870	3342.38400000	3339.69000000	3336.74600000	3336.51200000	3350.76600000	3346.80400000	3278.82000000	3271.49800000	3298.51400000	3299.81800000	3252.69000000	3246.88400000	3293.11800000	3288.18400000	3345.26000000	3341.22400000	3287.98800000	3289.59200000	3287.41600000	3286.22000000	3307.37020000	3304.64260000
2960802675.58528423	3344.37400000	3343.04600000	3308.73000000	3306.86400000	3289.95600000	3286.88800000	3340.58200000	3335.28400000	3293.42400000	3289.69400000	3332.72600000	3328.51400000	3293.64400000	3297.16200000	3292.15400000	3286.49000000	3244.81200000	3234.58800000	3302.48200000	3296.90000000	3304.28840000	3300.54300000
2961806020.06688976	3334.72400000	3335.37000000	3337.67600000	3337.53600000	3289.09600000	3283.69200000	3263.00600000	3262.55800000	3295.83200000	3296.43000000	3344.98000000	3339.25000000	3273.69000000	3268.63400000	3346.19200000	3344.45000000	3284.81800000	3276.96000000	3368.27000000	3366.76000000	3313.82840000	3311.16400000
2962809364.54849482	3347.92200000	3342.31800000	3299.88400000	3300.97600000	3305.44400000	3297.96800000	3320.42000000	3321.06400000	3314.08400000	3309.48800000	3353.16400000	3351.96800000	3345.46400000	3344.31600000	3324.22400000	3332.25000000	3318.22600000	3313.59200000	3358.75800000	3358.60600000	3328.75900000	3327.25460000
2963812709.03010035	3343.17600000	3342.28600000	3338.54800000	3335.80600000	3287.61200000	3284.80000000	3314.01600000	3309.58600000	3327.81400000	3325.06000000	3350.14400000	3346.39800000	3329.76200000	3325.57600000	3340.91000000	3344.10600000	3284.10000000	3280.69800000	3282.58400000	3281.32000000	3319.86660000	3317.56360000
2964816053.51170588	3332.55000000	3335.21600000	3344.39400000	3344.76200000	3348.63600000	3348.64800000	3271.66000000	3267.64600000	3303.87600000	3304.98000000	3253.26400000	3251.13600000	3291.72000000	3289.21800000	3344.16000000	3343.42600000	3288.69200000	3280.39600000	3284.14600000	3285.37600000	3306.30980000	3305.08040000
2965819397.99331093	3342.94400000	3336.97200000	3364.49200000	3359.52800000	3273.16200000	3271.76000000	3293.71600000	3291.35200000	3351.43600000	3351.22200000	3348.46800000	3346.27200000	3321.31800000	3313.45600000	3328.67800000	3323.03000000	3198.57600000	3202.63400000	3385.78800000	3381.51200000	3320.85780000	3317.77380000
2966822742.47491646	3333.85200000	3329.12600000	3321.86600000	3315.63200000	3297.86800000	3299.75800000	3322.31400000	3315.84400000	3336.19600000	3335.55200000	3333.78200000	3327.09600000	3311.83800000	3302.49800000	3330.74800000	3332.02800000	3297.95400000	3294.80800000	3266.54000000	3262.04800000	3315.29580000	3311.43900000
2967826086.95652199	3324.11000000	3317.49200000	3348.22000000	3353.03400000	3308.66400000	3305.32000000	3280.44800000	3276.28600000	3341.72400000	3338.76200000	3354.70800000	3357.60600000	3341.28800000	3334.63200000	3324.62800000	3315.99400000	3230.93600000	3234.66400000	3358.21200000	3353.54200000	3321.29380000	3318.73320000
2968829431.43812704	3319.13400000	3313.28400000	3330.69600000	3326.14800000	3302.12800000	3302.34000000	3263.25200000	3265.68400000	3323.84600000	3319.00200000	3289.11200000	3291.17800000	3299.67000000	3297.28200000	3366.25600000	3361.21000000	3289.81200000	3288.49400000	3341.54600000	3338.23200000	3312.54520000	3310.28540000
2969832775.91973257	3317.68000000	3316.77200000	3331.56200000	3328.59800000	3306.97400000	3304.82200000	3267.18800000	3263.60400000	3313.76800000	3309.78400000	3287.09800000	3283.72600000	3301.64600000	3306.48000000	3366.57000000	3363.85200000	3293.94800000	3292.18200000	3333.77200000	3332.86800000	3312.02060000	3310.26880000
2970836120.40133762	3341.81000000	3338.25000000	3328.22600000	3330.44400000	3285.74000000	3289.09200000	3317.09200000	3314.25600000	3318.56200000	3315.97400000	3346.39200000	3347.99600000	3325.57600000	3322.89000000	3340.84000000	3336.43600000	3278.40400000	3278.36000000	3275.83200000	3269.37400000	3315.84740000	3314.30720000
2971839464.88294315	3371.27400000	3366.47200000	3315.67800000	3312.44600000	3329.62600000	3325.03600000	3278.15200000	3276.42600000	3339.81000000	3338.10400000	3376.03000000	3377.24000000	3323.32600000	3324.41400000	3329.25600000	3326.29200000	3339.59800000	3337.06000000	3355.67200000	3357.87200000	3335.84220000	3334.13620000
2972842809.36454868	3343.84400000	3347.11400000	3313.39000000	3310.72800000	3309.57000000	3307.75600000	3378.58400000	3376.04000000	3292.34200000	3290.89600000	3302.45400000	3299.94200000	3299.10400000	3298.00800000	3312.04200000	3317.04600000	3318.61000000	3320.24600000	3304.60600000	3302.27800000	3317.45460000	3317.00540000
2973846153.84615374	3308.12000000	3311.10000000	3310.94000000	3306.87200000	3311.30400000	3311.76200000	3354.92000000	3355.69800000	3322.67200000	3319.86200000	3334.71200000	3333.80200000	3307.68600000	3301.40400000	3323.61800000	3318.18000000	3263.87800000	3262.79600000	3306.86800000	3301.79400000	3314.47180000	3312.32700000
2974849498.32775927	3346.34400000	3346.05400000	3334.00400000	3326.31600000	3360.30400000	3359.93200000	3289.22600000	3286.11200000	3295.36200000	3291.60000000	3259.84000000	3256.68800000	3284.08200000	3277.50000000	3323.07200000	3319.59800000	3292.41800000	3285.38400000	3299.07400000	3294.78200000	3308.37260000	3304.39660000
2975852842.80936432	3336.25400000	3335.43000000	3314.20800000	3317.85800000	3322.15400000	3318.21800000	3366.46800000	3364.11400000	3293.86200000	3288.02400000	3299.38800000	3293.12200000	3294.13400000	3293.79200000	3316.70200000	3312.76200000	3323.93200000	3316.44800000	3294.34200000	3290.64800000	3316.14440000	3313.04160000
2976856187.29096985	3334.10400000	3329.16600000	3342.02200000	3343.89800000	3343.26800000	3337.10800000	3268.96800000	3266.35000000	3300.05800000	3299.66000000	3254.35800000	3253.69600000	3287.52000000	3283.89400000	3359.59400000	3353.42400000	3280.65600000	3276.73600000	3287.85600000	3290.29400000	3305.84040000	3303.42260000
2977859531.77257538	3346.82200000	3341.49600000	3362.21600000	3364.94400000	3292.97600000	3291.28400000	3232.63800000	3223.57400000	3341.24600000	3335.32600000	3330.12400000	3328.18400000	3318.23200000	3316.26200000	3285.98400000	3283.93400000	3346.44800000	3339.42200000	3348.92800000	3343.66200000	3320.56140000	3316.80880000
2978862876.25418043	3344.18400000	3342.75800000	3371.59200000	3372.31400000	3288.98000000	3288.89600000	3232.83000000	3232.08400000	3348.76600000	3351.95400000	3339.47000000	3341.20000000	3331.36400000	3334.69600000	3305.99800000	3299.86000000	3335.26000000	3337.20600000	3352.69200000	3352.84800000	3325.11360000	3325.38160000
2979866220.73578596	3331.68000000	3328.09600000	3316.87600000	3318.04000000	3355.92800000	3350.54600000	3343.86600000	3339.02000000	3277.99000000	3270.30400000	3283.51200000	3281.73400000	3266.37200000	3265.26600000	3305.64800000	3300.63200000	3312.84000000	3304.92400000	3280.86200000	3278.60000000	3307.55740000	3303.71620000
2980869565.21739149	3327.74600000	3325.71800000	3324.25800000	3322.01800000	3321.25000000	3318.51200000	3362.24000000	3358.08400000	3297.58000000	3292.50000000	3290.93400000	3291.41400000	3292.89000000	3294.94800000	3326.33400000	3322.45000000	3319.05000000	3321.04000000	3282.20000000	3275.72400000	3314.44820000	3312.24080000
2981872909.69899654	3347.67600000	3342.67000000	3313.81200000	3313.05400000	3308.40000000	3302.09400000	3295.53200000	3292.28000000	3326.76200000	3323.67200000	3374.06600000	3373.11400000	3351.46600000	3343.20000000	3304.87600000	3303.34000000	3329.95800000	3325.54200000	3356.36800000	3358.52400000	3330.89160000	3327.74900000
2982876254.18060207	3336.73800000	3335.25400000	3329.92200000	3329.09400000	3302.21600000	3297.86200000	3260.23200000	3260.76800000	3310.60200000	3303.42600000	3335.56600000	3332.27800000	3276.97400000	3278.32400000	3349.39200000	3347.74000000	3296.18400000	3295.12000000	3371.02600000	3366.49000000	3316.88520000	3314.63560000
2983879598.66220760	3334.99800000	3329.47400000	3310.09400000	3309.94600000	3358.40400000	3351.07600000	3349.03200000	3343.70600000	3276.83800000	3275.61800000	3286.50000000	3279.24000000	3269.19400000	3263.75400000	3316.36200000	3311.33000000	3296.47400000	3296.46600000	3278.11400000	3274.89600000	3307.60100000	3303.55060000
2984882943.14381266	3345.84800000	3349.00800000	3364.55400000	3359.77400000	3284.66600000	3274.07000000	3288.93800000	3292.74000000	3332.17600000	3335.72600000	3355.87800000	3355.29200000	3295.39800000	3291.81400000	3331.08800000	3329.19800000	3203.76400000	3197.35800000	3400.29200000	3399.13600000	3320.26020000	3318.41160000
2985886287.62541819	3318.18000000	3315.89400000	3329.15000000	3331.76200000	3301.84600000	3300.70400000	3268.33800000	3263.50400000	3320.14600000	3316.03600000	3293.30400000	3292.13800000	3299.66400000	3298.87200000	3359.60800000	3357.24200000	3293.83200000	3291.22800000	3337.79600000	3334.55400000	3312.18640000	3310.19340000
2986889632.10702324	3336.58400000	3335.74400000	3331.66000000	3328.87600000	3289.68000000	3288.66200000	3321.56200000	3313.22800000	3323.67200000	3322.40200000	3341.30200000	3342.45200000	3322.65000000	3318.72200000	3338.41400000	3335.97800000	3284.60800000	3282.28800000	3269.24200000	3272.82400000	3315.93740000	3314.11760000
2987892976.58862877	3351.12400000	3346.14800000	3334.31000000	3335.41400000	3364.12400000	3365.04800000	3298.64000000	3299.30600000	3287.91800000	3291.08600000	3266.29800000	3261.28000000	3265.32800000	3261.43000000	3326.94800000	3322.97800000	3286.36400000	3282.91600000	3283.33400000	3284.08200000	3306.43880000	3304.96880000
2988896321.07023430	3346.35800000	3339.04600000	3304.05200000	3304.33600000	3271.79600000	3268.53000000	3359.22000000	3353.12800000	3307.57600000	3300.15600000	3323.34000000	3322.37400000	3309.93200000	3304.69000000	3283.06200000	3284.30200000	3292.18000000	3285.65200000	3326.43400000	3321.78000000	3312.39500000	3308.39940000
2989899665.55183935	3350.06800000	3346.08000000	3375.93400000	3372.22000000	3287.14600000	3284.49200000	3235.30800000	3232.56800000	3344.05600000	3345.69200000	3339.43200000	3338.88000000	3329.86000000	3325.53600000	3302.40800000	3302.25200000	3340.81000000	3336.17200000	3356.10400000	3354.64600000	3326.11260000	3323.85380000
2990903010.03344488	3346.45000000	3340.67800000	3334.01400000	3329.21200000	3361.30600000	3363.63800000	3315.10200000	3312.10400000	3278.86600000	3271.90600000	3269.82600000	3266.69800000	3263.64400000	3261.84800000	3321.47600000	3321.22200000	3292.45600000	3290.55800000	3270.20400000	3271.10200000	3305.33440000	3302.89660000
2991906354.51504993	3330.79200000	3326.44600000	3327.71000000	3325.24600000	3356.16400000	3352.55200000	3346.56400000	3344.05200000	3279.61600000	3275.82800000	3288.35000000	3288.24000000	3272.07000000	3270.79600000	3306.28800000	3306.29400000	3323.10000000	3323.79000000	3279.55600000	3276.04400000	3311.02100000	3308.92880000
2992909698.99665546	3334.19400000	3332.67600000	3360.99800000	3358.27000000	3316.20800000	3313.22600000	3285.07000000	3286.87600000	3343.02200000	3345.22000000	3357.76600000	3349.89800000	3324.88600000	3319.47400000	3312.99600000	3311.65400000	3245.27400000	3247.60400000	3348.19600000	3351.38200000	3322.86100000	3321.62800000
2993913043.47826099	3354.76200000	3352.37800000	3289.65800000	3289.34200000	3303.13200000	3298.08000000	3322.40800000	3320.63400000	3320.68800000	3322.87000000	3330.95200000	3330.94200000	3333.63000000	3325.29600000	3302.43000000	3296.42200000	3302.39800000	3293.12400000	3360.77000000	3352.39400000	3322.08280000	3318.14820000
2994916387.95986605	3351.51000000	3349.12600000	3308.22600000	3303.93800000	3305.79200000	3305.73200000	3322.54000000	3318.93000000	3315.88000000	3312.62600000	3347.78200000	3344.73400000	3343.79600000	3343.92400000	3327.60400000	3330.43200000	3318.90400000	3318.58600000	3360.15400000	3354.01600000	3330.21880000	3328.20440000
2995919732.44147158	3355.83200000	3347.13800000	3306.39400000	3307.29000000	3278.91400000	3273.56000000	3369.51200000	3363.86400000	3308.82000000	3309.04200000	3312.57200000	3308.97200000	3308.08000000	3305.51600000	3293.34400000	3287.19600000	3305.96800000	3303.36800000	3326.07600000	3324.26000000	3316.55120000	3313.02060000
2996923076.92307711	3334.80600000	3334.50000000	3344.96800000	3341.90400000	3346.47400000	3347.65200000	3271.85200000	3270.85800000	3304.35000000	3303.34200000	3253.43000000	3252.29000000	3290.49000000	3289.19200000	3339.93200000	3333.46200000	3288.44000000	3284.54400000	3283.87000000	3285.86000000	3305.86120000	3304.36040000
2997926421.40468216	3338.73800000	3341.50400000	3305.51200000	3301.73600000	3272.95600000	3267.62000000	3352.60200000	3346.79800000	3302.39800000	3303.27000000	3319.69600000	3312.08400000	3306.11800000	3299.90800000	3281.67200000	3278.13200000	3282.26000000	3282.93000000	3317.02800000	3316.18000000	3307.89800000	3305.01620000
2998929765.88628769	3316.50200000	3313.98200000	3320.76600000	3315.31000000	3321.47200000	3315.01000000	3365.81600000	3365.17600000	3335.56200000	3325.95400000	3332.88200000	3331.77000000	3316.42400000	3313.27600000	3329.92800000	3331.67000000	3297.02400000	3292.21600000	3295.73000000	3295.80600000	3323.21060000	3320.01700000
2999933110.36789322	3374.95600000	3362.53800000	3309.63600000	3310.02000000	3325.71400000	3323.91800000	3278.24200000	3277.47200000	3337.46200000	3338.15200000	3375.16200000	3370.41000000	3328.10400000	3328.21800000	3331.34000000	3332.34800000	3334.89600000	3332.87000000	3362.77400000	3362.46600000	3335.82860000	3333.84120000
3000936454.84949827	3346.96000000	3340.81200000	3332.83400000	3328.37000000	3363.84400000	3361.24800000	3293.12000000	3290.30000000	3293.80200000	3295.94600000	3266.11000000	3263.14200000	3278.65000000	3274.28400000	3323.78800000	3325.26600000	3286.72200000	3281.18400000	3290.78000000	3292.20000000	3307.66100000	3305.27520000
3001939799.33110380	3326.62800000	3320.87400000	3347.09400000	3342.79400000	3336.30600000	3334.16000000	3269.58200000	3266.59400000	3304.72200000	3303.16000000	3263.93200000	3265.28600000	3281.97800000	3279.44000000	3356.82000000	3353.55200000	3280.82400000	3276.58000000	3295.33000000	3299.10400000	3306.32160000	3304.15440000
3002943143.81270885	3312.55600000	3313.87400000	3336.04600000	3337.21800000	3314.39200000	3310.79800000	3271.62200000	3272.29600000	3301.56800000	3302.38600000	3281.88000000	3274.15400000	3290.22200000	3285.48000000	3366.41200000	3364.32600000	3304.71200000	3303.57000000	3318.64600000	3314.71400000	3309.80560000	3307.88160000
3003946488.29431438	3318.82200000	3319.05200000	3319.03600000	3312.93000000	3320.75600000	3317.68800000	3368.93600000	3361.71000000	3329.81000000	3326.91000000	3332.89000000	3328.65800000	3317.63400000	3318.32800000	3331.91600000	3328.24200000	3297.86800000	3295.56400000	3296.25400000	3296.00200000	3323.39220000	3320.50840000
3004949832.77591991	3315.91600000	3314.43800000	3318.30200000	3316.52800000	3313.61400000	3306.77600000	3368.18400000	3365.42000000	3326.80000000	3319.91400000	3328.31400000	3327.40800000	3320.06600000	3317.94600000	3334.31400000	3329.03400000	3294.06000000	3295.77400000	3296.83000000	3299.92800000	3321.64000000	3319.31660000
3005953177.25752497	3356.47000000	3353.97200000	3318.53400000	3311.69400000	3327.00600000	3329.58000000	3267.68800000	3268.37200000	3364.40400000	3358.54800000	3369.76000000	3370.76800000	3330.94200000	3332.35800000	3314.39400000	3314.08400000	3335.36800000	3335.71400000	3358.92000000	3351.87400000	3334.34860000	3332.69640000
3006956521.73913050	3341.74400000	3334.65200000	3390.49400000	3382.85000000	3319.26800000	3313.95800000	3252.29600000	3245.14400000	3337.49400000	3329.99400000	3336.99600000	3329.70400000	3299.78800000	3297.61400000	3292.89200000	3296.97000000	3302.30000000	3290.39800000	3336.15600000	3330.78800000	3320.94280000	3315.20720000
3007959866.22073555	3342.87400000	3345.05800000	3332.26400000	3329.51600000	3366.55400000	3359.95400000	3294.90400000	3292.06400000	3293.42200000	3292.85400000	3264.64400000	3259.46800000	3271.05000000	3265.21200000	3321.22600000	3324.51400000	3290.54400000	3284.30400000	3298.48200000	3292.30200000	3307.59640000	3304.52460000
3008963210.70234108	3320.33000000	3321.37400000	3324.16400000	3321.73400000	3342.90600000	3335.42600000	3352.65800000	3351.41600000	3285.69800000	3285.96200000	3313.04600000	3310.60600000	3283.04400000	3284.83600000	3313.79800000	3307.00200000	3321.68400000	3312.70400000	3264.51400000	3258.12200000	3312.18420000	3308.91820000
3009966555.18394661	3324.53000000	3318.57400000	3343.63200000	3343.85800000	3331.28400000	3329.05000000	3271.73200000	3272.44600000	3311.35000000	3304.05600000	3266.40800000	3267.47800000	3288.32600000	3285.62600000	3358.44000000	3358.14200000	3280.86600000	3277.16200000	3305.07200000	3298.54400000	3308.16400000	3305.49360000
3010969899.66555166	3320.42800000	3315.23200000	3317.22200000	3318.49400000	3311.01200000	3312.39000000	3361.82200000	3364.86800000	3331.32800000	3325.74600000	3330.90000000	3324.07800000	3315.72600000	3315.55800000	3337.01200000	3332.53600000	3298.80600000	3295.34800000	3301.82200000	3301.05000000	3322.60780000	3320.53000000
3011973244.14715719	3358.66000000	3355.02800000	3304.29800000	3304.10200000	3285.84600000	3280.69800000	3372.76400000	3365.87600000	3312.49000000	3304.10800000	3310.66800000	3311.29400000	3309.85800000	3302.89600000	3300.85000000	3299.16600000	3305.78600000	3304.83400000	3322.57800000	3322.71200000	3318.37980000	3315.07140000
3012976588.62876272	3325.88600000	3323.09600000	3324.09600000	3317.85200000	3307.13400000	3300.81000000	3336.80600000	3338.54200000	3289.46000000	3289.15600000	3344.04400000	3341.19400000	3294.59400000	3285.93000000	3314.19800000	3312.49600000	3253.59600000	3251.03000000	3304.59200000	3297.65600000	3309.44060000	3305.77620000
3013979933.11036777	3320.24800000	3318.68800000	3330.10000000	3323.85200000	3308.36400000	3301.65800000	3263.27600000	3258.31800000	3325.73400000	3321.98400000	3297.78800000	3298.64400000	3299.67600000	3289.94400000	3360.20600000	3357.90800000	3291.41600000	3288.12000000	3344.05200000	3339.90200000	3314.08600000	3309.90180000
3014983277.59197330	3339.03600000	3334.24200000	3356.27200000	3358.30000000	3284.58200000	3277.27400000	3286.16800000	3280.29000000	3323.07600000	3318.67400000	3347.98200000	3350.72400000	3289.38000000	3289.52200000	3328.55000000	3325.71600000	3217.89200000	3214.84200000	3386.66800000	3383.30400000	3315.96060000	3313.28880000
3015986622.07357883	3317.24600000	3316.17000000	3309.97800000	3307.92600000	3309.80000000	3308.40400000	3369.01000000	3360.91800000	3325.13800000	3320.36000000	3333.84800000	3330.02200000	3313.29600000	3304.75600000	3329.58000000	3327.75800000	3291.22400000	3288.24200000	3300.90200000	3308.30600000	3320.00220000	3317.28620000
3016989966.55518389	3367.16800000	3364.52600000	3324.80600000	3320.22000000	3306.25000000	3307.06800000	3254.71600000	3253.33800000	3354.44400000	3351.53200000	3366.21600000	3366.93400000	3335.34000000	3328.35800000	3309.81200000	3306.23800000	3334.74000000	3337.21200000	3344.23400000	3339.66000000	3329.77260000	3327.50860000
3017993311.03678942	3331.65000000	3327.90600000	3317.58800000	3313.12400000	3354.07200000	3346.00600000	3346.37600000	3342.71800000	3281.23400000	3275.84000000	3288.93200000	3285.45000000	3265.82200000	3264.65200000	3312.00600000	3310.79000000	3308.77800000	3307.45200000	3287.13200000	3279.72200000	3309.35900000	3305.36600000
3018996655.51839447	3345.73200000	3342.91600000	3356.85200000	3354.49000000	3282.01600000	3277.32200000	3293.02000000	3292.26000000	3324.48600000	3323.49800000	3350.19400000	3351.12800000	3297.92200000	3292.69000000	3331.90000000	3330.44400000	3206.10200000	3203.79600000	3394.89400000	3389.34600000	3318.31180000	3315.78900000
3020000000.00000000	3354.56800000	3349.06400000	3378.99400000	3374.85000000	3298.09400000	3298.41200000	3239.94400000	3231.88600000	3333.56800000	3331.59000000	3330.54600000	3329.27000000	3297.11000000	3295.16000000	3287.92000000	3281.82400000	3324.40400000	3324.46800000	3336.54400000	3331.48400000	3318.16920000	3314.80080000
