freq	PL_sig1	PL_ref1	PL_sig2	PL_ref2	PL_sig3	PL_ref3	PL_sig4	PL_ref4	PL_sig5	PL_ref5	PL_sig6	PL_ref6	PL_sig7	PL_ref7	PL_sig8	PL_ref8	PL_sig9	PL_ref9	PL_sig10	PL_ref10	avgPL_sig	avgPL_ref
2720000000.00000000	2820.07200000	2821.16600000	2837.57800000	2832.74200000	2838.50400000	2833.40400000	2799.53200000	2793.50800000	2793.35400000	2789.40600000	2786.25800000	2786.58200000	2766.58000000	2764.94400000	2768.57600000	2765.74400000	2775.41200000	2772.36400000	2806.85800000	2803.93800000	2799.27240000	2796.37980000
2721003344.48160553	2809.94600000	2806.96600000	2809.31200000	2809.01600000	2836.49600000	2833.95200000	2814.04000000	2805.64400000	2775.37600000	2770.69600000	2793.41400000	2790.84400000	2764.44800000	2761.29800000	2780.57800000	2781.28600000	2758.56600000	2761.42600000	2796.02400000	2796.12400000	2793.82000000	2791.72520000
2722006688.96321058	2805.75600000	2804.56200000	2809.56200000	2806.76400000	2806.96600000	2807.43600000	2796.56800000	2793.73600000	2762.67400000	2762.47800000	2780.13600000	2781.59400000	2780.01600000	2778.12400000	2747.80800000	2750.68200000	2787.58600000	2785.34000000	2824.52200000	2820.33200000	2790.15940000	2789.10480000
2723010033.44481611	2775.48200000	2781.62600000	2825.75200000	2820.37400000	2809.37800000	2806.64200000	2837.58600000	2831.61000000	2750.18400000	2750.22600000	2771.63000000	2765.91400000	2818.07800000	2818.36400000	2789.42600000	2784.73600000	2792.44000000	2782.73400000	2790.17000000	2785.57800000	2796.01260000	2792.78040000
2724013377.92642164	2811.95600000	2814.40800000	2827.99800000	2826.45600000	2819.88800000	2817.00800000	2833.27200000	2832.51000000	2782.50800000	2778.57600000	2786.36800000	2784.51800000	2802.11600000	2804.89600000	2775.27200000	2770.46600000	2744.45600000	2740.67400000	2789.74000000	2794.46800000	2797.35740000	2796.39800000
2725016722.40802670	2823.87200000	2818.69200000	2826.91600000	2823.75600000	2817.49000000	2821.70000000	2798.89600000	2797.39600000	2778.69400000	2773.57000000	2777.91800000	2773.71000000	2758.24600000	2757.29800000	2758.00600000	2758.42000000	2779.14200000	2774.93800000	2792.29200000	2790.69800000	2791.14720000	2789.01780000
2726020066.88963223	2810.59000000	2809.06400000	2796.50200000	2795.90000000	2811.58800000	2810.57200000	2805.34200000	2803.98800000	2754.56400000	2756.18200000	2788.21800000	2790.34800000	2756.77200000	2750.68400000	2777.68800000	2775.91600000	2804.98600000	2799.86200000	2786.14000000	2779.99200000	2789.23900000	2787.25080000
2727023411.37123728	2817.20800000	2816.03000000	2799.48000000	2800.52000000	2820.30400000	2815.11600000	2817.10800000	2815.75400000	2768.59800000	2774.86000000	2794.28600000	2792.53600000	2767.67000000	2763.75600000	2774.53400000	2776.71800000	2784.45800000	2777.10600000	2798.29200000	2803.30800000	2794.19380000	2793.57040000
2728026755.85284281	2782.86800000	2783.35400000	2820.95200000	2816.43000000	2791.85400000	2791.27200000	2819.46800000	2821.04600000	2775.98800000	2776.21200000	2762.40600000	2765.48800000	2816.62200000	2815.14600000	2777.28800000	2773.06000000	2793.18000000	2792.13000000	2799.64400000	2798.45600000	2794.02700000	2793.25940000
2729030100.33444834	2780.63400000	2771.90400000	2833.41000000	2831.47000000	2809.67200000	2806.59400000	2838.63800000	2835.76400000	2750.87400000	2750.29600000	2766.63400000	2767.78800000	2816.42400000	2814.73200000	2783.66800000	2783.66600000	2783.80800000	2783.25400000	2777.62400000	2776.05400000	2794.13860000	2792.15220000
2730033444.81605339	2807.60400000	2800.34200000	2805.25600000	2805.61200000	2810.17200000	2808.93200000	2792.27800000	2798.85800000	2759.47600000	2758.60400000	2788.41600000	2788.87400000	2782.95800000	2781.03400000	2750.67800000	2750.90800000	2793.15000000	2791.27600000	2824.26000000	2820.97200000	2791.42480000	2790.54120000
2731036789.29765892	2808.43400000	2805.51800000	2797.17400000	2799.47200000	2806.96400000	2809.14200000	2806.86800000	2802.40000000	2764.66400000	2764.33000000	2798.47800000	2794.90400000	2776.92600000	2773.43000000	2769.57600000	2765.40000000	2804.97800000	2804.53800000	2802.90400000	2804.53600000	2793.69660000	2792.36700000
2732040133.77926445	2789.93400000	2786.23000000	2813.26000000	2807.91600000	2807.56200000	2804.58200000	2804.41000000	2802.23800000	2762.28600000	2757.17000000	2804.72400000	2800.86400000	2799.11800000	2798.97600000	2744.18000000	2744.44600000	2798.26400000	2797.22200000	2818.57800000	2813.53800000	2794.23160000	2791.31820000
2733043478.26086950	2809.73200000	2809.82000000	2790.90600000	2790.66400000	2811.76000000	2813.27200000	2804.32800000	2800.77000000	2753.75800000	2753.70800000	2789.74400000	2787.26200000	2756.23800000	2758.50000000	2776.53200000	2778.68200000	2800.52200000	2798.73800000	2789.56200000	2783.75200000	2788.30820000	2787.51680000
2734046822.74247503	2852.68400000	2848.59200000	2823.19000000	2822.74600000	2827.73800000	2822.41200000	2789.42800000	2790.30800000	2782.32400000	2784.32200000	2797.71600000	2797.77800000	2777.21800000	2775.98800000	2752.78400000	2749.21200000	2781.16200000	2779.39200000	2767.40000000	2768.59600000	2795.16440000	2793.93460000
2735050167.22408009	2802.53600000	2802.33400000	2800.88000000	2803.67600000	2815.91400000	2812.32800000	2818.85800000	2823.14800000	2774.94000000	2772.99600000	2781.47800000	2776.80600000	2797.52600000	2796.01000000	2782.60800000	2781.57800000	2815.44600000	2815.97200000	2791.31600000	2784.21600000	2798.15020000	2796.90640000
2736053511.70568562	2772.04000000	2774.66800000	2814.14000000	2809.43600000	2812.01200000	2811.36000000	2835.00000000	2833.31400000	2755.12400000	2753.91400000	2771.25400000	2769.05400000	2828.72800000	2825.67000000	2808.02600000	2802.61200000	2792.06600000	2790.06000000	2803.58800000	2797.38600000	2799.19780000	2796.74740000
2737056856.18729115	2790.82200000	2787.93200000	2806.73000000	2807.93600000	2803.42200000	2803.81000000	2841.12600000	2839.37200000	2767.00400000	2764.59600000	2791.69200000	2788.47000000	2783.32800000	2782.61600000	2781.79600000	2781.79600000	2779.00800000	2774.43600000	2808.98600000	2802.40200000	2795.39140000	2793.33660000
2738060200.66889620	2822.56200000	2825.14200000	2836.27200000	2838.83200000	2811.55800000	2814.97600000	2831.38600000	2828.87000000	2782.00800000	2780.79200000	2781.91200000	2777.02000000	2801.56800000	2800.49200000	2774.33400000	2777.91800000	2740.28200000	2736.96200000	2784.78400000	2783.68200000	2796.66660000	2796.46860000
2739063545.15050173	2812.85600000	2806.38400000	2788.74200000	2789.38800000	2817.54000000	2812.93800000	2799.19800000	2799.41400000	2753.12200000	2748.91200000	2780.90200000	2780.65200000	2756.29000000	2759.42200000	2780.01800000	2777.04400000	2794.29400000	2797.78600000	2786.73800000	2784.46200000	2786.97000000	2785.64020000
2740066889.63210726	2816.70400000	2817.92800000	2832.12400000	2827.58800000	2836.00800000	2836.46600000	2802.27200000	2797.68800000	2783.22200000	2785.29400000	2789.89800000	2787.72400000	2760.86200000	2757.72400000	2768.97000000	2770.40800000	2760.92800000	2758.69800000	2798.28600000	2798.08600000	2794.92740000	2793.76040000
2741070234.11371231	2791.22000000	2787.92200000	2817.21000000	2809.34000000	2800.12000000	2795.64200000	2818.32200000	2815.75600000	2776.08400000	2775.20200000	2766.06800000	2766.54000000	2808.85200000	2808.25600000	2776.96800000	2775.06000000	2814.70800000	2810.45600000	2787.64600000	2788.66800000	2795.71980000	2793.28420000
2742073578.59531784	2790.69200000	2792.96400000	2810.60000000	2806.28400000	2810.96000000	2814.29600000	2816.09000000	2811.26200000	2763.45000000	2762.39000000	2797.02600000	2796.42600000	2797.35400000	2794.68200000	2754.43200000	2751.70400000	2796.02400000	2789.95000000	2811.64600000	2809.96000000	2794.82740000	2792.99180000
2743076923.07692289	2776.22800000	2775.94400000	2822.48200000	2819.18600000	2803.34400000	2802.86200000	2836.16400000	2839.02600000	2745.93000000	2747.57600000	2770.32000000	2767.90800000	2820.85200000	2818.10200000	2796.61600000	2795.00400000	2790.36800000	2787.43400000	2794.43000000	2788.91600000	2795.67340000	2794.19580000
2744080267.55852842	2788.60200000	2786.23200000	2823.28000000	2817.84600000	2797.23600000	2789.79400000	2823.83400000	2825.25600000	2772.29600000	2767.17600000	2778.17600000	2779.17400000	2804.92600000	2804.93400000	2790.36600000	2791.85000000	2777.30200000	2771.74400000	2785.11000000	2783.66400000	2794.11280000	2791.76700000
2745083612.04013395	2808.78800000	2804.63400000	2815.65800000	2811.51800000	2817.66800000	2822.92600000	2833.87000000	2834.17400000	2785.19400000	2784.15800000	2799.87600000	2798.79800000	2781.82200000	2779.31400000	2783.38200000	2777.28800000	2762.65600000	2756.88000000	2817.50000000	2818.48000000	2800.64140000	2798.81700000
2746086956.52173901	2794.31800000	2793.09000000	2815.29800000	2808.54000000	2810.94800000	2812.64200000	2816.51600000	2810.00600000	2762.23400000	2761.58000000	2800.92400000	2801.29400000	2802.14200000	2798.10200000	2752.90000000	2756.06200000	2794.20000000	2791.91000000	2820.83000000	2814.50600000	2797.03100000	2794.77320000
2747090301.00334454	2795.01400000	2793.80800000	2807.17600000	2802.29200000	2811.10200000	2807.61000000	2814.40200000	2812.48000000	2762.94400000	2758.53200000	2796.88400000	2795.64400000	2796.58400000	2791.14400000	2749.80000000	2748.64200000	2786.84000000	2793.55000000	2812.03200000	2809.03200000	2793.27780000	2791.27340000
2748093645.48495007	2812.55000000	2814.24800000	2804.02800000	2806.73000000	2815.58800000	2816.07200000	2813.85800000	2812.46400000	2774.52400000	2766.67600000	2793.63800000	2792.31200000	2760.96400000	2753.13800000	2772.38200000	2770.16600000	2764.41000000	2767.32600000	2793.02600000	2792.00400000	2790.49680000	2789.11360000
2749096989.96655512	2807.50800000	2805.00200000	2820.69600000	2821.58200000	2817.91200000	2817.06600000	2832.22800000	2832.45200000	2790.31400000	2789.11400000	2795.36600000	2794.10400000	2784.69000000	2780.86400000	2775.96200000	2770.71200000	2759.55200000	2759.00400000	2811.93400000	2809.57800000	2799.61620000	2797.94780000
2750100334.44816065	2832.41400000	2824.17000000	2825.07800000	2823.05600000	2804.97200000	2802.38000000	2796.64800000	2793.12600000	2788.90000000	2789.42600000	2788.78000000	2787.30200000	2784.53800000	2780.97600000	2762.06000000	2762.98600000	2781.42800000	2780.86800000	2775.33400000	2777.85400000	2794.01520000	2792.21440000
2751103678.92976570	2857.54600000	2853.07200000	2821.08600000	2817.91000000	2820.37800000	2814.64600000	2779.35600000	2779.43200000	2775.80000000	2773.13400000	2787.39600000	2779.59600000	2781.05800000	2778.53400000	2747.35600000	2745.81400000	2777.66200000	2770.86400000	2761.49000000	2765.29600000	2790.91280000	2787.82980000
2752107023.41137123	2773.71200000	2770.57400000	2819.00200000	2814.99800000	2817.77800000	2813.16600000	2827.93400000	2829.40200000	2765.60600000	2761.06200000	2769.97400000	2771.19000000	2828.38000000	2825.05800000	2813.98400000	2810.50000000	2790.65800000	2788.07800000	2797.93800000	2796.90800000	2800.49660000	2798.09360000
2753110367.89297676	2796.42000000	2788.60200000	2811.38600000	2809.28400000	2809.98400000	2807.78400000	2833.59800000	2830.64200000	2769.14200000	2766.44600000	2793.92200000	2790.92800000	2774.43800000	2774.62000000	2779.84600000	2780.93200000	2759.60000000	2756.70400000	2812.42200000	2808.86000000	2794.07580000	2791.48020000
2754113712.37458181	2780.73400000	2777.34600000	2834.58200000	2831.27200000	2810.07600000	2806.77800000	2842.45600000	2841.36600000	2748.95400000	2749.04400000	2771.13200000	2773.90600000	2818.32200000	2820.19800000	2791.96400000	2786.23200000	2781.02200000	2780.94600000	2783.34800000	2779.04600000	2796.25900000	2794.61340000
2755117056.85618734	2783.82200000	2781.50000000	2822.73800000	2823.76600000	2790.98800000	2792.21400000	2822.11400000	2820.52800000	2771.29600000	2774.79200000	2767.72000000	2768.33400000	2810.83600000	2806.91800000	2773.49200000	2772.83600000	2798.27000000	2793.60400000	2790.16000000	2786.63600000	2793.14360000	2792.11280000
2756120401.33779287	2804.40600000	2801.94000000	2811.80200000	2809.67800000	2818.64800000	2816.36200000	2837.13600000	2831.37200000	2781.65600000	2776.84600000	2802.47800000	2803.93800000	2782.90200000	2777.56000000	2782.10800000	2781.54000000	2761.86400000	2763.82000000	2816.27800000	2814.09200000	2799.92780000	2797.71480000
2757123745.81939793	2790.23800000	2789.72800000	2806.84600000	2810.28800000	2809.16200000	2811.49400000	2832.85200000	2827.55200000	2775.77200000	2769.47800000	2796.94200000	2795.10000000	2773.78400000	2779.68600000	2781.73000000	2781.84400000	2760.98600000	2757.80000000	2808.62200000	2813.67400000	2793.69340000	2793.66440000
2758127090.30100346	2775.93200000	2770.58200000	2818.36600000	2815.49000000	2796.52000000	2796.35400000	2831.91800000	2826.84800000	2769.76000000	2765.77800000	2762.69600000	2758.89200000	2821.33200000	2820.64800000	2796.95800000	2798.64400000	2809.13000000	2811.27200000	2798.26000000	2796.79400000	2798.08720000	2796.13020000
2759130434.78260851	2801.17600000	2802.90200000	2826.45600000	2822.18400000	2814.26400000	2813.39200000	2834.84600000	2828.14200000	2789.15800000	2787.87400000	2790.63400000	2790.56200000	2785.69600000	2787.90000000	2773.11600000	2774.24800000	2754.09000000	2754.98200000	2806.13400000	2800.90200000	2797.55700000	2796.30880000
2760133779.26421404	2775.57200000	2774.04200000	2817.33200000	2815.53000000	2797.43000000	2792.76800000	2829.19600000	2827.89800000	2769.54200000	2767.53400000	2764.61400000	2763.51600000	2817.93800000	2815.89800000	2793.61400000	2792.00000000	2809.94000000	2805.50000000	2794.30600000	2794.29600000	2796.94840000	2794.89820000
2761137123.74581957	2786.35200000	2783.98200000	2811.00200000	2811.57600000	2801.17200000	2802.17400000	2812.32600000	2810.72400000	2771.77200000	2771.31200000	2805.87600000	2802.63200000	2799.30800000	2797.67400000	2753.16000000	2750.20400000	2803.31800000	2803.08400000	2814.16600000	2812.85000000	2795.84520000	2794.62120000
2762140468.22742462	2829.31400000	2820.20000000	2834.07200000	2836.22000000	2841.96000000	2836.95400000	2807.87800000	2807.40800000	2785.14000000	2782.46000000	2798.08600000	2798.21600000	2761.64600000	2757.07200000	2778.13800000	2779.49200000	2761.31400000	2763.85800000	2808.99800000	2804.39600000	2800.65460000	2798.62760000
2763143812.70903015	2788.69000000	2782.04600000	2809.62200000	2807.14800000	2802.13600000	2799.32600000	2839.48600000	2833.30200000	2776.33000000	2770.75200000	2786.21600000	2780.12200000	2778.62400000	2777.99200000	2783.75000000	2785.55600000	2777.67400000	2776.89600000	2797.60200000	2797.45800000	2794.01300000	2791.05980000
2764147157.19063568	2792.56000000	2792.87600000	2833.11000000	2825.35000000	2794.61200000	2790.32600000	2829.76600000	2827.37000000	2781.01200000	2778.65600000	2783.28400000	2786.94200000	2810.88400000	2807.96600000	2789.70600000	2794.24200000	2777.63800000	2774.80600000	2793.03800000	2791.65000000	2798.56100000	2797.01840000
2765150501.67224073	2808.26200000	2804.10800000	2812.06400000	2810.09600000	2832.37400000	2831.70000000	2803.79200000	2802.28800000	2771.65800000	2770.51600000	2790.59000000	2789.16600000	2761.61800000	2757.67200000	2779.21400000	2777.41200000	2753.98400000	2751.47600000	2794.37600000	2789.76600000	2790.79320000	2788.42000000
2766153846.15384626	2782.22400000	2781.96800000	2818.81400000	2815.80800000	2791.38800000	2791.34400000	2821.33600000	2817.07600000	2778.47600000	2774.18800000	2765.73000000	2764.67800000	2811.51000000	2806.74200000	2775.28200000	2772.25600000	2796.17800000	2787.98600000	2795.43200000	2789.26400000	2793.63700000	2790.13100000
2767157190.63545132	2779.46600000	2777.57200000	2819.43400000	2816.69200000	2794.24000000	2793.96200000	2810.97600000	2814.77000000	2774.49000000	2772.52400000	2763.97000000	2760.21000000	2807.57600000	2808.09600000	2777.18200000	2776.36600000	2791.71400000	2790.21400000	2788.04800000	2786.37000000	2790.70960000	2789.67760000
2768160535.11705685	2784.00000000	2782.24800000	2837.50000000	2835.49200000	2798.81800000	2795.68000000	2823.69800000	2827.00800000	2756.97400000	2751.69800000	2776.97800000	2773.45600000	2823.37800000	2817.44600000	2799.51400000	2802.55000000	2765.89800000	2766.69600000	2783.96600000	2778.03600000	2795.07240000	2793.03100000
2769163879.59866238	2780.53000000	2782.25400000	2838.24800000	2836.60400000	2806.32200000	2807.64800000	2837.23800000	2834.60200000	2755.66600000	2755.42000000	2771.23200000	2774.16600000	2823.42800000	2822.71600000	2794.65000000	2792.87800000	2776.46200000	2770.40000000	2787.06800000	2786.95600000	2797.08440000	2796.36440000
2770167224.08026743	2827.18800000	2824.50200000	2817.62600000	2818.78600000	2799.87400000	2796.66400000	2793.78000000	2792.95000000	2790.75200000	2783.54800000	2787.88400000	2784.47200000	2777.94600000	2778.14600000	2758.60200000	2758.72600000	2779.66600000	2777.20200000	2776.25600000	2776.10800000	2790.95740000	2789.11040000
2771170568.56187296	2811.48600000	2806.14600000	2793.38600000	2793.72000000	2802.44200000	2803.66200000	2804.64400000	2799.64600000	2752.81800000	2755.46000000	2785.08200000	2783.50400000	2749.20200000	2748.54000000	2781.19200000	2776.84200000	2798.54400000	2798.05200000	2780.80000000	2777.36800000	2785.95960000	2784.29400000
2772173913.04347849	2790.52000000	2788.18600000	2807.25600000	2808.10600000	2798.60800000	2804.58000000	2807.57000000	2807.79000000	2765.37000000	2763.43600000	2800.71400000	2800.30200000	2796.72800000	2795.71600000	2744.06200000	2744.17800000	2802.51000000	2797.93800000	2813.36200000	2812.23600000	2792.67000000	2792.24680000
2773177257.52508354	2800.38600000	2794.19400000	2808.81000000	2804.59000000	2814.57200000	2814.34200000	2833.37400000	2831.90400000	2775.58400000	2768.72400000	2796.04400000	2796.88000000	2778.38200000	2777.12000000	2781.22400000	2777.69600000	2759.54800000	2759.87400000	2812.29400000	2816.81000000	2796.02180000	2794.21340000
2774180602.00668907	2796.85600000	2796.48400000	2804.60800000	2805.15000000	2808.87000000	2807.04200000	2804.21800000	2804.05400000	2761.05600000	2753.47200000	2790.36800000	2792.87200000	2784.77200000	2785.13800000	2749.21800000	2747.75000000	2786.76400000	2784.72200000	2813.86000000	2811.41800000	2790.05900000	2788.81020000
2775183946.48829412	2789.72200000	2785.83600000	2817.89400000	2807.47000000	2805.94200000	2804.49400000	2816.24400000	2814.18600000	2775.39400000	2770.93400000	2805.25400000	2803.21600000	2800.69200000	2798.95600000	2753.90400000	2753.80600000	2807.26800000	2808.13400000	2810.72600000	2807.91000000	2798.30400000	2795.49420000
2776187290.96989965	2794.77200000	2787.08800000	2807.99800000	2805.90200000	2807.05800000	2803.34800000	2826.20800000	2820.74200000	2766.99000000	2764.65600000	2795.28800000	2792.86800000	2775.54000000	2772.87000000	2779.48000000	2773.57400000	2760.96400000	2757.01200000	2807.62200000	2812.05200000	2792.19200000	2789.01120000
2777190635.45150518	2777.91000000	2770.85000000	2815.50400000	2811.77400000	2816.46800000	2816.55600000	2828.86000000	2830.20000000	2754.16000000	2756.87600000	2769.17000000	2760.60800000	2828.32800000	2823.75000000	2805.85400000	2805.11000000	2793.21800000	2790.22000000	2798.33200000	2801.43800000	2798.78040000	2796.73820000
2778193979.93311024	2793.16600000	2787.03000000	2808.80600000	2808.07600000	2809.88200000	2810.31400000	2810.53200000	2809.64600000	2755.15000000	2759.03400000	2788.89800000	2790.08000000	2792.71400000	2785.31200000	2745.31200000	2746.10400000	2793.93200000	2786.83200000	2810.85400000	2809.85200000	2790.92460000	2789.22800000
2779197324.41471577	2789.63200000	2790.59200000	2827.75000000	2823.79600000	2789.54400000	2793.72800000	2823.04200000	2821.36400000	2769.74600000	2767.21200000	2782.99600000	2781.47400000	2812.50400000	2811.12800000	2804.79000000	2798.44000000	2771.01000000	2772.61800000	2781.04800000	2778.31800000	2795.20620000	2793.86700000
2780200668.89632130	2853.42000000	2851.58600000	2824.41800000	2821.89200000	2821.34600000	2817.62800000	2785.80400000	2783.83000000	2779.65800000	2781.78400000	2786.83600000	2790.57200000	2786.46000000	2780.92000000	2749.62400000	2747.79400000	2781.16000000	2776.76600000	2763.75200000	2767.14600000	2793.24780000	2791.99180000
2781204013.37792635	2785.18200000	2780.05400000	2824.03800000	2818.94000000	2796.83000000	2792.79800000	2825.23000000	2825.07000000	2776.95200000	2779.36400000	2768.88400000	2765.45400000	2814.68800000	2815.04000000	2778.97000000	2781.30200000	2798.72000000	2797.56200000	2805.49200000	2799.19800000	2797.49860000	2795.47820000
2782207357.85953188	2820.41600000	2822.17800000	2805.74400000	2806.30800000	2818.95200000	2815.61600000	2809.61000000	2811.28200000	2761.54200000	2765.65600000	2796.02800000	2794.58200000	2755.92600000	2758.44400000	2789.09400000	2790.98200000	2807.84200000	2811.12600000	2775.67400000	2774.03400000	2794.08280000	2795.02080000
2783210702.34113693	2822.47600000	2819.93200000	2828.36800000	2821.78800000	2826.31600000	2826.19400000	2796.23200000	2793.07200000	2792.20600000	2787.33200000	2782.44200000	2781.35600000	2765.49000000	2765.88000000	2767.00000000	2761.05600000	2776.78800000	2772.68400000	2800.80000000	2797.86200000	2795.81180000	2792.71560000
2784214046.82274246	2782.35200000	2782.33800000	2819.07200000	2813.09000000	2790.34600000	2789.20000000	2818.66600000	2814.33000000	2774.16400000	2772.95600000	2760.57200000	2762.35800000	2804.72800000	2805.82600000	2774.01000000	2777.24200000	2788.43000000	2790.23400000	2781.93400000	2784.53200000	2789.42740000	2789.21060000
2785217391.30434799	2826.97000000	2824.90200000	2838.31000000	2836.76000000	2813.28200000	2806.43200000	2831.23000000	2828.26400000	2785.58800000	2783.60800000	2780.99400000	2782.25600000	2792.12800000	2796.12000000	2771.45400000	2773.50600000	2744.63000000	2740.64400000	2789.70400000	2783.18800000	2797.42900000	2795.56800000
2786220735.78595304	2808.35400000	2802.72000000	2812.09400000	2808.80400000	2819.23600000	2818.48000000	2832.90400000	2827.31000000	2782.53000000	2779.37800000	2800.21000000	2802.32000000	2782.22200000	2779.23400000	2775.58800000	2773.24600000	2760.93400000	2756.21000000	2818.28000000	2813.92800000	2799.23520000	2796.16300000
2787224080.26755857	2783.07200000	2783.18800000	2829.75000000	2829.49600000	2791.32400000	2791.73200000	2822.18400000	2820.04600000	2760.15400000	2762.51800000	2778.82200000	2778.70200000	2810.16200000	2813.71800000	2802.48000000	2803.20400000	2767.77600000	2763.89000000	2770.33200000	2767.84200000	2791.60560000	2791.43360000
2788227424.74916410	2790.67000000	2787.33200000	2813.79600000	2810.25400000	2812.12600000	2806.05800000	2826.45800000	2823.34600000	2778.33000000	2771.13600000	2792.37400000	2789.64800000	2793.09800000	2797.83400000	2767.68800000	2764.67800000	2821.94000000	2823.07000000	2799.89400000	2799.39600000	2799.63740000	2797.27520000
2789230769.23076916	2776.43200000	2775.62400000	2819.03800000	2823.43600000	2808.30600000	2806.57600000	2832.20000000	2831.38800000	2766.43000000	2765.52800000	2768.54000000	2766.59200000	2828.02000000	2829.11400000	2804.95800000	2805.31800000	2803.04400000	2799.52800000	2806.16600000	2804.70600000	2801.31340000	2800.78100000
2790234113.71237469	2824.59400000	2816.97000000	2822.04600000	2826.54400000	2825.51000000	2818.83400000	2794.27800000	2788.29200000	2783.61600000	2781.21000000	2778.24600000	2777.37200000	2761.57600000	2761.12200000	2757.23800000	2758.59000000	2767.88800000	2770.66000000	2795.15800000	2796.85000000	2791.01500000	2789.64440000
2791237458.19397974	2789.21800000	2790.83800000	2812.41400000	2804.58200000	2806.50800000	2803.44400000	2801.59000000	2801.99600000	2760.92600000	2760.20800000	2803.18800000	2803.43000000	2799.34200000	2804.67000000	2744.32600000	2741.01600000	2799.43200000	2795.33400000	2814.53200000	2814.42400000	2793.14760000	2791.99420000
2792240802.67558527	2788.97800000	2789.60800000	2824.75000000	2823.29600000	2798.16400000	2794.89800000	2830.09200000	2828.86600000	2774.58600000	2777.16600000	2786.15400000	2785.25800000	2799.46200000	2801.47400000	2786.48200000	2788.62600000	2775.84600000	2773.64400000	2794.75200000	2794.41200000	2795.92660000	2795.72480000
2793244147.15719080	2809.62400000	2805.99200000	2788.38000000	2784.82600000	2809.35600000	2812.78200000	2794.58000000	2794.84600000	2756.40000000	2752.16000000	2781.30800000	2775.18000000	2756.48800000	2753.76000000	2774.47600000	2770.46600000	2795.12600000	2796.90200000	2783.73000000	2784.03600000	2784.94680000	2783.09500000
2794247491.63879585	2778.21000000	2780.49600000	2835.59600000	2831.19800000	2809.07200000	2806.28000000	2839.52000000	2835.57000000	2750.70800000	2746.44400000	2767.15000000	2767.29400000	2818.82400000	2814.02800000	2784.26800000	2787.17400000	2779.69200000	2776.10600000	2780.99600000	2772.69600000	2794.40360000	2791.72860000
2795250836.12040138	2802.48000000	2803.99400000	2802.78800000	2801.58000000	2813.67800000	2804.94400000	2800.76000000	2803.76600000	2764.09200000	2760.16000000	2796.23800000	2797.78800000	2780.05400000	2781.40800000	2753.39400000	2757.35200000	2803.95200000	2802.18200000	2810.62600000	2808.58000000	2792.80620000	2792.17540000
2796254180.60200691	2777.87400000	2777.51400000	2820.99200000	2820.41000000	2801.98600000	2799.36200000	2828.93400000	2828.08200000	2771.52400000	2765.50600000	2764.89600000	2768.48800000	2828.55600000	2823.82200000	2802.57600000	2800.26000000	2807.44800000	2808.48800000	2798.82200000	2801.29000000	2800.36080000	2799.32220000
2797257525.08361197	2814.77200000	2811.50200000	2797.64200000	2798.30800000	2807.32200000	2805.32800000	2806.17800000	2805.21800000	2752.05200000	2753.38400000	2788.23400000	2789.32600000	2750.28000000	2753.60400000	2785.17600000	2778.63400000	2804.66600000	2799.14400000	2776.89600000	2776.97200000	2788.32180000	2787.14200000
2798260869.56521749	2790.47000000	2790.68600000	2810.08800000	2809.44400000	2811.90400000	2805.44000000	2805.23400000	2801.19800000	2761.21600000	2760.60800000	2799.39800000	2802.83400000	2802.12600000	2801.60400000	2746.50000000	2744.33400000	2799.26600000	2793.44200000	2822.03200000	2813.96600000	2794.82340000	2792.35560000
2799264214.04682255	2810.55800000	2810.63600000	2795.46800000	2789.34400000	2806.90600000	2798.16600000	2802.42400000	2804.35800000	2748.60400000	2750.34000000	2788.52400000	2789.37800000	2747.92600000	2746.39200000	2779.68600000	2779.23400000	2798.87200000	2797.37800000	2777.06400000	2775.05200000	2785.60320000	2784.02780000
2800267558.52842808	2786.96800000	2787.80000000	2835.37600000	2840.38600000	2798.14400000	2798.85600000	2822.76600000	2820.23800000	2762.06200000	2758.83600000	2780.05200000	2777.53400000	2816.44200000	2812.34000000	2806.53000000	2803.29800000	2766.70600000	2763.93200000	2766.48800000	2764.82400000	2794.15340000	2792.80440000
2801270903.01003361	2786.57800000	2786.43400000	2812.15000000	2806.35200000	2804.72200000	2802.67800000	2848.64200000	2836.52200000	2770.31400000	2770.84400000	2783.34400000	2781.26400000	2780.64000000	2781.12400000	2780.85600000	2777.72200000	2774.55400000	2778.81200000	2802.86600000	2805.72600000	2794.46660000	2792.74780000
2802274247.49163866	2778.18000000	2775.85200000	2819.53000000	2818.42600000	2789.23800000	2789.70000000	2825.85000000	2823.33200000	2775.53400000	2773.46000000	2765.32000000	2764.44600000	2814.39200000	2816.82600000	2790.09800000	2788.17400000	2797.74000000	2800.06400000	2791.57400000	2797.73600000	2794.74560000	2794.80160000
2803277591.97324419	2817.12800000	2818.84000000	2833.00200000	2830.02800000	2837.08000000	2841.32600000	2802.79400000	2803.26600000	2783.34800000	2779.36000000	2790.29200000	2792.55000000	2758.80800000	2760.22200000	2773.47000000	2773.07000000	2760.54200000	2762.02400000	2801.55800000	2799.29000000	2795.80220000	2795.99760000
2804280936.45484972	2805.90600000	2803.63600000	2826.10800000	2825.81200000	2818.32200000	2816.13000000	2836.05600000	2831.48800000	2780.23200000	2785.98400000	2789.32400000	2789.62400000	2791.62600000	2792.40000000	2771.17000000	2774.04000000	2755.75400000	2757.43200000	2803.78200000	2802.99800000	2797.82800000	2797.95440000
2805284280.93645477	2782.73000000	2783.43000000	2831.34800000	2832.93800000	2812.93400000	2809.58600000	2838.20600000	2836.53000000	2748.85800000	2747.06000000	2769.52000000	2772.58400000	2819.58000000	2816.83800000	2785.56800000	2788.23800000	2787.46200000	2787.36600000	2788.91000000	2786.06600000	2796.51160000	2796.06360000
2806287625.41806030	2832.19800000	2830.75400000	2829.21800000	2831.24000000	2804.55200000	2801.17600000	2800.70600000	2795.88200000	2791.29400000	2785.54000000	2789.99400000	2791.87400000	2779.72000000	2773.13000000	2759.70400000	2760.40600000	2785.54400000	2780.93000000	2782.49400000	2780.74600000	2795.54240000	2793.16780000
2807290969.89966536	2787.57400000	2785.21400000	2817.53800000	2817.57800000	2798.11000000	2797.36000000	2820.87000000	2819.35600000	2775.48200000	2777.76000000	2767.99200000	2769.55600000	2813.09200000	2808.49200000	2778.15200000	2774.69400000	2811.37200000	2810.79200000	2794.43000000	2791.10400000	2796.46120000	2795.19060000
2808294314.38127089	2787.15000000	2780.90200000	2840.76400000	2835.85200000	2797.27000000	2799.04200000	2827.19400000	2816.17200000	2755.70800000	2754.36400000	2775.86400000	2775.35600000	2811.41000000	2810.63000000	2802.48600000	2799.50000000	2763.61600000	2765.72200000	2772.68800000	2766.13400000	2793.41500000	2790.36740000
2809297658.86287642	2847.87800000	2844.67200000	2821.10600000	2818.76800000	2831.25600000	2828.84800000	2788.10000000	2789.54200000	2783.78800000	2783.00400000	2805.53000000	2798.78000000	2774.97800000	2773.94600000	2754.66000000	2754.78000000	2784.24000000	2789.75200000	2768.90400000	2766.13800000	2796.04400000	2794.82300000
2810301003.34448147	2821.47600000	2809.49200000	2820.63600000	2824.05000000	2826.66800000	2830.81600000	2806.37200000	2805.05800000	2776.84600000	2779.70800000	2791.12400000	2790.31800000	2761.30200000	2760.83400000	2773.46400000	2772.80000000	2758.81600000	2755.23800000	2793.21600000	2788.71800000	2792.99200000	2791.70320000
2811304347.82608700	2790.82200000	2789.96600000	2826.05600000	2824.13200000	2792.49400000	2790.51600000	2825.25400000	2826.66000000	2767.64600000	2773.11200000	2779.90200000	2780.56400000	2807.09400000	2804.53600000	2791.14000000	2792.35000000	2771.90000000	2772.63600000	2785.05600000	2783.07800000	2793.73640000	2793.75500000
2812307692.30769253	2792.66800000	2790.64800000	2806.80400000	2806.93600000	2811.03200000	2812.44400000	2816.28600000	2810.99000000	2768.09200000	2770.16200000	2782.10000000	2784.45800000	2785.42400000	2782.59400000	2774.12200000	2773.35600000	2812.04000000	2812.73200000	2786.89400000	2782.97400000	2793.54620000	2792.72940000
2813311036.78929758	2816.86800000	2812.37600000	2830.29200000	2831.07600000	2829.83600000	2828.12600000	2841.21800000	2839.98800000	2786.67000000	2785.81200000	2795.56600000	2789.86800000	2799.42800000	2800.33800000	2780.38800000	2781.85800000	2761.28400000	2755.57400000	2799.68800000	2795.70200000	2804.12380000	2802.07180000
2814314381.27090311	2790.52400000	2788.54800000	2813.07200000	2812.36800000	2806.68400000	2801.56400000	2817.90000000	2819.53200000	2785.82400000	2779.71200000	2804.03800000	2800.96600000	2800.34200000	2799.98200000	2762.13000000	2758.87200000	2815.41800000	2817.94200000	2805.55200000	2811.36200000	2800.14840000	2799.08480000
2815317725.75250816	2812.08200000	2810.59800000	2801.74000000	2800.87400000	2815.30200000	2814.80200000	2808.34000000	2808.09600000	2765.61400000	2765.94400000	2790.82200000	2789.58000000	2756.37200000	2754.71600000	2772.93400000	2774.49400000	2758.93600000	2757.44600000	2794.44200000	2787.58200000	2787.65840000	2786.41320000
2816321070.23411369	2828.84200000	2830.56800000	2825.17000000	2824.19200000	2800.65800000	2801.44200000	2797.62400000	2795.35600000	2781.63400000	2785.47400000	2783.20200000	2785.38800000	2773.76600000	2775.42200000	2756.22400000	2757.78800000	2781.68200000	2782.16600000	2779.55400000	2778.49000000	2790.83560000	2791.62860000
2817324414.71571922	2808.93800000	2813.41600000	2816.11600000	2817.37200000	2829.66600000	2828.53400000	2808.06800000	2805.30400000	2776.04200000	2773.38800000	2791.92800000	2789.87600000	2758.73600000	2763.51000000	2777.58000000	2779.36200000	2754.12000000	2753.75200000	2788.00600000	2792.57600000	2790.92000000	2791.70900000
2818327759.19732428	2843.77600000	2846.70800000	2819.65800000	2819.97600000	2813.71200000	2816.87400000	2788.42200000	2781.63400000	2779.37000000	2774.45400000	2784.84200000	2783.91200000	2786.55200000	2782.58800000	2751.34400000	2748.18600000	2779.91200000	2777.08200000	2766.01200000	2769.28200000	2791.36000000	2790.06960000
2819331103.67892981	2801.04800000	2800.57000000	2793.50800000	2794.19400000	2811.51400000	2805.87400000	2802.20600000	2806.52200000	2764.72000000	2764.93200000	2787.72000000	2794.18400000	2770.82400000	2766.59600000	2761.64200000	2761.46800000	2797.98800000	2799.90000000	2787.23600000	2790.69400000	2787.84060000	2788.49340000
2820334448.16053534	2846.06000000	2843.63400000	2821.26000000	2823.26200000	2813.68600000	2815.56200000	2791.75600000	2790.62200000	2780.43000000	2783.30400000	2784.33800000	2789.27000000	2787.65200000	2790.14000000	2754.52000000	2757.12000000	2783.70000000	2780.39800000	2771.39200000	2767.93600000	2793.47940000	2794.12480000
2821337792.64214039	2800.55200000	2801.67000000	2797.37000000	2795.66000000	2805.04000000	2804.82200000	2804.95600000	2802.15200000	2764.62400000	2764.42000000	2789.83000000	2787.79600000	2768.15200000	2759.51800000	2764.87000000	2765.60800000	2799.36800000	2800.28600000	2786.54000000	2787.71600000	2788.13020000	2786.96480000
2822341137.12374592	2807.02200000	2805.98200000	2814.60800000	2812.88000000	2821.17800000	2822.19800000	2833.34600000	2836.29000000	2789.27200000	2785.33600000	2806.21800000	2805.58600000	2783.90200000	2786.65000000	2781.94800000	2780.69800000	2765.70200000	2769.01200000	2819.05600000	2819.60000000	2802.22520000	2802.42320000
2823344481.60535097	2793.89600000	2797.84400000	2823.50800000	2820.85600000	2813.54200000	2811.85000000	2831.98800000	2832.34000000	2789.57200000	2788.72800000	2790.53000000	2790.92200000	2787.95400000	2790.86600000	2773.90600000	2775.68200000	2760.04800000	2756.20200000	2804.81200000	2804.26400000	2796.97560000	2796.95540000
2824347826.08695650	2836.24200000	2839.94800000	2819.95400000	2819.03600000	2813.48600000	2815.44600000	2787.05800000	2785.38800000	2776.10800000	2781.95400000	2782.48800000	2784.60800000	2785.51200000	2786.20800000	2749.92400000	2749.34000000	2779.17000000	2776.61800000	2772.96200000	2767.46600000	2790.29040000	2790.60120000
2825351170.56856203	2832.05400000	2833.96200000	2825.71000000	2823.57000000	2815.38000000	2811.11000000	2795.98000000	2794.04800000	2786.24400000	2785.35800000	2788.32000000	2786.23400000	2789.32000000	2789.42400000	2761.80800000	2759.35200000	2782.90200000	2781.88600000	2767.14600000	2770.10600000	2794.48640000	2793.50500000
2826354515.05016708	2808.40400000	2808.15400000	2801.16600000	2803.58600000	2813.23000000	2812.59600000	2808.93600000	2811.82600000	2770.58200000	2770.03600000	2801.45200000	2797.52000000	2758.38600000	2759.59400000	2772.79600000	2775.19200000	2767.05800000	2770.87800000	2794.85800000	2792.34000000	2789.68680000	2790.17220000
2827357859.53177261	2853.27400000	2850.12600000	2818.50000000	2823.49200000	2817.32800000	2822.05200000	2785.28600000	2788.90800000	2780.91400000	2780.51800000	2786.92600000	2787.71200000	2778.41000000	2777.51800000	2748.06800000	2750.61000000	2773.78600000	2777.07800000	2765.56200000	2765.02200000	2790.80540000	2792.30360000
2828361204.01337814	2797.61800000	2794.86400000	2801.85400000	2795.22600000	2812.05200000	2818.45400000	2809.19000000	2813.07000000	2767.46800000	2768.35400000	2773.82200000	2778.00200000	2779.87600000	2780.23800000	2780.57000000	2781.33000000	2811.26400000	2814.69800000	2781.80000000	2782.60200000	2791.55140000	2792.68380000
2829364548.49498320	2794.32200000	2796.10400000	2803.75800000	2802.97000000	2806.10000000	2804.74200000	2797.35200000	2794.51200000	2752.95600000	2757.71200000	2788.20800000	2786.67000000	2776.99200000	2780.00000000	2741.83800000	2743.97200000	2784.82600000	2779.27400000	2814.55800000	2811.55200000	2786.09100000	2785.75080000
2830367892.97658873	2830.78600000	2825.46400000	2819.78800000	2818.79200000	2811.12600000	2809.78600000	2800.71400000	2801.49000000	2778.65000000	2779.03200000	2777.99800000	2781.76800000	2772.17000000	2769.03000000	2758.76600000	2759.51600000	2787.34600000	2787.19600000	2784.97200000	2788.14400000	2792.23160000	2792.02180000
2831371237.45819378	2797.95200000	2795.91400000	2796.44200000	2799.19800000	2817.83800000	2818.83400000	2816.00600000	2814.75600000	2767.63600000	2768.13000000	2771.26200000	2772.38600000	2783.43000000	2784.03200000	2778.16000000	2775.68800000	2816.64400000	2814.61600000	2786.60800000	2786.72600000	2793.19780000	2793.02800000
2832374581.93979931	2780.21600000	2780.51000000	2817.54200000	2820.14000000	2788.08200000	2791.24400000	2812.50000000	2817.53000000	2775.73200000	2775.23200000	2764.73000000	2766.12600000	2809.59000000	2806.42400000	2774.37000000	2772.66000000	2796.19400000	2795.73400000	2784.94800000	2782.11800000	2790.39040000	2790.77180000
2833377926.42140484	2826.10000000	2824.25200000	2825.73000000	2828.33400000	2816.93000000	2821.48000000	2799.88600000	2794.96200000	2777.64600000	2783.15400000	2780.15600000	2775.83200000	2755.06000000	2758.27000000	2757.90600000	2759.74200000	2773.95200000	2777.82600000	2790.09000000	2794.41200000	2790.34560000	2791.82640000
2834381270.90300989	2786.07200000	2788.67800000	2829.76200000	2831.91400000	2791.70000000	2789.69400000	2821.35400000	2824.93400000	2755.67000000	2762.86400000	2772.94200000	2776.75600000	2812.21600000	2810.87800000	2804.21200000	2803.07200000	2768.59200000	2769.93600000	2766.66600000	2773.19000000	2790.91860000	2793.19160000
2835384615.38461542	2810.98400000	2816.16200000	2824.37200000	2824.27800000	2823.43200000	2823.17400000	2828.71600000	2834.50400000	2782.56600000	2786.53800000	2784.17000000	2784.74000000	2793.38000000	2795.63600000	2774.79200000	2773.53800000	2754.40800000	2753.19600000	2797.99400000	2796.61600000	2797.48140000	2798.83820000
2836387959.86622095	2790.81200000	2792.33800000	2800.21800000	2799.91400000	2817.27200000	2813.28000000	2806.82400000	2815.95000000	2764.80800000	2769.73400000	2777.26600000	2781.20800000	2783.17200000	2783.98400000	2778.25600000	2779.87600000	2807.55800000	2810.70000000	2778.32600000	2784.29600000	2790.45120000	2793.12800000
2837391304.34782600	2816.71200000	2818.77000000	2795.92800000	2797.73200000	2815.93200000	2818.42600000	2799.85400000	2804.30200000	2767.08800000	2765.25200000	2785.17400000	2788.99600000	2762.06800000	2759.18000000	2777.99800000	2782.93800000	2806.83200000	2812.99600000	2775.10800000	2781.25200000	2790.26940000	2792.98440000
2838394648.82943153	2801.85800000	2801.82200000	2800.53800000	2805.92000000	2814.53600000	2820.12800000	2811.99000000	2816.79600000	2770.39800000	2772.98200000	2780.00800000	2780.32400000	2788.25000000	2789.94800000	2776.81200000	2779.54800000	2814.59400000	2821.05400000	2785.75400000	2789.73600000	2794.47380000	2797.82580000
2839397993.31103659	2813.79000000	2817.49000000	2794.06000000	2801.27600000	2810.15400000	2812.42400000	2805.80400000	2808.16800000	2753.89000000	2752.53800000	2790.25200000	2789.09600000	2752.19400000	2749.87400000	2781.97000000	2783.88600000	2800.54400000	2803.62800000	2774.34600000	2775.93200000	2787.70040000	2789.43120000
2840401337.79264212	2805.53600000	2805.94400000	2803.02800000	2802.71000000	2802.72000000	2810.05800000	2793.86600000	2797.05600000	2759.58600000	2759.76800000	2778.49000000	2787.25400000	2773.40600000	2781.95400000	2747.19400000	2746.61800000	2777.59000000	2778.27200000	2818.04000000	2825.94800000	2785.94560000	2789.55820000
2841404682.27424765	2773.99600000	2771.26800000	2825.91600000	2827.68000000	2808.44200000	2805.67400000	2830.03200000	2832.85000000	2745.27400000	2749.69800000	2769.61600000	2765.55000000	2814.30200000	2813.40200000	2777.97400000	2777.49800000	2781.33200000	2782.08600000	2773.09000000	2778.28800000	2789.99740000	2790.39940000
2842408026.75585270	2801.56200000	2799.36600000	2797.34000000	2799.11800000	2815.19800000	2812.64800000	2808.06400000	2816.79000000	2764.65400000	2766.97200000	2772.13600000	2773.39800000	2789.09600000	2790.01600000	2770.89400000	2777.20600000	2811.52600000	2813.91600000	2777.75600000	2785.23200000	2790.82260000	2793.46620000
2843411371.23745823	2778.19600000	2783.11000000	2805.40600000	2805.86600000	2798.35800000	2802.36800000	2832.83600000	2839.93400000	2765.19400000	2769.13800000	2778.09000000	2781.19200000	2773.86200000	2781.82600000	2775.74200000	2781.24200000	2773.38800000	2776.81200000	2797.99600000	2801.81000000	2787.90680000	2792.32980000
2844414715.71906376	2772.77600000	2775.27800000	2809.47400000	2815.46000000	2788.32600000	2787.30000000	2826.80600000	2824.05000000	2763.99400000	2765.59000000	2760.09600000	2760.62200000	2810.51200000	2812.71000000	2784.76400000	2786.74800000	2801.53000000	2804.94000000	2784.95000000	2795.98000000	2790.32280000	2792.86780000
2845418060.20066881	2768.74200000	2776.58800000	2816.13400000	2820.54400000	2798.32400000	2803.33400000	2829.28000000	2836.77200000	2742.03600000	2743.37200000	2764.34600000	2765.03200000	2811.80400000	2818.09600000	2783.16600000	2790.23000000	2781.01000000	2787.02800000	2781.91000000	2786.74200000	2787.67520000	2792.77380000
2846421404.68227434	2804.55000000	2805.94600000	2782.75400000	2787.65000000	2805.55000000	2803.46600000	2792.42000000	2793.36400000	2750.48600000	2748.41400000	2768.91200000	2779.65000000	2751.73800000	2756.64000000	2767.14600000	2771.58600000	2784.36200000	2789.90000000	2782.28600000	2782.73600000	2779.02040000	2781.93520000
2847424749.16387939	2815.97400000	2818.09400000	2814.14400000	2821.97800000	2808.47600000	2817.55200000	2790.70800000	2799.52600000	2770.25200000	2775.63600000	2771.71000000	2773.10000000	2756.74800000	2764.77000000	2744.79000000	2752.50000000	2777.28600000	2781.84800000	2787.30000000	2791.57800000	2783.73880000	2789.65820000
2848428093.64548492	2804.66000000	2806.92600000	2781.59600000	2787.31000000	2801.40000000	2806.95200000	2791.20000000	2797.87800000	2747.15200000	2753.15600000	2772.79200000	2772.92600000	2755.24600000	2755.37000000	2765.57400000	2770.36800000	2785.69600000	2788.63800000	2780.88600000	2790.44400000	2778.62020000	2782.99680000
2849431438.12709045	2807.02800000	2816.64400000	2817.40000000	2826.97200000	2828.65200000	2835.60200000	2784.54000000	2793.26200000	2773.42000000	2783.36400000	2776.68000000	2786.67000000	2753.15200000	2758.83800000	2760.94400000	2768.71600000	2752.50400000	2762.05400000	2790.55600000	2796.52800000	2784.48760000	2792.86500000
2850434782.60869551	2784.86200000	2789.61800000	2816.05800000	2821.10800000	2781.58800000	2793.67400000	2811.31600000	2814.45600000	2762.18800000	2767.41800000	2768.05600000	2778.28200000	2794.71200000	2803.83400000	2786.07200000	2790.70000000	2761.93400000	2768.13800000	2770.54000000	2776.47800000	2783.73260000	2790.37060000
2851438127.09030104	2774.68600000	2778.15800000	2805.62000000	2815.11600000	2784.07200000	2789.83400000	2804.03600000	2811.69200000	2765.06200000	2774.22200000	2750.58200000	2761.87400000	2799.02600000	2806.31800000	2767.23800000	2773.05800000	2782.33200000	2791.65400000	2778.49600000	2790.66000000	2781.11500000	2789.25860000
2852441471.57190657	2779.79200000	2788.40800000	2801.49000000	2809.65800000	2797.41200000	2809.63000000	2791.73800000	2804.21600000	2750.57800000	2758.82600000	2795.89600000	2803.82400000	2795.95000000	2800.73000000	2735.65200000	2745.60200000	2787.89800000	2797.43000000	2805.98600000	2816.55200000	2784.23920000	2793.48760000
2853444816.05351162	2763.54400000	2774.60800000	2805.54800000	2814.58800000	2777.48800000	2789.53200000	2811.53800000	2828.24800000	2752.20600000	2764.72600000	2752.26000000	2762.79800000	2802.34200000	2813.26200000	2774.95000000	2785.14800000	2795.00800000	2805.93800000	2783.77800000	2793.51200000	2781.86620000	2793.23600000
2854448160.53511715	2778.37600000	2786.09400000	2807.01800000	2817.92800000	2788.43600000	2802.31800000	2822.34000000	2837.65000000	2770.19800000	2776.97800000	2778.65200000	2795.47600000	2776.54000000	2789.55800000	2768.01200000	2781.02800000	2767.04000000	2779.41400000	2785.24400000	2798.89200000	2784.18560000	2796.53360000
2855451505.01672220	2779.91000000	2790.37200000	2784.04200000	2796.39400000	2784.71400000	2798.31200000	2812.31600000	2821.79200000	2754.82800000	2768.67800000	2748.31400000	2768.99200000	2792.11400000	2805.41400000	2770.69400000	2782.56200000	2794.65600000	2809.31000000	2772.64400000	2786.21000000	2779.42320000	2792.80360000
2856454849.49832773	2766.22800000	2777.09800000	2799.28400000	2814.68000000	2773.30600000	2787.12800000	2804.75000000	2815.99400000	2754.80200000	2770.34600000	2744.94400000	2762.26800000	2787.59800000	2798.50800000	2763.66600000	2772.85200000	2770.85000000	2790.78800000	2769.47800000	2781.62800000	2773.49060000	2787.12900000
2857458193.97993326	2772.76600000	2788.56800000	2790.22200000	2805.13600000	2786.52600000	2802.23600000	2805.79800000	2821.46600000	2750.68200000	2764.13800000	2775.43000000	2792.17800000	2759.00400000	2774.76000000	2761.85000000	2777.75800000	2746.77800000	2759.89800000	2791.80000000	2808.75200000	2774.08560000	2789.48900000
2858461538.46153831	2795.33000000	2811.35600000	2788.86200000	2805.06600000	2801.36800000	2815.02800000	2786.69200000	2807.86000000	2752.19200000	2764.20800000	2776.65400000	2788.15000000	2739.27600000	2755.06400000	2756.71800000	2771.42000000	2748.46400000	2759.12400000	2777.86000000	2789.61600000	2772.34160000	2786.68920000
2859464882.94314384	2764.41800000	2776.09600000	2798.75200000	2814.58800000	2778.27600000	2787.69000000	2799.75200000	2817.16600000	2759.63400000	2772.61600000	2747.23600000	2758.10600000	2789.32000000	2805.51800000	2755.91200000	2772.24800000	2773.03600000	2788.17000000	2775.70200000	2787.46200000	2774.20380000	2787.96600000
2860468227.42474937	2756.72200000	2772.25200000	2800.99000000	2808.05400000	2794.14400000	2805.57800000	2820.14600000	2836.61000000	2737.55000000	2745.81400000	2755.02200000	2769.06000000	2809.55000000	2821.28400000	2785.71000000	2801.87200000	2775.65400000	2791.43600000	2785.40200000	2795.87000000	2782.08900000	2794.78300000
2861471571.90635443	2782.98600000	2792.15800000	2796.51400000	2806.20800000	2798.16200000	2811.05400000	2791.54400000	2806.36000000	2743.17200000	2756.82800000	2781.71600000	2793.44200000	2772.61400000	2789.64000000	2736.05600000	2745.62800000	2773.40200000	2786.36600000	2801.33800000	2817.62400000	2777.75040000	2790.53080000
2862474916.38795996	2802.42800000	2815.25600000	2788.71000000	2798.28400000	2797.63200000	2812.02400000	2786.99000000	2804.97000000	2747.95200000	2758.81200000	2777.79200000	2788.33600000	2742.75200000	2752.41600000	2766.88800000	2784.46600000	2791.54600000	2802.43600000	2765.01200000	2771.95400000	2776.77020000	2788.89540000
2863478260.86956501	2842.08400000	2856.18400000	2803.69400000	2815.00600000	2807.82800000	2815.91000000	2771.22000000	2781.28000000	2761.02600000	2775.60000000	2772.40200000	2782.17800000	2769.21800000	2778.72600000	2735.67600000	2745.75200000	2762.28200000	2775.87800000	2748.05800000	2759.94200000	2777.34880000	2788.64560000
2864481605.35117054	2807.43400000	2818.89200000	2818.88000000	2827.25200000	2821.22800000	2832.82800000	2784.06600000	2794.46400000	2779.56200000	2791.75400000	2778.09800000	2786.42600000	2754.54400000	2765.74000000	2753.20200000	2762.05800000	2759.81000000	2769.74800000	2790.94800000	2802.37000000	2784.77720000	2795.15320000
2865484949.83277607	2786.59800000	2795.54600000	2798.16800000	2812.27800000	2800.49200000	2811.83000000	2818.18600000	2828.94000000	2762.66600000	2769.63600000	2785.77200000	2793.19400000	2766.98400000	2780.60200000	2771.68800000	2782.62800000	2752.54600000	2763.03200000	2798.32800000	2813.31600000	2784.14280000	2795.10020000
2866488294.31438112	2798.44800000	2807.30200000	2789.74800000	2802.18800000	2803.06400000	2814.41600000	2799.40800000	2812.56600000	2757.51800000	2767.98000000	2778.61000000	2789.07800000	2744.96600000	2751.97000000	2759.00000000	2768.81600000	2755.85600000	2759.72000000	2778.04000000	2792.91400000	2776.46580000	2786.69500000
2867491638.79598665	2812.02600000	2821.12800000	2820.01400000	2830.37600000	2827.99400000	2834.67000000	2785.17600000	2793.61200000	2779.15200000	2787.49000000	2778.52600000	2787.61000000	2755.91400000	2764.76600000	2759.33600000	2766.79800000	2756.50400000	2766.44400000	2794.75400000	2797.97800000	2786.93960000	2795.08720000
2868494983.27759218	2805.13600000	2809.94000000	2819.42000000	2824.37400000	2812.58400000	2814.84200000	2829.05800000	2831.39400000	2771.17000000	2780.97200000	2775.09400000	2781.96000000	2791.45800000	2796.10800000	2761.71800000	2768.80400000	2735.27800000	2740.56800000	2778.23800000	2788.72600000	2787.91540000	2793.76880000
2869498327.75919724	2785.38600000	2789.33800000	2801.24800000	2808.92400000	2786.86800000	2793.77800000	2809.96800000	2821.55400000	2764.26600000	2772.42600000	2761.27400000	2766.62200000	2800.82600000	2807.01800000	2768.92600000	2779.96400000	2800.93800000	2809.31000000	2780.66600000	2788.17800000	2786.03660000	2793.71120000
2870501672.24080276	2790.75800000	2799.84800000	2787.08000000	2795.79800000	2800.65400000	2808.30000000	2797.67800000	2804.26200000	2754.63600000	2760.67800000	2783.20200000	2791.09200000	2762.56000000	2769.22400000	2757.85800000	2764.02200000	2794.82800000	2801.29200000	2786.98000000	2792.97000000	2781.62340000	2788.74860000
2871505016.72240782	2774.97800000	2785.97800000	2801.85800000	2812.54000000	2794.40800000	2799.04000000	2825.79600000	2833.52200000	2763.99000000	2772.68800000	2777.94200000	2784.69200000	2774.02600000	2781.00200000	2771.54600000	2783.07600000	2769.01600000	2777.00400000	2787.07200000	2797.45000000	2784.06320000	2792.69920000
2872508361.20401335	2807.70000000	2811.56800000	2784.82400000	2795.16200000	2802.53400000	2810.67600000	2799.54400000	2801.66400000	2754.83800000	2761.42600000	2774.85600000	2781.69000000	2754.92400000	2765.44800000	2765.98400000	2776.43800000	2779.76600000	2793.05200000	2793.30600000	2793.70600000	2781.82760000	2789.08300000
2873511705.68561888	2785.08200000	2791.12000000	2803.22200000	2810.95600000	2798.51200000	2810.38200000	2814.23000000	2817.74800000	2777.26400000	2782.51000000	2789.33400000	2803.45600000	2787.26000000	2794.50200000	2754.11400000	2762.59400000	2808.86800000	2816.96200000	2794.99800000	2803.19800000	2791.28840000	2799.34280000
2874515050.16722393	2772.94200000	2782.71800000	2809.67200000	2814.71600000	2780.94000000	2791.28200000	2810.19200000	2813.26800000	2764.71000000	2771.99600000	2757.01200000	2764.30600000	2804.30800000	2810.64400000	2767.75200000	2770.85200000	2777.70000000	2791.46200000	2781.58000000	2794.36600000	2782.68080000	2790.56100000
2875518394.64882946	2768.88800000	2779.77800000	2820.96600000	2834.50400000	2793.08200000	2803.35000000	2830.45400000	2837.09200000	2743.82600000	2751.66200000	2760.19400000	2766.20600000	2805.76000000	2816.53000000	2778.17800000	2786.98000000	2764.86200000	2777.38200000	2770.43400000	2781.05400000	2783.66440000	2793.45380000
2876521739.13043499	2779.13000000	2789.67000000	2796.73200000	2802.41200000	2791.43000000	2802.15600000	2819.02000000	2830.81800000	2754.19000000	2764.45800000	2781.90600000	2788.41200000	2765.84400000	2775.71000000	2763.68200000	2776.61400000	2754.65800000	2766.22600000	2796.54600000	2808.21000000	2780.31380000	2790.46860000
2877525083.61204004	2800.98600000	2815.84200000	2782.88400000	2794.93200000	2796.02000000	2808.41200000	2792.05400000	2807.01000000	2751.52600000	2758.48400000	2766.01600000	2786.32800000	2752.42800000	2764.38600000	2762.74800000	2773.52600000	2773.86800000	2786.27600000	2786.39600000	2796.07000000	2776.49260000	2789.12660000
2878528428.09364557	2774.31800000	2783.51200000	2810.88200000	2827.98000000	2779.15800000	2790.92400000	2804.85200000	2814.82200000	2755.61000000	2762.84800000	2764.44400000	2777.93400000	2797.37600000	2808.88600000	2784.69600000	2802.12000000	2754.97600000	2769.30200000	2758.01600000	2771.61600000	2778.43280000	2790.99440000
2879531772.57525063	2772.28000000	2791.54600000	2794.96400000	2806.60400000	2790.85800000	2803.35000000	2827.68000000	2838.16600000	2757.54200000	2769.21800000	2774.29400000	2786.48400000	2764.69400000	2781.80600000	2765.97200000	2778.21600000	2765.81400000	2779.34000000	2789.83000000	2803.56800000	2780.39280000	2793.82980000
2880535117.05685616	2782.13200000	2797.65600000	2793.12600000	2802.60600000	2812.88200000	2825.57600000	2801.76400000	2815.67200000	2758.62600000	2771.69200000	2762.19600000	2780.04200000	2775.74600000	2790.61400000	2760.02200000	2774.05400000	2798.46600000	2814.32200000	2775.73600000	2781.68000000	2782.06960000	2795.39140000
2881538461.53846169	2795.53400000	2809.20000000	2815.41800000	2823.82800000	2801.79000000	2819.56200000	2818.28200000	2835.90000000	2765.23600000	2781.05200000	2765.57800000	2784.27000000	2782.25000000	2795.55400000	2756.06200000	2769.08200000	2731.79600000	2746.94800000	2773.51400000	2788.64200000	2780.54600000	2795.40380000
2882541806.02006674	2803.65400000	2813.15400000	2786.47000000	2801.91000000	2797.30000000	2812.02800000	2799.83600000	2815.10600000	2753.66400000	2768.06600000	2778.84800000	2791.48400000	2744.69800000	2755.86400000	2761.55200000	2776.60800000	2758.48200000	2777.50000000	2783.04400000	2799.11800000	2776.75480000	2791.08380000
2883545150.50167227	2789.61200000	2800.38000000	2812.88800000	2826.02800000	2799.49200000	2812.88400000	2813.38800000	2829.52400000	2773.33400000	2785.21000000	2776.97600000	2790.10200000	2777.43600000	2791.03400000	2759.31800000	2771.49200000	2746.72000000	2758.80400000	2786.06000000	2800.52400000	2783.52240000	2796.59820000
2884548494.98327780	2792.40000000	2805.80600000	2794.38600000	2804.00800000	2792.62000000	2805.34000000	2785.94600000	2800.81200000	2741.00600000	2756.20600000	2769.19400000	2781.43600000	2767.42000000	2776.15400000	2732.79800000	2744.16000000	2766.34200000	2780.82000000	2800.85600000	2815.93400000	2774.29680000	2787.06760000
2885551839.46488285	2786.57400000	2792.76800000	2788.33000000	2804.94400000	2786.56400000	2801.85600000	2808.78600000	2822.32800000	2761.41200000	2767.65200000	2752.53800000	2764.07600000	2796.21400000	2807.13800000	2772.59600000	2786.42000000	2797.47600000	2811.28000000	2777.70800000	2789.27200000	2782.81980000	2794.77340000
2886555183.94648838	2788.30200000	2797.27000000	2798.25600000	2810.15400000	2804.14400000	2814.81600000	2821.32800000	2833.13800000	2767.21800000	2772.77000000	2791.08600000	2805.62400000	2766.77400000	2779.31200000	2762.08600000	2782.86800000	2748.90200000	2764.16600000	2808.05800000	2819.58000000	2785.61540000	2797.96980000
2887558528.42809343	2783.57600000	2794.23200000	2790.13400000	2803.57400000	2800.59400000	2816.09000000	2801.87200000	2813.22600000	2756.94000000	2762.13600000	2765.83600000	2777.32200000	2771.92400000	2781.74800000	2762.61200000	2770.68400000	2794.19800000	2807.14800000	2772.38000000	2779.85200000	2780.00660000	2790.60120000
2888561872.90969896	2782.70600000	2786.15800000	2800.68400000	2807.32600000	2787.01400000	2795.59600000	2815.12800000	2824.47000000	2765.73000000	2773.55000000	2756.77200000	2775.27400000	2798.64600000	2808.16200000	2765.41600000	2775.75600000	2802.75200000	2813.32800000	2779.46200000	2792.92600000	2785.43100000	2795.25460000
2889565217.39130449	2778.42200000	2788.06200000	2819.59200000	2831.58800000	2786.38200000	2792.00800000	2812.32000000	2818.44000000	2748.39400000	2754.81400000	2770.59000000	2780.03400000	2804.52200000	2815.38000000	2795.20000000	2805.51600000	2755.80800000	2766.04600000	2760.27000000	2765.45800000	2783.15000000	2791.73460000
2890568561.87290955	2796.30400000	2805.80800000	2800.78800000	2810.32800000	2812.47800000	2817.43600000	2822.44400000	2832.24400000	2767.80000000	2777.24400000	2794.35600000	2800.05600000	2772.01000000	2781.30600000	2770.68400000	2779.34000000	2754.77400000	2759.37200000	2808.79000000	2823.97400000	2790.04280000	2798.71080000
2891571906.35451508	2813.74200000	2820.06400000	2829.81000000	2838.65000000	2805.12400000	2807.08200000	2822.67800000	2832.49400000	2774.34200000	2780.39200000	2772.78200000	2780.82400000	2786.11000000	2792.45400000	2761.84600000	2771.65200000	2728.88800000	2739.83600000	2775.80600000	2785.34800000	2787.11280000	2794.87960000
2892575250.83612061	2809.04200000	2819.74800000	2819.67400000	2824.61400000	2827.13200000	2835.16000000	2794.74400000	2791.49400000	2777.73600000	2785.08000000	2779.06400000	2781.77400000	2755.67000000	2758.47400000	2761.09000000	2766.16200000	2755.31800000	2765.85000000	2791.67800000	2797.89200000	2787.11480000	2792.62480000
2893578595.31772566	2826.28600000	2827.70600000	2818.65800000	2823.60400000	2802.25400000	2804.91400000	2798.79000000	2800.36400000	2779.47000000	2778.05400000	2777.61800000	2787.97400000	2765.18200000	2772.14200000	2749.77600000	2755.90800000	2784.42200000	2786.70800000	2778.06200000	2784.35200000	2788.05180000	2792.17260000
2894581939.79933119	2785.45000000	2782.68000000	2820.79600000	2821.79800000	2787.17200000	2791.23200000	2815.15000000	2822.71400000	2761.45400000	2768.52800000	2775.11000000	2778.10200000	2806.21200000	2805.84800000	2793.36800000	2795.98800000	2766.02000000	2765.33800000	2775.47400000	2779.96400000	2788.62060000	2791.21920000
2895585284.28093624	2787.01800000	2792.62400000	2825.98000000	2828.08600000	2795.72000000	2804.33600000	2828.19000000	2836.24000000	2772.96600000	2773.91800000	2789.83800000	2795.31800000	2792.41800000	2794.56000000	2779.04600000	2781.58400000	2776.81800000	2781.94200000	2795.07400000	2799.91600000	2794.30680000	2798.85240000
2896588628.76254177	2824.05000000	2832.13400000	2819.53000000	2824.54800000	2800.97600000	2804.76000000	2801.98000000	2799.69200000	2782.46600000	2782.88000000	2781.78800000	2785.22400000	2774.50000000	2772.72800000	2753.61800000	2758.60600000	2786.92600000	2783.54000000	2786.73600000	2782.18800000	2791.25700000	2792.63000000
2897591973.24414730	2815.45600000	2812.82400000	2796.07000000	2798.81200000	2817.43400000	2822.44200000	2808.07200000	2812.65400000	2761.16000000	2765.33600000	2794.59200000	2792.57600000	2765.16600000	2767.81600000	2778.45000000	2779.68800000	2806.80200000	2815.27800000	2780.55200000	2783.03000000	2792.37540000	2795.04560000
2898595317.72575235	2790.23000000	2788.96600000	2810.63400000	2809.19000000	2801.53000000	2801.96200000	2818.12800000	2819.62800000	2777.44000000	2773.19800000	2802.98400000	2801.72400000	2797.03400000	2796.17400000	2754.89000000	2754.68600000	2809.95400000	2811.45400000	2807.56800000	2807.37400000	2797.03920000	2796.43560000
2899598662.20735788	2857.93400000	2858.36400000	2816.10200000	2821.05600000	2817.03200000	2824.70400000	2790.82200000	2788.35600000	2777.81400000	2780.30400000	2785.84200000	2788.75600000	2780.93800000	2778.61600000	2745.75800000	2752.53800000	2781.49200000	2782.00600000	2760.84400000	2764.57800000	2791.45780000	2793.92780000
2900602006.68896341	2815.17600000	2816.12400000	2833.81000000	2831.33400000	2812.24600000	2808.60200000	2826.68600000	2828.02000000	2779.12000000	2779.25200000	2778.88200000	2776.84400000	2797.76800000	2799.97600000	2773.53000000	2775.96000000	2738.82800000	2739.79600000	2785.98200000	2784.86600000	2794.20280000	2794.07740000
2901605351.17056847	2804.90400000	2810.83000000	2811.49600000	2804.84800000	2812.45800000	2809.82600000	2794.53600000	2799.96000000	2759.33800000	2766.36200000	2780.55200000	2785.42000000	2780.54200000	2777.80800000	2744.85800000	2748.44600000	2779.81400000	2782.41200000	2821.48800000	2822.59800000	2788.99860000	2790.85100000
2902608695.65217400	2787.45800000	2790.45400000	2801.93000000	2808.85000000	2801.62600000	2801.90200000	2824.20600000	2822.04200000	2765.66400000	2764.88600000	2793.04600000	2796.51000000	2769.80000000	2773.70600000	2775.31800000	2774.27200000	2758.38600000	2758.72200000	2805.70000000	2807.11200000	2788.31340000	2789.84560000
2903612040.13377905	2787.59600000	2786.79600000	2802.17400000	2805.35000000	2810.10000000	2806.80200000	2805.15400000	2806.73600000	2755.03600000	2757.14200000	2789.06200000	2788.88400000	2788.98400000	2786.52200000	2745.19000000	2750.37000000	2784.27400000	2786.52800000	2812.57600000	2813.49000000	2788.01460000	2788.86200000
2904615384.61538458	2783.77200000	2786.09200000	2835.86200000	2834.69000000	2799.17200000	2796.15800000	2825.76000000	2820.56800000	2756.24000000	2761.06400000	2776.57000000	2773.29000000	2816.21800000	2821.43800000	2798.32600000	2802.77200000	2761.79800000	2767.01200000	2777.84200000	2775.00000000	2793.15600000	2793.80840000
2905618729.09699011	2811.89600000	2813.89000000	2807.00400000	2804.53400000	2828.07800000	2826.52200000	2810.40600000	2809.34000000	2769.35800000	2767.34600000	2801.10400000	2797.54400000	2753.55000000	2758.37200000	2784.61600000	2778.78800000	2759.82400000	2760.65800000	2797.59800000	2797.79200000	2792.34340000	2791.47860000
2906622073.57859516	2788.73400000	2792.18400000	2814.27000000	2812.98000000	2789.83600000	2795.44200000	2817.35400000	2817.00800000	2774.20600000	2770.90800000	2768.25000000	2767.00200000	2808.02200000	2806.32800000	2769.36200000	2770.04400000	2804.79600000	2810.97200000	2788.08200000	2785.24000000	2792.29120000	2792.81080000
2907625418.06020069	2821.08800000	2816.09200000	2836.56000000	2834.91800000	2812.95000000	2812.70200000	2831.78000000	2840.20600000	2784.73600000	2785.14000000	2784.89600000	2781.77600000	2805.45800000	2801.50600000	2773.54600000	2774.45000000	2744.07000000	2738.53400000	2787.02400000	2794.38600000	2798.21080000	2797.97100000
2908628762.54180622	2820.56200000	2822.81400000	2825.85600000	2828.56400000	2828.70200000	2832.55000000	2794.78800000	2793.26000000	2794.27600000	2790.39800000	2782.42400000	2783.02400000	2764.43200000	2764.15800000	2768.09000000	2763.66600000	2773.87000000	2779.57000000	2800.82000000	2801.92800000	2795.38200000	2795.99320000
2909632107.02341127	2790.18800000	2788.10000000	2825.19400000	2826.73800000	2794.81800000	2797.33200000	2834.03600000	2834.97600000	2780.51000000	2776.31600000	2789.07200000	2787.39600000	2800.06200000	2800.68800000	2786.52200000	2786.59600000	2775.86200000	2774.81200000	2800.41200000	2804.17200000	2797.66760000	2797.71260000
2910635451.50501680	2813.96000000	2810.02200000	2793.10000000	2792.28800000	2809.41600000	2807.60200000	2803.61400000	2803.17800000	2759.82400000	2758.54200000	2777.28200000	2773.46800000	2764.13000000	2761.45600000	2777.25400000	2775.00600000	2787.81200000	2789.29800000	2791.45600000	2790.05600000	2787.78480000	2786.09160000
2911638795.98662186	2792.72800000	2789.65600000	2807.32200000	2807.61000000	2812.98000000	2813.80600000	2809.42200000	2809.42200000	2761.22200000	2757.85600000	2795.58400000	2791.08200000	2791.83000000	2791.27400000	2746.45200000	2746.19000000	2789.00200000	2788.34000000	2822.61800000	2817.73400000	2792.91600000	2791.29700000
2912642140.46822739	2776.02600000	2780.32800000	2821.39000000	2819.61000000	2792.56400000	2788.52400000	2823.68400000	2826.86800000	2770.57400000	2769.49000000	2768.11400000	2763.29800000	2817.04800000	2816.36400000	2786.42200000	2791.26400000	2805.20600000	2801.48000000	2794.02600000	2791.79200000	2795.50540000	2794.90180000
2913645484.94983292	2812.57200000	2810.89600000	2808.77400000	2803.32200000	2828.02000000	2827.31800000	2809.67400000	2805.78600000	2770.57600000	2771.42600000	2795.37800000	2795.91600000	2757.49800000	2758.72200000	2783.61400000	2777.97400000	2759.51200000	2762.93600000	2798.52400000	2796.00200000	2792.41420000	2791.02980000
2914648829.43143797	2778.10200000	2774.77400000	2823.57600000	2814.16000000	2803.79000000	2805.42600000	2828.36200000	2828.72600000	2765.71400000	2764.91800000	2767.36400000	2762.57400000	2825.58200000	2825.77800000	2809.32800000	2802.58000000	2803.98600000	2801.12400000	2803.40000000	2804.63400000	2800.92040000	2798.46940000
2915652173.91304350	2815.45600000	2814.18200000	2800.75200000	2801.75000000	2819.77000000	2812.04800000	2818.80600000	2817.29600000	2770.77800000	2770.97800000	2789.32800000	2794.53600000	2763.68800000	2762.07000000	2773.48600000	2776.45000000	2777.08400000	2777.49000000	2798.33600000	2794.63200000	2792.74840000	2792.14320000
2916655518.39464903	2825.25000000	2820.86200000	2831.11600000	2825.80400000	2823.60200000	2821.89600000	2798.74000000	2795.44800000	2784.15400000	2784.82800000	2780.87200000	2777.27800000	2757.95600000	2761.43800000	2763.79200000	2764.57800000	2780.08000000	2775.81600000	2802.24000000	2795.31400000	2794.78020000	2792.32620000
2917658862.87625408	2809.61800000	2806.46200000	2833.05800000	2831.32600000	2823.73200000	2824.92800000	2838.25400000	2839.45800000	2787.56200000	2780.31400000	2790.78600000	2789.73800000	2799.27200000	2799.45200000	2778.90200000	2775.23600000	2751.71600000	2749.95800000	2792.29800000	2794.45200000	2800.51980000	2799.13240000
2918662207.35785961	2793.45000000	2792.95200000	2808.53800000	2806.45400000	2799.87000000	2800.21000000	2831.46800000	2826.86200000	2765.65400000	2762.77200000	2791.54000000	2789.59800000	2775.29400000	2774.23600000	2782.14200000	2779.54800000	2764.26000000	2767.12000000	2810.41400000	2811.05800000	2792.26300000	2791.08100000
2919665551.83946514	2812.92000000	2810.22000000	2805.79200000	2806.91200000	2832.98600000	2829.16000000	2811.10000000	2812.06600000	2772.19600000	2769.96400000	2800.05200000	2794.77400000	2757.85600000	2758.41800000	2782.98600000	2783.82800000	2762.63000000	2758.23000000	2800.05400000	2795.14000000	2793.85720000	2791.87120000
2920668896.32107019	2786.28800000	2786.27400000	2842.14000000	2839.32000000	2805.03000000	2804.04200000	2839.11800000	2831.97400000	2754.21600000	2754.88400000	2775.57600000	2774.21000000	2823.56000000	2823.59000000	2799.90400000	2800.84600000	2779.63600000	2769.35600000	2791.58800000	2789.75000000	2799.70560000	2797.42460000
2921672240.80267572	2831.38400000	2830.17600000	2816.57400000	2820.80000000	2803.52200000	2801.36200000	2792.81200000	2792.80600000	2782.11000000	2783.27600000	2789.42800000	2786.10600000	2785.42800000	2777.39600000	2756.35400000	2755.58200000	2780.41400000	2776.55800000	2767.42600000	2770.21800000	2790.54520000	2789.42800000
2922675585.28428078	2823.70600000	2823.27000000	2820.33200000	2819.19000000	2815.33200000	2809.31200000	2801.52800000	2797.93200000	2778.64600000	2778.64400000	2780.73400000	2773.87200000	2762.02200000	2760.49200000	2755.03200000	2753.99400000	2782.92800000	2781.41200000	2790.21800000	2794.17000000	2791.04780000	2789.22880000
2923678929.76588631	2780.30000000	2780.43800000	2821.97800000	2819.47400000	2794.48600000	2787.64400000	2823.93400000	2822.80400000	2773.01600000	2771.30200000	2762.37400000	2764.77000000	2806.22000000	2806.37800000	2775.40600000	2777.16200000	2791.37600000	2792.68800000	2784.60200000	2787.07400000	2791.36920000	2790.97340000
2924682274.24749184	2793.69400000	2791.70600000	2819.97200000	2818.40600000	2802.76400000	2804.54400000	2840.07600000	2836.35600000	2781.19400000	2777.40000000	2794.38000000	2793.35200000	2788.62000000	2791.34400000	2789.35800000	2783.38800000	2782.41600000	2782.29800000	2803.63000000	2804.96400000	2799.61040000	2798.37580000
2925685618.72909689	2805.85200000	2805.94600000	2806.92800000	2804.29800000	2813.26600000	2810.74400000	2824.92000000	2824.32000000	2773.51200000	2775.64800000	2778.78400000	2777.77200000	2803.22200000	2803.59000000	2782.08000000	2782.12800000	2818.17800000	2819.55000000	2789.97000000	2791.12600000	2799.67120000	2799.51220000
2926688963.21070242	2816.15400000	2816.18400000	2794.90800000	2791.22600000	2811.23800000	2811.59200000	2810.33000000	2804.48800000	2769.48000000	2764.42200000	2787.45200000	2785.88400000	2769.76400000	2768.80600000	2772.54800000	2773.79800000	2784.84800000	2788.26800000	2796.31600000	2798.56000000	2791.30380000	2790.32280000
2927692307.69230747	2774.62200000	2774.62400000	2813.32600000	2813.27600000	2813.85600000	2812.61200000	2832.69000000	2833.53200000	2755.41600000	2751.43200000	2764.94000000	2765.92400000	2829.56000000	2826.76000000	2806.18400000	2806.52600000	2791.98800000	2787.16200000	2804.88200000	2798.42200000	2798.74640000	2797.02700000
2928695652.17391300	2824.18200000	2824.68000000	2827.90400000	2830.73600000	2834.82400000	2834.08600000	2810.68800000	2813.15000000	2788.74200000	2784.89600000	2793.76400000	2794.47200000	2762.26200000	2763.71600000	2778.35800000	2781.83000000	2757.87200000	2759.08600000	2801.06200000	2797.20800000	2797.96580000	2798.38600000
2929698996.65551853	2800.61800000	2796.03600000	2806.41000000	2810.67400000	2803.51200000	2803.04200000	2827.47600000	2824.02000000	2779.61200000	2773.16000000	2772.90600000	2770.50600000	2811.41000000	2814.71400000	2786.32600000	2783.16000000	2816.02200000	2817.83800000	2796.14600000	2790.76000000	2800.04380000	2798.39100000
2930702341.13712358	2788.63600000	2791.50400000	2817.98800000	2815.73000000	2799.72800000	2798.49000000	2821.51200000	2817.37000000	2778.79400000	2779.21200000	2766.92400000	2767.03600000	2805.10000000	2808.14800000	2775.20000000	2777.87600000	2808.19800000	2809.42800000	2789.09000000	2791.60800000	2795.11700000	2795.64020000
2931705685.61872911	2790.11200000	2791.24800000	2826.05200000	2824.28800000	2798.52200000	2792.75400000	2824.44800000	2822.67400000	2768.76600000	2770.05800000	2780.39200000	2781.48200000	2813.24200000	2808.04400000	2803.10000000	2793.69800000	2773.23200000	2774.65000000	2780.61600000	2777.76400000	2795.84820000	2793.66600000
2932709030.10033464	2786.36800000	2786.98200000	2843.47600000	2835.63800000	2804.03000000	2804.76200000	2834.07600000	2832.98000000	2756.01800000	2750.31000000	2775.27200000	2773.84200000	2827.57000000	2827.71200000	2804.86000000	2802.69200000	2773.40600000	2773.59800000	2785.96200000	2789.36200000	2799.10380000	2797.78780000
2933712374.58193970	2846.15800000	2844.07400000	2819.18600000	2816.03600000	2829.30600000	2828.08800000	2787.08800000	2790.14200000	2786.28600000	2782.20400000	2794.15400000	2792.68800000	2772.21600000	2773.72600000	2752.33800000	2750.13800000	2783.99600000	2778.43400000	2765.48200000	2767.99200000	2793.62100000	2792.35220000
2934715719.06354523	2813.32600000	2812.46600000	2797.53800000	2786.62600000	2813.21400000	2810.75400000	2810.77200000	2804.83200000	2759.25800000	2756.34400000	2790.18800000	2788.90800000	2764.53400000	2760.75000000	2783.04400000	2786.01400000	2799.82200000	2800.76800000	2787.67800000	2786.36000000	2791.93740000	2789.38220000
2935719063.54515076	2790.55800000	2794.88200000	2809.00000000	2806.13400000	2805.81000000	2802.62400000	2833.15400000	2835.16000000	2763.79400000	2763.46400000	2793.22800000	2787.53600000	2781.07000000	2778.40400000	2783.30200000	2779.31800000	2773.46200000	2767.66400000	2811.30400000	2806.65400000	2794.46820000	2792.18400000
2936722408.02675581	2792.95600000	2791.97200000	2824.99000000	2822.27600000	2803.36400000	2806.85600000	2839.57200000	2837.54000000	2781.03200000	2781.31600000	2797.26400000	2800.73400000	2788.41000000	2790.37200000	2785.08000000	2783.47600000	2785.30200000	2782.86600000	2809.60000000	2804.72600000	2800.75700000	2800.21340000
2937725752.50836134	2790.62800000	2788.78600000	2826.44200000	2825.38200000	2799.16200000	2798.07200000	2834.31000000	2833.17800000	2779.62600000	2774.28000000	2801.13800000	2798.60600000	2798.14800000	2794.43400000	2783.09800000	2783.28000000	2786.50400000	2779.60200000	2802.95400000	2798.58000000	2800.20100000	2797.42000000
2938729096.98996639	2808.01200000	2807.99400000	2817.48800000	2818.00800000	2828.01200000	2823.29800000	2845.61200000	2842.26000000	2792.41200000	2791.87600000	2811.05800000	2805.60800000	2786.72200000	2791.21400000	2780.81800000	2780.72600000	2765.85800000	2766.66200000	2821.33800000	2820.62600000	2805.73300000	2804.82720000
2939732441.47157192	2804.78800000	2801.02000000	2804.07600000	2802.75600000	2808.05600000	2805.78000000	2798.19200000	2795.10200000	2758.20400000	2757.37600000	2787.27600000	2788.91200000	2777.60800000	2780.49200000	2748.89200000	2748.95800000	2779.14000000	2781.78000000	2818.42000000	2818.89600000	2788.46520000	2788.10720000
2940735785.95317745	2775.05800000	2774.52400000	2818.83400000	2817.71000000	2805.94000000	2801.88600000	2838.72000000	2838.62000000	2749.83600000	2749.22200000	2773.65600000	2769.43000000	2820.61200000	2822.77600000	2802.20600000	2799.60200000	2789.58000000	2791.03200000	2794.75000000	2795.17400000	2796.91920000	2795.99760000
2941739130.43478251	2789.12800000	2786.34000000	2823.49400000	2825.77000000	2793.14600000	2789.05400000	2825.85000000	2823.33400000	2778.77800000	2772.11400000	2776.75600000	2767.50400000	2808.60200000	2808.50400000	2777.07400000	2778.42200000	2799.31400000	2794.02800000	2787.21000000	2785.11200000	2795.93520000	2793.01820000
2942742474.91638803	2815.75000000	2811.02600000	2811.28800000	2803.97200000	2828.89200000	2834.44400000	2814.79600000	2813.27600000	2772.22000000	2775.55200000	2798.15200000	2796.83000000	2761.52800000	2759.95600000	2784.35600000	2786.92000000	2762.30600000	2758.22800000	2797.16200000	2793.90000000	2794.64500000	2793.41040000
2943745819.39799309	2807.87400000	2804.37200000	2791.52600000	2791.32200000	2808.45600000	2807.38000000	2803.27800000	2805.00400000	2753.70000000	2758.58200000	2786.31200000	2784.41000000	2757.45600000	2752.19600000	2778.89600000	2778.78200000	2802.81800000	2795.71600000	2784.28600000	2782.31600000	2787.46020000	2786.00800000
2944749163.87959862	2821.09200000	2815.18000000	2800.99600000	2798.27800000	2813.23600000	2808.38800000	2817.58400000	2815.90400000	2768.15400000	2768.15200000	2794.82800000	2788.39600000	2769.82000000	2767.29600000	2777.37600000	2775.04800000	2786.41800000	2786.13800000	2804.02000000	2799.22000000	2795.35240000	2792.20000000
2945752508.36120415	2799.87600000	2800.77400000	2804.44000000	2802.30000000	2822.49000000	2822.15800000	2816.43400000	2811.98600000	2774.45600000	2773.54600000	2781.14200000	2778.16200000	2789.56200000	2788.46600000	2781.06200000	2776.01200000	2819.72600000	2817.09200000	2795.25000000	2791.63200000	2798.44380000	2796.21280000
2946755852.84280920	2800.24800000	2797.30000000	2803.08200000	2800.89400000	2808.61600000	2806.54600000	2826.69400000	2826.23200000	2775.36800000	2769.54400000	2776.49000000	2779.94400000	2809.96800000	2807.17400000	2788.37800000	2783.93200000	2814.94200000	2813.76600000	2788.93200000	2787.23400000	2799.27180000	2797.25660000
2947759197.32441473	2784.31200000	2787.73400000	2826.91600000	2825.32400000	2797.04800000	2795.76200000	2831.87200000	2828.11600000	2782.83200000	2781.88400000	2765.87400000	2766.90600000	2821.35200000	2818.75800000	2787.90600000	2791.60400000	2799.14800000	2803.78200000	2804.56400000	2798.98200000	2800.18240000	2799.88520000
2948762541.80602026	2795.20800000	2793.12000000	2811.29000000	2808.34400000	2809.65600000	2812.07800000	2834.07600000	2832.31600000	2773.47800000	2770.11200000	2796.47600000	2793.43400000	2776.30000000	2777.11400000	2784.17200000	2785.54000000	2759.28000000	2760.31400000	2818.07800000	2815.86000000	2795.80140000	2794.82320000
2949765886.28762531	2831.96800000	2830.92800000	2819.24200000	2823.27400000	2810.71200000	2808.39400000	2798.46200000	2798.85400000	2793.27600000	2783.94600000	2791.78000000	2789.71800000	2786.47400000	2784.76000000	2763.82800000	2759.24200000	2779.33200000	2777.81200000	2773.55800000	2775.32800000	2794.86320000	2793.22560000
2950769230.76923084	2850.99800000	2845.41000000	2828.00400000	2821.36600000	2823.17600000	2817.87600000	2786.42400000	2786.60600000	2776.87800000	2775.67400000	2784.08600000	2784.55400000	2786.56200000	2783.32000000	2752.04000000	2750.57800000	2775.65800000	2779.90600000	2766.43200000	2769.69400000	2793.02580000	2791.49840000
2951772575.25083637	2821.66800000	2816.98600000	2825.87000000	2823.72000000	2830.59000000	2829.54400000	2807.87000000	2805.89800000	2780.06600000	2776.90600000	2793.91200000	2789.41600000	2765.79400000	2763.87400000	2776.87400000	2771.91400000	2756.94000000	2754.06000000	2792.15600000	2792.29000000	2795.17400000	2792.46080000
2952775919.73244143	2776.28400000	2772.75600000	2819.71600000	2817.10800000	2813.81800000	2811.69400000	2830.81800000	2829.46600000	2763.89600000	2763.18600000	2769.34400000	2767.72800000	2825.42400000	2823.41200000	2811.39800000	2811.69800000	2795.08200000	2794.77000000	2799.61800000	2798.36800000	2800.53980000	2799.01860000
2953779264.21404696	2792.86000000	2788.25200000	2810.62800000	2814.48400000	2807.26000000	2802.79800000	2841.24800000	2838.11400000	2771.37600000	2762.56200000	2792.93400000	2794.86400000	2788.25200000	2786.90400000	2784.86400000	2788.60200000	2774.17400000	2771.02400000	2810.65400000	2810.64400000	2797.42500000	2795.82480000
2954782608.69565201	2790.01000000	2786.48200000	2807.26400000	2811.81800000	2811.28000000	2808.83000000	2806.83600000	2803.51600000	2758.19400000	2756.17400000	2801.93400000	2801.62800000	2805.45000000	2800.89400000	2746.53800000	2747.96400000	2796.46000000	2794.48200000	2816.52200000	2818.76400000	2794.04880000	2793.05520000
2955785953.17725754	2833.36600000	2833.31200000	2828.28000000	2824.26800000	2814.10000000	2810.21600000	2802.17000000	2797.08400000	2790.15600000	2789.58200000	2796.41200000	2789.39200000	2788.06000000	2790.65400000	2767.33400000	2765.88800000	2782.64200000	2782.11800000	2774.79000000	2775.67800000	2797.73100000	2795.81920000
2956789297.65886307	2799.73600000	2796.15600000	2810.91200000	2807.98200000	2812.53200000	2823.53000000	2832.62200000	2831.64600000	2780.00600000	2777.20000000	2800.55000000	2804.59200000	2780.04200000	2778.68200000	2777.14200000	2777.12400000	2761.74400000	2758.57200000	2820.32000000	2819.11200000	2797.56060000	2797.45960000
2957792642.14046812	2785.32000000	2783.76800000	2810.38200000	2807.31000000	2802.61000000	2806.51800000	2842.36600000	2841.10800000	2773.25800000	2766.91000000	2790.12800000	2787.28000000	2781.80200000	2780.06800000	2782.25000000	2780.32400000	2776.38000000	2777.73000000	2802.76400000	2807.17000000	2794.72600000	2793.81860000
2958795986.62207365	2804.48000000	2809.26000000	2801.30000000	2801.13000000	2812.28200000	2810.08400000	2803.75000000	2807.95400000	2773.64000000	2764.59800000	2800.03800000	2793.04000000	2775.51200000	2779.16400000	2764.08800000	2762.66200000	2806.57600000	2806.78200000	2806.51800000	2808.81600000	2794.81840000	2794.34900000
2959799331.10367870	2776.42600000	2775.32200000	2824.87400000	2823.49800000	2811.86800000	2811.89000000	2833.85600000	2831.96800000	2766.21800000	2771.04000000	2774.72000000	2773.10000000	2829.56800000	2826.67000000	2813.55400000	2811.35400000	2805.30200000	2801.07000000	2806.07600000	2807.30800000	2804.24620000	2803.32200000
2960802675.58528423	2864.81400000	2861.00400000	2821.93800000	2820.73000000	2822.14600000	2817.56400000	2791.93400000	2786.02200000	2779.54200000	2779.84000000	2790.24000000	2787.68400000	2784.80400000	2783.02000000	2754.27800000	2750.67200000	2781.54400000	2780.87000000	2769.85400000	2764.53400000	2796.10940000	2793.19400000
2961806020.06688976	2796.63800000	2791.08800000	2808.32200000	2809.27200000	2802.88400000	2795.50200000	2830.16000000	2822.44800000	2775.29200000	2774.14400000	2772.40400000	2767.43800000	2819.35200000	2813.50600000	2776.37800000	2775.75000000	2817.55200000	2816.04800000	2794.70000000	2795.97000000	2799.36820000	2796.11660000
2962809364.54849482	2811.57400000	2813.40400000	2823.32000000	2822.73600000	2832.26400000	2824.70000000	2810.12000000	2806.72400000	2778.25800000	2781.23800000	2791.19200000	2789.84600000	2763.96400000	2759.49000000	2776.59400000	2775.86600000	2757.72600000	2761.56600000	2791.90400000	2791.95400000	2793.69160000	2792.75240000
2963812709.03010035	2794.15800000	2796.36600000	2818.94000000	2815.21200000	2814.89800000	2817.03200000	2824.57600000	2824.38800000	2777.07400000	2775.27600000	2794.10800000	2794.32200000	2798.24000000	2802.55000000	2772.67400000	2771.75400000	2830.71600000	2824.55600000	2800.92000000	2799.55000000	2802.63040000	2802.10060000
2964816053.51170588	2783.31000000	2775.64000000	2840.78400000	2835.62200000	2800.74600000	2798.04400000	2826.21200000	2823.70600000	2757.41400000	2750.26200000	2774.59600000	2772.77200000	2823.73400000	2822.33200000	2803.84200000	2799.37400000	2770.54000000	2765.19000000	2779.94000000	2778.22000000	2796.11180000	2792.11620000
2965819397.99331093	2812.45200000	2806.17400000	2827.74000000	2824.98200000	2819.91200000	2819.96200000	2835.17800000	2832.64800000	2785.78200000	2782.01600000	2789.21200000	2788.74200000	2791.27200000	2789.60000000	2775.28200000	2772.67800000	2755.05200000	2756.13800000	2797.10800000	2800.20400000	2798.89900000	2797.31440000
2966822742.47491646	2790.17400000	2789.33200000	2809.16200000	2808.64600000	2809.31400000	2808.81600000	2817.34200000	2813.10000000	2761.87800000	2759.24000000	2801.90800000	2796.13400000	2801.56000000	2790.30800000	2751.33200000	2747.97200000	2793.85600000	2791.35800000	2813.08600000	2808.60200000	2794.96120000	2791.35080000
2967826086.95652199	2771.99600000	2767.34000000	2819.03600000	2817.37800000	2818.74000000	2816.70600000	2830.88600000	2825.27600000	2765.39600000	2760.51800000	2769.64600000	2767.20800000	2827.85400000	2828.31400000	2810.62600000	2808.86200000	2795.36000000	2790.22400000	2801.61600000	2797.77000000	2801.11560000	2797.95960000
2968829431.43812704	2828.31600000	2825.13000000	2832.32600000	2829.28200000	2846.38600000	2840.29400000	2815.92200000	2815.26800000	2795.13800000	2789.53400000	2797.86600000	2798.26200000	2764.03800000	2764.92800000	2779.08400000	2778.17800000	2766.66200000	2763.84000000	2802.20000000	2798.61600000	2802.79380000	2800.33320000
2969832775.91973257	2857.15800000	2856.21400000	2821.66600000	2818.69600000	2823.12800000	2817.70600000	2784.35200000	2783.55400000	2779.39400000	2776.74400000	2791.20000000	2785.58200000	2778.76800000	2780.60200000	2753.53800000	2750.94400000	2777.74800000	2775.50800000	2762.45000000	2760.39400000	2792.94020000	2790.59440000
2970836120.40133762	2818.64400000	2816.08600000	2799.50600000	2799.67600000	2819.84200000	2816.08200000	2809.23000000	2808.00800000	2765.62400000	2764.89800000	2796.06600000	2796.56800000	2774.12800000	2766.99400000	2786.06600000	2787.55600000	2811.89600000	2809.08800000	2790.28400000	2788.83200000	2797.12860000	2795.37880000
2971839464.88294315	2810.30000000	2806.08400000	2828.28200000	2828.28600000	2819.48800000	2816.77400000	2830.18400000	2831.48400000	2785.42800000	2788.39800000	2793.35400000	2787.24400000	2793.91600000	2786.80000000	2778.49800000	2776.43200000	2760.96000000	2756.19600000	2805.04200000	2803.51000000	2800.54520000	2798.12080000
2972842809.36454868	2832.13200000	2833.18400000	2822.37400000	2819.95600000	2814.11400000	2805.76200000	2800.63600000	2803.98600000	2785.23000000	2787.84000000	2787.01600000	2786.63800000	2774.64000000	2770.14400000	2759.49400000	2757.43600000	2791.28400000	2787.21600000	2788.80800000	2783.87400000	2795.57280000	2793.60360000
2973846153.84615374	2790.54200000	2787.97200000	2813.08800000	2809.12600000	2806.51400000	2807.70200000	2803.20000000	2802.10600000	2765.12800000	2761.70000000	2808.34000000	2804.29000000	2803.75200000	2803.86000000	2746.49800000	2745.14400000	2800.18200000	2796.63000000	2821.78200000	2820.99000000	2795.90260000	2793.95200000
2974849498.32775927	2809.15000000	2802.11200000	2801.03200000	2797.91400000	2809.55600000	2809.05800000	2806.00600000	2800.98800000	2762.31400000	2757.96000000	2796.64000000	2794.06600000	2776.17600000	2780.55600000	2759.60600000	2760.59600000	2807.88800000	2802.17800000	2808.64400000	2808.43000000	2793.70120000	2791.38580000
2975852842.80936432	2786.23000000	2784.66800000	2818.41400000	2818.16000000	2790.76800000	2791.17600000	2814.10000000	2816.48000000	2778.84000000	2775.88400000	2768.57400000	2764.39400000	2811.83400000	2816.23400000	2779.25600000	2776.93400000	2805.85200000	2801.96400000	2789.64800000	2785.56400000	2794.35160000	2793.14580000
2976856187.29096985	2795.76800000	2792.51200000	2815.33200000	2813.37800000	2812.32600000	2814.14200000	2811.20600000	2810.23400000	2761.27600000	2760.90600000	2806.90800000	2805.13800000	2806.21400000	2806.49600000	2752.03600000	2747.90400000	2796.15200000	2795.46800000	2824.68200000	2822.47600000	2798.19000000	2796.86540000
2977859531.77257538	2816.61800000	2820.40400000	2826.52400000	2825.22800000	2823.81600000	2823.32800000	2792.46200000	2792.16000000	2784.31200000	2779.88600000	2779.29000000	2775.77800000	2761.07400000	2761.17800000	2759.16600000	2756.72800000	2777.27400000	2774.68800000	2794.08000000	2795.19600000	2791.46160000	2790.45740000
2978862876.25418043	2798.94200000	2791.98600000	2799.25200000	2799.43600000	2802.90200000	2801.83600000	2823.56600000	2827.31600000	2774.12800000	2772.41800000	2772.87200000	2774.30000000	2807.68600000	2805.81200000	2784.60400000	2780.23600000	2812.35800000	2810.93200000	2786.70200000	2787.41000000	2796.30120000	2795.16820000
2979866220.73578596	2809.65600000	2806.23800000	2805.17000000	2807.88200000	2825.75800000	2821.77800000	2812.78200000	2805.60600000	2774.89200000	2766.44600000	2791.50400000	2790.19600000	2754.36400000	2755.32600000	2778.11600000	2775.30600000	2756.83600000	2761.21600000	2795.66000000	2791.91000000	2790.47380000	2788.19040000
2980869565.21739149	2822.61200000	2817.19400000	2800.96000000	2799.16000000	2823.97800000	2819.34400000	2808.41800000	2808.44000000	2767.42600000	2767.09000000	2793.30400000	2791.03600000	2766.39600000	2763.03800000	2784.61000000	2785.71800000	2811.26200000	2807.73000000	2780.27400000	2776.94200000	2795.92400000	2793.56920000
2981872909.69899654	2832.29000000	2830.77200000	2836.03200000	2833.11600000	2843.62200000	2842.69400000	2817.84400000	2813.50200000	2791.94200000	2786.76000000	2799.07400000	2798.59600000	2766.50800000	2766.50000000	2780.96800000	2784.23200000	2764.63600000	2762.87400000	2808.34200000	2808.52000000	2804.12580000	2802.75660000
2982876254.18060207	2797.10200000	2794.43600000	2813.13000000	2807.92800000	2793.09200000	2792.45600000	2823.91200000	2820.42600000	2776.79600000	2774.48600000	2772.67800000	2771.61200000	2810.02400000	2806.02000000	2775.06600000	2773.99400000	2811.20000000	2810.74200000	2792.21400000	2791.35400000	2796.52140000	2794.34540000
2983879598.66220760	2827.40000000	2832.68600000	2832.44200000	2826.74200000	2808.96600000	2806.09200000	2803.68800000	2800.27000000	2787.75800000	2785.96800000	2793.38800000	2792.65000000	2782.23600000	2776.30600000	2760.73200000	2760.48800000	2787.69400000	2782.07000000	2785.67000000	2783.18400000	2796.99740000	2794.64560000
2984882943.14381266	2837.70000000	2836.00200000	2826.15000000	2826.81000000	2817.22000000	2819.46200000	2797.85200000	2798.76600000	2788.81800000	2783.93400000	2783.40800000	2783.48600000	2793.09600000	2793.67800000	2764.35400000	2760.39600000	2782.34400000	2778.43400000	2773.96200000	2775.58000000	2796.49040000	2795.65480000
2985886287.62541819	2807.44400000	2802.34000000	2805.68800000	2806.33800000	2809.30400000	2804.93200000	2799.87800000	2797.67800000	2756.70800000	2756.27200000	2792.29000000	2787.12200000	2785.33200000	2779.50200000	2752.91800000	2752.75600000	2796.22800000	2791.44400000	2824.15600000	2816.21200000	2792.99460000	2789.45960000
2986889632.10702324	2789.32600000	2790.22600000	2808.81200000	2808.28200000	2795.58800000	2793.11400000	2824.20200000	2820.65800000	2773.83600000	2767.30000000	2771.73800000	2768.26400000	2814.19600000	2813.30000000	2780.25600000	2778.37000000	2816.86000000	2813.74600000	2790.78200000	2784.77600000	2796.55960000	2793.80360000
2987892976.58862877	2809.89800000	2807.60800000	2820.87600000	2818.35800000	2821.43200000	2819.86000000	2838.39400000	2834.31800000	2789.17000000	2788.33200000	2800.66200000	2800.14400000	2791.10400000	2780.89000000	2774.70000000	2773.59200000	2763.07600000	2760.06000000	2810.79200000	2809.82800000	2802.01040000	2799.29900000
2988896321.07023430	2803.81000000	2798.40400000	2796.62600000	2797.65000000	2812.03600000	2813.56200000	2806.62200000	2808.02600000	2765.58400000	2763.35600000	2792.95400000	2789.37400000	2771.50600000	2765.80000000	2774.04600000	2772.09400000	2806.83600000	2808.56400000	2789.90200000	2783.34000000	2791.99220000	2790.01700000
2989899665.55183935	2810.54200000	2805.71200000	2807.18200000	2808.40800000	2810.29600000	2806.88000000	2795.68200000	2797.05800000	2763.91600000	2758.25400000	2784.68800000	2786.81000000	2786.52200000	2783.41200000	2752.84400000	2752.08600000	2792.40000000	2790.87000000	2826.58400000	2822.70200000	2793.06560000	2791.21920000
2990903010.03344488	2820.82400000	2821.80200000	2824.12400000	2821.77400000	2821.27800000	2815.52400000	2804.17600000	2798.14800000	2778.77000000	2775.95400000	2780.87400000	2777.60600000	2759.81200000	2756.51200000	2761.78400000	2755.66000000	2779.72000000	2775.39000000	2794.26800000	2790.22600000	2792.56300000	2788.85960000
2991906354.51504993	2813.27600000	2807.27000000	2797.55600000	2792.09400000	2811.92000000	2807.16800000	2802.74400000	2800.79800000	2754.93800000	2756.27200000	2786.99400000	2787.43800000	2756.75000000	2752.49400000	2779.40200000	2783.07800000	2800.00000000	2798.28800000	2782.34800000	2780.87200000	2788.59280000	2786.57720000
2992909698.99665546	2798.38800000	2802.52400000	2805.75400000	2799.56200000	2822.44400000	2819.33200000	2814.53200000	2817.22400000	2774.89000000	2771.68400000	2779.91800000	2777.41400000	2790.40600000	2792.15600000	2781.68200000	2779.50200000	2815.21800000	2815.23200000	2788.30800000	2787.61800000	2797.15400000	2796.22480000
2993913043.47826099	2832.54600000	2826.06200000	2835.14000000	2831.51800000	2844.66200000	2842.96200000	2819.04000000	2813.70000000	2793.47000000	2788.30800000	2800.89600000	2798.85600000	2768.50400000	2765.82200000	2781.76000000	2778.85400000	2763.69600000	2762.51000000	2801.32400000	2802.85800000	2804.10380000	2801.14500000
2994916387.95986605	2794.86000000	2789.25800000	2820.11200000	2810.60000000	2812.14000000	2809.15800000	2825.22600000	2824.32400000	2784.24400000	2778.24600000	2802.45400000	2796.00600000	2797.78200000	2798.16200000	2767.97000000	2767.53400000	2823.23400000	2824.55000000	2806.34000000	2809.19200000	2803.43620000	2800.70300000
2995919732.44147158	2809.47600000	2808.92800000	2817.36400000	2810.50800000	2828.59800000	2829.67200000	2806.09400000	2808.60000000	2774.26000000	2769.01800000	2789.62200000	2789.87800000	2761.17200000	2763.17200000	2780.92600000	2778.58600000	2761.50400000	2754.69600000	2795.20000000	2792.32200000	2792.42160000	2790.53800000
2996923076.92307711	2793.21600000	2786.80400000	2816.04400000	2812.77200000	2807.91000000	2806.56000000	2824.10200000	2824.56000000	2782.60000000	2779.80200000	2797.69600000	2793.29600000	2792.34800000	2791.11200000	2759.14800000	2764.88600000	2827.02200000	2825.12400000	2806.23400000	2800.07000000	2800.63200000	2798.49860000
2997926421.40468216	2791.52600000	2792.79400000	2816.23000000	2811.17800000	2812.83000000	2814.03800000	2825.34400000	2824.66600000	2775.99200000	2773.63600000	2798.58000000	2785.20600000	2795.99600000	2797.83600000	2777.32000000	2773.39400000	2823.46000000	2821.00000000	2803.10200000	2800.80800000	2802.03800000	2799.45560000
2998929765.88628769	2786.13000000	2787.86000000	2824.12000000	2817.76200000	2805.52600000	2802.25200000	2838.13000000	2831.16200000	2781.00000000	2779.36200000	2794.35800000	2791.18600000	2787.76200000	2784.92000000	2784.64400000	2784.40800000	2783.39600000	2782.41600000	2803.60400000	2799.36000000	2798.86700000	2796.06880000
2999933110.36789322	2824.17600000	2822.76600000	2803.38000000	2805.86400000	2821.13600000	2820.51600000	2810.77000000	2808.21000000	2770.57400000	2769.31800000	2798.32800000	2793.28400000	2765.22200000	2760.17600000	2791.21400000	2791.71400000	2814.61400000	2809.36400000	2781.08200000	2780.99600000	2798.04960000	2796.22080000
3000936454.84949827	2825.56000000	2827.49600000	2823.17800000	2822.44600000	2815.31400000	2815.56400000	2798.75200000	2796.51600000	2785.34800000	2785.54600000	2780.89000000	2782.77400000	2766.95200000	2770.90000000	2762.10200000	2756.96200000	2786.63600000	2789.29400000	2792.94000000	2789.85400000	2793.76720000	2793.73520000
3001939799.33110380	2808.77600000	2808.96200000	2803.65000000	2802.56400000	2817.29200000	2820.19800000	2807.24400000	2803.97200000	2772.88800000	2772.76200000	2791.22400000	2793.70000000	2769.57000000	2771.18200000	2780.61800000	2780.83200000	2804.81600000	2811.00800000	2789.08000000	2784.48600000	2794.51580000	2794.96660000
3002943143.81270885	2809.41600000	2803.42200000	2821.90600000	2819.51800000	2818.92000000	2818.26400000	2836.23600000	2827.80600000	2788.99400000	2786.46600000	2793.70200000	2790.15800000	2784.06600000	2782.45400000	2776.90600000	2771.90400000	2757.53600000	2755.33800000	2810.40600000	2805.07200000	2799.80880000	2796.04020000
3003946488.29431438	2809.91000000	2810.97200000	2820.46400000	2819.51000000	2824.51000000	2822.74400000	2843.28800000	2842.39000000	2792.40000000	2790.43000000	2807.60600000	2806.59400000	2786.50600000	2787.11200000	2781.38200000	2781.72000000	2762.03400000	2763.95200000	2816.01600000	2814.91600000	2804.41160000	2804.03400000
3004949832.77591991	2851.47000000	2851.92600000	2824.34400000	2819.94000000	2823.73200000	2821.95800000	2793.02800000	2788.73600000	2787.82600000	2782.66000000	2793.72600000	2787.37600000	2780.79200000	2779.87600000	2752.25800000	2750.61000000	2782.96400000	2779.61800000	2765.80000000	2765.89200000	2795.59400000	2792.85920000
3005953177.25752497	2818.67400000	2814.99800000	2835.11600000	2836.26200000	2830.63200000	2827.31400000	2846.42200000	2840.54800000	2789.02600000	2786.42600000	2791.69200000	2791.29400000	2801.22600000	2798.40600000	2784.67200000	2782.13400000	2756.97800000	2758.32000000	2804.02400000	2800.15400000	2805.84620000	2803.58560000
3006956521.73913050	2820.56800000	2815.14200000	2799.57800000	2806.81600000	2817.03800000	2816.70000000	2818.56600000	2818.74000000	2772.58600000	2771.20400000	2798.69600000	2795.14200000	2767.02000000	2766.08400000	2777.80200000	2774.82000000	2785.41200000	2782.44800000	2804.41200000	2802.30200000	2796.16780000	2794.93980000
3007959866.22073555	2818.91000000	2819.30200000	2836.92600000	2832.47600000	2830.22200000	2825.59800000	2841.37000000	2840.03800000	2786.98000000	2786.72400000	2791.87200000	2792.18600000	2804.63800000	2798.30600000	2785.54800000	2780.89400000	2759.89200000	2750.38800000	2799.09800000	2796.57000000	2805.54560000	2802.24820000
3008963210.70234108	2793.87800000	2790.37600000	2821.72600000	2818.48800000	2798.17800000	2796.94400000	2821.97000000	2820.88000000	2781.28400000	2779.06000000	2771.85000000	2767.38600000	2814.00200000	2809.51200000	2782.25800000	2780.69000000	2809.87800000	2808.55400000	2792.58400000	2786.60000000	2798.76080000	2795.84900000
3009966555.18394661	2836.52400000	2830.48600000	2823.48200000	2825.46400000	2805.23400000	2800.70800000	2793.11000000	2791.47000000	2791.08400000	2785.36600000	2788.17200000	2785.77400000	2782.22400000	2778.46800000	2763.79200000	2758.63800000	2782.97400000	2781.55400000	2778.65800000	2776.28200000	2794.52540000	2791.42100000
3010969899.66555166	2820.14600000	2819.96000000	2824.23200000	2822.46800000	2837.86000000	2833.40800000	2811.79200000	2809.57200000	2787.53800000	2781.92000000	2797.72200000	2793.80600000	2766.80200000	2761.63800000	2778.81000000	2774.04400000	2758.43600000	2759.25800000	2799.76800000	2794.76800000	2798.31060000	2795.08420000
3011973244.14715719	2781.70400000	2780.43200000	2824.82800000	2824.36000000	2815.94600000	2812.71800000	2840.23400000	2835.83600000	2746.51600000	2746.85600000	2768.06000000	2764.53400000	2820.02600000	2817.41000000	2784.22200000	2786.54400000	2791.56000000	2789.15200000	2790.01200000	2787.12800000	2796.31080000	2794.49700000
3012976588.62876272	2793.15200000	2786.61600000	2829.19400000	2823.92200000	2795.26200000	2790.93800000	2829.17000000	2825.71000000	2775.48400000	2775.88000000	2787.46800000	2786.98600000	2806.64000000	2806.64600000	2786.60200000	2789.81000000	2773.61400000	2774.67800000	2793.51600000	2794.56000000	2797.01020000	2795.57460000
3013979933.11036777	2787.56400000	2782.08200000	2826.32800000	2820.92000000	2794.96000000	2791.64600000	2825.54800000	2823.96000000	2781.86200000	2774.23200000	2767.67200000	2761.21600000	2815.15400000	2817.58000000	2791.37000000	2790.48800000	2802.92800000	2796.65800000	2799.55600000	2795.88400000	2799.29420000	2795.46660000
3014983277.59197330	2803.86000000	2799.72400000	2811.66600000	2810.08800000	2821.35000000	2821.18800000	2833.68000000	2832.56000000	2783.90200000	2779.13800000	2800.84800000	2804.50000000	2789.62400000	2781.80400000	2784.77200000	2780.88600000	2768.30600000	2766.49200000	2820.15600000	2820.85600000	2801.81640000	2799.72360000
3015986622.07357883	2790.79000000	2791.88800000	2808.56400000	2809.45400000	2817.37600000	2816.55200000	2823.73000000	2814.57200000	2773.71800000	2772.28000000	2788.31600000	2786.30400000	2788.74000000	2787.59000000	2770.52400000	2772.08000000	2816.45000000	2816.40400000	2789.82000000	2790.44400000	2796.80280000	2795.75680000
3016989966.55518389	2848.25600000	2849.57600000	2823.95600000	2820.34800000	2834.64800000	2829.54000000	2786.98200000	2787.14000000	2784.95000000	2784.37400000	2799.59600000	2803.18000000	2781.12600000	2773.36400000	2755.05200000	2752.35400000	2787.52800000	2782.62800000	2768.21000000	2767.49200000	2797.03040000	2794.99960000
3017993311.03678942	2822.41400000	2819.59200000	2834.50600000	2831.95000000	2837.54600000	2831.99200000	2797.97600000	2795.24400000	2789.68600000	2794.30400000	2790.99200000	2789.99000000	2769.95000000	2770.17200000	2773.17600000	2772.23600000	2771.04400000	2771.09600000	2805.47000000	2805.81400000	2799.27600000	2798.23900000
3018996655.51839447	2812.95800000	2804.14600000	2808.87800000	2805.29000000	2811.13000000	2812.25000000	2807.59200000	2799.04800000	2765.69400000	2761.11800000	2796.55200000	2792.88200000	2791.95600000	2785.76400000	2758.43600000	2763.59200000	2804.54400000	2800.11800000	2821.12400000	2820.13400000	2797.88640000	2794.43420000
3020000000.00000000	2805.96600000	2808.29400000	2807.40600000	2804.04800000	2808.72000000	2805.95600000	2801.54400000	2797.44400000	2762.04600000	2760.98600000	2790.19200000	2789.92400000	2788.30400000	2782.84400000	2760.15800000	2756.54400000	2806.37000000	2800.37000000	2820.96200000	2817.11000000	2795.16680000	2792.35200000
