freq	PL_sig1	PL_ref1	PL_sig2	PL_ref2	PL_sig3	PL_ref3	PL_sig4	PL_ref4	PL_sig5	PL_ref5	PL_sig6	PL_ref6	PL_sig7	PL_ref7	PL_sig8	PL_ref8	PL_sig9	PL_ref9	PL_sig10	PL_ref10	avgPL_sig	avgPL_ref
2720000000.00000000	2698.19800000	2699.01800000	2686.83200000	2682.00200000	2682.83400000	2677.65600000	2672.49200000	2672.22600000	2669.11400000	2666.84800000	2666.18200000	2662.25000000	2663.50400000	2663.20600000	2639.72400000	2644.54000000	2697.77400000	2696.40600000	2659.91200000	2658.48800000	2673.65660000	2672.26400000
2721003344.48160553	2686.57200000	2683.57800000	2662.98800000	2661.70600000	2675.53600000	2673.68200000	2683.23000000	2681.89600000	2677.29000000	2673.71800000	2668.25600000	2668.09400000	2712.46000000	2713.88800000	2634.30600000	2629.39200000	2670.41000000	2669.19400000	2681.38800000	2676.18400000	2675.24360000	2673.13320000
2722006688.96321058	2697.22800000	2694.54600000	2665.60200000	2663.69600000	2689.92800000	2688.47600000	2696.40600000	2692.88800000	2676.66600000	2675.08800000	2669.10600000	2666.22200000	2708.46000000	2707.19600000	2640.66000000	2641.47400000	2683.19600000	2682.15400000	2690.97000000	2687.98600000	2681.82220000	2679.97260000
2723010033.44481611	2738.09200000	2730.86600000	2668.62200000	2664.65000000	2711.88800000	2711.34800000	2682.62400000	2683.63400000	2645.47600000	2639.53200000	2668.23600000	2670.14600000	2654.86800000	2656.21200000	2653.85400000	2647.93200000	2646.38400000	2637.29000000	2657.95400000	2657.28000000	2672.79980000	2669.88900000
2724013377.92642164	2742.81400000	2737.92800000	2655.94800000	2652.32800000	2708.50200000	2703.24600000	2689.67000000	2684.33000000	2655.76000000	2653.25200000	2673.25200000	2674.16000000	2652.45600000	2656.20200000	2648.48600000	2653.48800000	2637.68800000	2633.91800000	2657.16200000	2654.26200000	2672.17380000	2670.31140000
2725016722.40802670	2700.73800000	2699.66400000	2676.33200000	2672.31400000	2669.09400000	2667.92400000	2664.75600000	2660.25000000	2673.78200000	2675.33200000	2662.07800000	2664.64600000	2669.07200000	2664.04000000	2640.27800000	2636.32400000	2730.89400000	2728.03000000	2661.24200000	2656.17200000	2674.82660000	2672.46960000
2726020066.88963223	2691.58000000	2689.19200000	2696.63200000	2694.72200000	2676.86200000	2678.19200000	2701.05600000	2701.56200000	2664.97800000	2662.65000000	2668.18800000	2668.00800000	2666.47800000	2669.82400000	2658.09200000	2659.11000000	2663.98800000	2661.33400000	2644.40000000	2638.88800000	2673.22540000	2672.34820000
2727023411.37123728	2748.24600000	2739.60800000	2684.47400000	2680.48200000	2666.64800000	2661.67600000	2665.89800000	2668.95600000	2687.63200000	2684.78400000	2693.32800000	2690.76600000	2646.36000000	2645.49400000	2650.38600000	2648.93000000	2645.30000000	2644.01000000	2706.11200000	2707.20800000	2679.43840000	2677.19140000
2728026755.85284281	2739.90800000	2737.74200000	2670.88600000	2668.47400000	2715.51400000	2712.40800000	2687.74800000	2684.25800000	2658.84200000	2653.57000000	2664.00200000	2658.50600000	2665.84200000	2664.99000000	2664.79800000	2659.39400000	2645.39600000	2643.23400000	2645.34800000	2643.83600000	2675.82840000	2672.64120000
2729030100.33444834	2668.67800000	2666.49800000	2683.61200000	2679.49800000	2717.63600000	2717.64000000	2660.20000000	2661.45400000	2672.83200000	2674.76600000	2666.71400000	2659.74400000	2672.49200000	2669.62200000	2649.16000000	2649.38000000	2680.48400000	2675.57000000	2659.25400000	2657.60400000	2673.10620000	2671.17760000
2730033444.81605339	2724.16600000	2722.41000000	2674.06400000	2677.34800000	2733.55200000	2731.46800000	2664.48600000	2665.27800000	2644.34200000	2648.10600000	2648.11200000	2652.38800000	2678.75200000	2677.64400000	2667.63000000	2664.22800000	2658.15600000	2652.37200000	2636.77800000	2638.58000000	2673.00380000	2672.98220000
2731036789.29765892	2690.97200000	2691.20600000	2696.39200000	2691.77800000	2688.86600000	2683.91200000	2707.60000000	2701.15000000	2672.02000000	2666.96400000	2677.33400000	2676.38800000	2665.24800000	2668.22600000	2657.21400000	2653.70400000	2647.48200000	2650.92800000	2630.18400000	2631.22200000	2673.33120000	2671.54780000
2732040133.77926445	2689.63400000	2688.48400000	2669.36800000	2669.35800000	2676.81600000	2677.88400000	2690.78000000	2691.66800000	2684.89800000	2684.18600000	2681.12000000	2679.07800000	2715.98200000	2715.96200000	2635.05400000	2627.50000000	2675.11000000	2675.05000000	2681.35600000	2683.39800000	2680.01180000	2679.25680000
2733043478.26086950	2686.60800000	2683.51800000	2665.30200000	2661.04800000	2675.26800000	2675.70400000	2687.62200000	2686.83000000	2673.42800000	2671.89600000	2666.83200000	2664.90800000	2708.24800000	2706.06400000	2635.05400000	2634.51000000	2671.18200000	2672.49000000	2679.53400000	2682.33600000	2674.90780000	2673.93040000
2734046822.74247503	2705.70600000	2699.43800000	2688.24600000	2680.66600000	2684.55800000	2682.67400000	2674.28000000	2670.61400000	2672.49000000	2670.32400000	2685.31400000	2686.32800000	2697.68600000	2695.28800000	2651.80800000	2651.06800000	2646.02200000	2649.05200000	2699.25600000	2695.74600000	2680.53660000	2678.11980000
2735050167.22408009	2740.50600000	2738.20000000	2665.79200000	2663.60800000	2719.69600000	2712.31400000	2692.14000000	2696.09200000	2646.40200000	2643.24600000	2673.68400000	2673.74400000	2650.15800000	2651.52800000	2659.29200000	2656.01800000	2639.48400000	2636.51800000	2654.09400000	2659.04000000	2674.12480000	2673.03080000
2736053511.70568562	2744.80400000	2744.18800000	2673.58400000	2672.82800000	2718.97600000	2716.29400000	2691.84800000	2687.68600000	2660.81200000	2664.40200000	2657.85800000	2656.79400000	2674.65200000	2677.97000000	2657.10200000	2654.23200000	2662.91200000	2663.23200000	2645.68600000	2639.48400000	2678.82340000	2677.71100000
2737056856.18729115	2687.52600000	2690.85600000	2679.24200000	2676.23600000	2669.74800000	2669.90600000	2665.21800000	2657.44800000	2682.34800000	2679.73000000	2668.86200000	2665.23400000	2673.27000000	2673.68800000	2651.22400000	2648.37600000	2733.48600000	2727.39600000	2668.66400000	2673.57000000	2677.95880000	2676.24400000
2738060200.66889620	2694.56000000	2688.49200000	2691.68800000	2692.66600000	2659.22000000	2659.66200000	2692.47400000	2690.12000000	2670.80400000	2667.02800000	2653.13200000	2649.99600000	2670.55000000	2664.55600000	2653.55200000	2654.48600000	2668.83000000	2666.94200000	2644.98800000	2640.90200000	2669.97980000	2667.48500000
2739063545.15050173	2706.05400000	2703.62200000	2681.74600000	2673.34200000	2730.51200000	2732.68000000	2672.89400000	2674.37200000	2660.65600000	2658.64000000	2668.58800000	2665.19800000	2679.74200000	2679.80800000	2669.93400000	2666.94200000	2661.26800000	2657.07800000	2649.37600000	2645.55200000	2678.07700000	2675.72340000
2740066889.63210726	2702.65800000	2698.19000000	2661.81800000	2663.78800000	2674.21800000	2681.37000000	2701.82600000	2701.16400000	2676.05200000	2674.32200000	2663.91600000	2667.76800000	2687.50400000	2686.30800000	2633.80400000	2628.45400000	2667.61000000	2664.46000000	2701.26200000	2695.51400000	2677.06680000	2676.13380000
2741070234.11371231	2703.51400000	2705.63600000	2662.83400000	2659.60000000	2669.30800000	2669.79600000	2693.28600000	2695.16000000	2679.12000000	2677.26400000	2667.54800000	2664.82000000	2671.45600000	2671.32800000	2625.73400000	2629.47000000	2659.61600000	2656.61800000	2700.00600000	2694.09400000	2673.24220000	2672.37860000
2742073578.59531784	2755.25200000	2748.76200000	2668.22200000	2671.04400000	2669.58200000	2668.71400000	2687.49600000	2692.02800000	2705.84400000	2704.25800000	2677.21800000	2677.60600000	2660.36200000	2663.09600000	2645.41400000	2649.32000000	2642.90800000	2632.16400000	2737.50800000	2735.03000000	2684.98060000	2684.20220000
2743076923.07692289	2732.60000000	2731.38800000	2664.40400000	2661.93600000	2715.50400000	2713.81600000	2684.46200000	2685.75200000	2653.04200000	2651.14800000	2657.75200000	2655.50600000	2662.85600000	2659.72200000	2655.58000000	2656.10800000	2647.02000000	2641.60600000	2652.85400000	2653.57800000	2672.60740000	2671.05600000
2744080267.55852842	2681.52400000	2676.78600000	2682.16400000	2682.67200000	2730.62600000	2730.77200000	2680.99000000	2670.39800000	2683.21000000	2675.96000000	2663.15600000	2660.90000000	2670.60000000	2674.08000000	2662.65000000	2663.32400000	2664.98800000	2665.07200000	2650.73200000	2650.35600000	2677.06400000	2675.03200000
2745083612.04013395	2708.69800000	2708.81600000	2682.61000000	2680.50200000	2685.04800000	2677.54200000	2682.64000000	2673.72600000	2678.75200000	2678.82400000	2686.53600000	2684.63000000	2703.86600000	2698.29800000	2661.77600000	2660.41000000	2658.34800000	2657.90600000	2695.88200000	2692.95800000	2684.41560000	2681.36120000
2746086956.52173901	2699.47800000	2695.67800000	2687.68800000	2680.66800000	2675.22600000	2672.49000000	2668.20000000	2666.80800000	2673.97800000	2668.30800000	2671.07400000	2669.99000000	2664.72600000	2665.28800000	2641.16200000	2646.75400000	2728.72200000	2729.19600000	2661.27000000	2661.87600000	2677.15240000	2675.70560000
2747090301.00334454	2743.62600000	2742.23400000	2668.20000000	2670.21000000	2671.17000000	2671.71800000	2689.15400000	2685.52200000	2688.70200000	2688.05800000	2674.88200000	2676.35000000	2662.84400000	2665.99200000	2646.40400000	2643.09400000	2632.53600000	2631.92200000	2735.42800000	2728.52600000	2681.29460000	2680.36260000
2748093645.48495007	2721.47400000	2721.60000000	2660.96600000	2660.85600000	2683.59200000	2683.74000000	2693.81200000	2689.85000000	2673.62800000	2674.71000000	2674.36400000	2669.48200000	2666.60000000	2667.93600000	2636.26000000	2633.22400000	2656.25600000	2658.13600000	2714.27600000	2710.77000000	2678.12280000	2677.03040000
2749096989.96655512	2699.46200000	2697.06200000	2665.65000000	2663.22400000	2694.30200000	2690.38800000	2692.20000000	2694.34000000	2679.10400000	2671.95000000	2665.90400000	2662.65000000	2699.48200000	2697.40400000	2634.32400000	2635.83800000	2679.72800000	2673.64400000	2695.64200000	2690.35000000	2680.57980000	2677.68500000
2750100334.44816065	2702.32400000	2705.35000000	2687.32600000	2689.05200000	2680.17400000	2680.39400000	2684.54600000	2685.04400000	2689.16200000	2687.30000000	2686.93800000	2689.20200000	2697.09000000	2698.45600000	2650.59800000	2648.77000000	2659.93800000	2661.86800000	2686.59000000	2690.88600000	2682.46860000	2683.63220000
2751103678.92976570	2729.85400000	2728.79200000	2668.46200000	2665.16400000	2718.31000000	2713.60200000	2686.34000000	2684.83000000	2646.08600000	2647.53400000	2656.18200000	2653.98600000	2663.96400000	2661.50400000	2655.35000000	2653.27000000	2637.18400000	2640.41800000	2654.58600000	2655.34200000	2671.63180000	2670.44420000
2752107023.41137123	2705.10800000	2697.07000000	2690.74600000	2689.90600000	2685.05800000	2681.62000000	2687.61000000	2686.40400000	2686.47800000	2691.45400000	2690.45600000	2691.41200000	2701.74000000	2699.51000000	2650.72000000	2648.04800000	2669.34600000	2664.54200000	2690.78000000	2686.90600000	2685.80420000	2683.68720000
2753110367.89297676	2757.87400000	2757.24600000	2663.04200000	2664.31000000	2685.70200000	2687.96200000	2671.54400000	2670.53800000	2683.59600000	2680.82400000	2670.79800000	2669.75800000	2649.50400000	2650.56200000	2653.77200000	2652.44800000	2650.01800000	2648.08400000	2681.11400000	2677.75800000	2676.69640000	2675.94900000
2754113712.37458181	2724.54800000	2720.16600000	2666.36000000	2666.63000000	2676.17600000	2674.36800000	2683.46800000	2682.00400000	2680.19200000	2682.09800000	2662.80400000	2663.12000000	2668.11400000	2664.35400000	2633.47400000	2634.06800000	2648.86600000	2648.57400000	2719.50000000	2721.46000000	2676.35020000	2675.68420000
2755117056.85618734	2670.72600000	2669.45400000	2681.68200000	2680.39800000	2713.62600000	2710.88400000	2652.55600000	2651.13600000	2676.05600000	2674.96400000	2665.10600000	2663.68400000	2676.06200000	2674.46400000	2650.05600000	2645.08600000	2678.74000000	2678.92400000	2661.09000000	2665.78400000	2672.57000000	2671.47780000
2756120401.33779287	2762.11800000	2758.27800000	2661.58200000	2660.74600000	2683.28800000	2681.40600000	2669.79200000	2669.84000000	2679.97400000	2680.98400000	2672.32600000	2668.37800000	2640.46600000	2639.33800000	2652.50400000	2655.16600000	2645.48200000	2642.92200000	2675.55200000	2674.87000000	2674.30840000	2673.19280000
2757123745.81939793	2725.05400000	2724.98800000	2674.12800000	2668.93200000	2676.96600000	2674.89600000	2685.88000000	2686.99000000	2691.54200000	2689.97400000	2671.79200000	2674.12200000	2673.10800000	2670.97000000	2644.82000000	2642.21400000	2646.54800000	2647.33000000	2734.43200000	2731.34400000	2682.42700000	2681.17600000
2758127090.30100346	2712.63200000	2715.92400000	2688.27800000	2687.73000000	2735.98200000	2733.77600000	2670.96000000	2665.83400000	2654.05600000	2652.88800000	2661.64600000	2655.86200000	2683.48200000	2678.21800000	2672.33200000	2669.90800000	2660.91400000	2654.00400000	2644.11400000	2640.77200000	2678.43960000	2675.49160000
2759130434.78260851	2748.15400000	2745.64800000	2674.00000000	2670.55800000	2670.86800000	2669.49800000	2676.66800000	2675.07400000	2677.13800000	2673.48400000	2680.08400000	2677.42000000	2644.62000000	2641.19200000	2656.28400000	2651.46400000	2650.53000000	2648.55200000	2690.06400000	2689.57200000	2676.84100000	2674.24620000
2760133779.26421404	2698.73200000	2689.67600000	2698.38600000	2697.42400000	2675.15400000	2679.80400000	2703.24400000	2700.39600000	2670.88600000	2670.26600000	2671.25600000	2675.44200000	2675.46400000	2671.82600000	2656.16600000	2659.41000000	2662.14800000	2658.53600000	2641.41600000	2643.02600000	2675.28520000	2674.58060000
2761137123.74581957	2752.34400000	2755.20600000	2672.25600000	2668.89400000	2675.32400000	2674.58000000	2683.80000000	2680.92800000	2676.99800000	2674.74400000	2675.31200000	2675.55200000	2650.34800000	2650.95800000	2655.43800000	2655.48400000	2650.73600000	2650.71800000	2686.20800000	2684.34800000	2677.87640000	2677.14120000
2762140468.22742462	2751.02800000	2745.20600000	2677.65600000	2683.66400000	2672.16400000	2671.94000000	2684.83600000	2688.33000000	2701.76400000	2699.77200000	2683.34600000	2683.12000000	2655.58000000	2661.40400000	2649.80000000	2642.81200000	2638.40200000	2638.28800000	2732.46800000	2732.74000000	2684.70440000	2684.72760000
2763143812.70903015	2685.52600000	2689.23600000	2680.46800000	2678.17000000	2666.42000000	2667.09400000	2664.77400000	2664.73200000	2681.87600000	2681.97400000	2654.04000000	2652.68800000	2676.50800000	2676.44600000	2648.98800000	2650.00800000	2712.62800000	2715.39400000	2674.59400000	2671.19400000	2674.58220000	2674.69360000
2764147157.19063568	2675.24200000	2674.88400000	2681.71400000	2680.16200000	2708.18600000	2704.53800000	2655.12600000	2658.69400000	2685.15800000	2682.62000000	2671.97600000	2671.32400000	2685.22800000	2681.87000000	2656.58800000	2654.81600000	2686.63600000	2684.27600000	2672.96200000	2669.07000000	2677.88160000	2676.22540000
2765150501.67224073	2717.89200000	2717.73600000	2679.81000000	2677.33800000	2728.86200000	2730.13200000	2662.67800000	2666.08000000	2647.71400000	2647.67800000	2649.93000000	2655.24600000	2675.56400000	2676.33800000	2670.71200000	2666.14000000	2653.30400000	2653.89800000	2637.37200000	2637.54600000	2672.38380000	2672.81320000
2766153846.15384626	2682.76600000	2678.70800000	2682.93400000	2679.87400000	2688.72000000	2690.80600000	2657.61800000	2658.61800000	2680.42800000	2680.60600000	2676.51200000	2674.70200000	2683.00400000	2685.94200000	2651.23800000	2647.02600000	2688.37000000	2685.97600000	2670.12200000	2672.13800000	2676.17120000	2675.43960000
2767157190.63545132	2717.14800000	2714.78200000	2685.63200000	2683.28000000	2732.21200000	2731.87400000	2667.99200000	2665.45200000	2649.10600000	2648.54400000	2660.08600000	2656.04200000	2684.12600000	2681.56800000	2668.30800000	2664.73800000	2657.61800000	2652.62400000	2635.07200000	2635.82200000	2675.73000000	2673.47260000
2768160535.11705685	2685.19800000	2687.65400000	2676.97400000	2675.45800000	2668.01600000	2666.72200000	2661.53600000	2659.70400000	2678.45600000	2672.55400000	2662.30200000	2657.73200000	2671.39800000	2674.98200000	2645.28400000	2640.50200000	2728.22200000	2728.71800000	2664.91000000	2665.48600000	2674.22960000	2672.95120000
2769163879.59866238	2708.35400000	2709.54000000	2663.56200000	2659.69800000	2667.66400000	2668.95800000	2697.75000000	2696.79200000	2684.86200000	2677.93200000	2669.46600000	2668.76000000	2670.82800000	2671.20400000	2632.76800000	2627.81000000	2665.54600000	2665.71000000	2702.54800000	2698.78600000	2676.33480000	2674.51900000
2770167224.08026743	2687.99000000	2690.07000000	2700.77600000	2703.31200000	2685.99000000	2683.44000000	2695.56000000	2692.77400000	2656.88000000	2659.60000000	2680.03600000	2675.85400000	2680.78800000	2673.53200000	2665.23400000	2662.97800000	2639.28000000	2631.27800000	2647.58600000	2644.72600000	2674.01200000	2671.75640000
2771170568.56187296	2685.87800000	2685.23000000	2688.94000000	2681.88600000	2666.34800000	2662.26800000	2670.15800000	2669.26200000	2685.11400000	2680.98200000	2654.56600000	2655.61800000	2674.19200000	2679.10400000	2657.72200000	2655.50600000	2709.06200000	2706.29400000	2670.41200000	2667.89400000	2676.23920000	2674.40440000
2772173913.04347849	2682.36200000	2681.93800000	2690.37400000	2690.73200000	2693.07800000	2687.16000000	2701.56800000	2700.68800000	2655.77600000	2657.19200000	2682.75400000	2675.98600000	2666.23600000	2662.33600000	2658.05200000	2655.06600000	2640.26800000	2639.24800000	2632.60600000	2632.11800000	2670.30740000	2668.24640000
2773177257.52508354	2714.99800000	2708.43200000	2665.88000000	2660.01800000	2677.89600000	2674.19000000	2685.05000000	2683.61000000	2677.54600000	2675.11000000	2670.27200000	2672.30200000	2662.46000000	2666.06600000	2623.59200000	2627.48600000	2663.74200000	2657.77000000	2702.79000000	2697.59600000	2674.42260000	2672.25800000
2774180602.00668907	2699.69000000	2694.52000000	2678.10600000	2678.35000000	2679.39800000	2679.01200000	2670.98400000	2668.11800000	2668.42800000	2665.21800000	2661.41000000	2667.24000000	2663.43600000	2663.54400000	2639.13600000	2640.70200000	2686.95600000	2689.34400000	2660.47600000	2659.94200000	2670.80200000	2670.59900000
2775183946.48829412	2734.95600000	2734.95200000	2673.82200000	2674.61200000	2720.15200000	2712.06600000	2686.55600000	2684.91200000	2658.30400000	2656.45400000	2660.67200000	2659.88400000	2676.02600000	2670.96400000	2675.51800000	2671.99000000	2649.46200000	2653.05400000	2652.80000000	2644.64000000	2678.82680000	2676.35280000
2776187290.96989965	2736.31600000	2735.00800000	2664.69200000	2665.13600000	2715.78400000	2714.61800000	2689.08200000	2688.29400000	2643.57800000	2641.67800000	2669.36600000	2670.67200000	2656.39000000	2649.92000000	2652.08200000	2651.67400000	2639.13400000	2635.40600000	2656.42000000	2651.21600000	2672.28440000	2670.36220000
2777190635.45150518	2674.08400000	2672.03000000	2683.67000000	2682.11800000	2711.71600000	2710.86200000	2658.04400000	2653.70000000	2683.32800000	2683.23800000	2667.87400000	2669.77000000	2680.70400000	2684.01800000	2651.90800000	2651.39000000	2675.63400000	2683.13800000	2664.64000000	2666.78200000	2675.16020000	2675.70460000
2778193979.93311024	2741.83600000	2735.67800000	2675.93600000	2669.48800000	2674.79600000	2672.84400000	2682.78600000	2680.70600000	2683.83600000	2684.73800000	2677.61800000	2680.73000000	2673.48800000	2671.19600000	2650.24200000	2648.14600000	2638.06600000	2634.62400000	2738.66000000	2740.06800000	2683.72640000	2681.82180000
2779197324.41471577	2684.49200000	2686.11000000	2688.91200000	2681.97600000	2671.76800000	2662.72800000	2670.40200000	2668.76800000	2686.02600000	2685.57800000	2656.76600000	2653.47600000	2682.19000000	2678.11200000	2654.01800000	2656.73000000	2715.34200000	2709.92200000	2676.23200000	2675.41200000	2678.61480000	2675.88120000
2780200668.89632130	2691.70800000	2692.04000000	2696.59200000	2699.15000000	2653.87200000	2653.71400000	2674.58200000	2670.32400000	2682.47200000	2679.45000000	2651.77400000	2647.49200000	2677.70200000	2672.85000000	2656.08000000	2655.44400000	2700.79400000	2698.09600000	2652.16000000	2656.39400000	2673.77360000	2672.49540000
2781204013.37792635	2738.90800000	2739.29600000	2676.32600000	2677.39200000	2713.00400000	2715.25800000	2687.29800000	2681.12600000	2665.17000000	2658.96600000	2651.72600000	2652.93200000	2677.71000000	2674.26600000	2664.15200000	2664.81000000	2645.78400000	2647.44400000	2635.87600000	2636.04400000	2675.59540000	2674.75340000
2782207357.85953188	2746.45600000	2742.43400000	2671.47400000	2671.76400000	2667.85600000	2664.26600000	2670.11200000	2670.19200000	2675.39200000	2672.31600000	2682.99000000	2683.16200000	2641.81600000	2644.64400000	2650.15200000	2645.14600000	2647.02400000	2644.97600000	2688.25600000	2692.85200000	2674.15280000	2673.17520000
2783210702.34113693	2732.73000000	2732.56600000	2664.41800000	2661.95600000	2710.52600000	2713.68800000	2689.82600000	2684.63200000	2653.32800000	2649.96400000	2657.43800000	2654.47400000	2664.83200000	2664.37200000	2657.46000000	2658.23200000	2640.90000000	2642.32000000	2648.01600000	2648.76400000	2671.94740000	2671.09680000
2784214046.82274246	2729.90800000	2731.14000000	2673.30800000	2664.69800000	2670.20200000	2666.83600000	2682.95200000	2677.13800000	2686.48000000	2676.96600000	2667.92600000	2673.42000000	2669.27800000	2667.82400000	2642.59000000	2641.15400000	2633.08200000	2633.23200000	2740.01400000	2735.55600000	2679.57400000	2676.79640000
2785217391.30434799	2742.67200000	2735.58000000	2666.05400000	2658.38000000	2717.30400000	2715.48800000	2694.98800000	2690.78000000	2649.80000000	2649.56200000	2680.23000000	2675.59200000	2657.27200000	2658.58800000	2653.52600000	2653.22200000	2641.89200000	2640.29400000	2655.58200000	2660.47200000	2675.93200000	2673.79580000
2786220735.78595304	2689.38000000	2691.16600000	2674.92600000	2668.31000000	2678.47200000	2680.58200000	2683.33600000	2684.73800000	2689.99400000	2687.93600000	2683.45800000	2690.69600000	2712.06600000	2712.17600000	2636.13800000	2639.19400000	2664.28800000	2662.42200000	2679.57000000	2678.85800000	2679.16280000	2679.60780000
2787224080.26755857	2692.71200000	2691.62800000	2692.33200000	2691.21000000	2669.29200000	2664.43200000	2699.46000000	2689.91600000	2669.08800000	2665.31800000	2656.30000000	2654.83600000	2662.59000000	2666.75000000	2655.51200000	2655.32600000	2669.39400000	2662.45800000	2643.03000000	2641.77400000	2670.97100000	2668.36480000
2788227424.74916410	2703.77400000	2701.03600000	2680.92400000	2679.97400000	2728.56600000	2729.90400000	2674.71600000	2674.41000000	2662.81400000	2655.72600000	2663.57400000	2661.45200000	2677.11200000	2674.28400000	2663.23000000	2659.43200000	2659.73800000	2653.45200000	2641.44400000	2645.30400000	2675.58920000	2673.49740000
2789230769.23076916	2749.33800000	2748.46800000	2674.03800000	2672.91000000	2665.81800000	2666.04800000	2682.15200000	2678.44200000	2695.86000000	2694.92200000	2677.96400000	2677.42800000	2658.51200000	2654.16200000	2640.73800000	2643.04400000	2632.84000000	2636.00600000	2728.20400000	2729.34400000	2680.54640000	2680.07740000
2790234113.71237469	2695.43800000	2692.18400000	2684.52400000	2684.15400000	2682.83800000	2685.19800000	2683.75000000	2683.91200000	2690.30200000	2687.45400000	2685.37000000	2686.75600000	2710.34600000	2703.44400000	2648.17200000	2651.30400000	2664.31600000	2665.98400000	2684.42800000	2689.48400000	2682.94840000	2682.98740000
2791237458.19397974	2716.28000000	2716.37800000	2674.20600000	2673.08800000	2676.92000000	2676.99000000	2678.29200000	2680.71000000	2681.33200000	2686.58800000	2686.73400000	2684.41600000	2711.62600000	2711.69600000	2661.43000000	2664.97200000	2657.41400000	2659.23800000	2693.67600000	2693.38400000	2683.79100000	2684.74600000
2792240802.67558527	2759.05600000	2760.57600000	2666.33600000	2663.33400000	2691.90200000	2689.57800000	2672.61600000	2669.30200000	2682.10400000	2681.06600000	2675.68600000	2677.18000000	2641.58000000	2648.51400000	2659.32200000	2657.18000000	2645.92200000	2643.99600000	2678.59000000	2675.36800000	2677.31140000	2676.60940000
2793244147.15719080	2700.29400000	2694.71600000	2661.06400000	2661.32400000	2677.98000000	2675.93200000	2696.46600000	2693.59200000	2675.49600000	2671.10200000	2662.49800000	2663.14200000	2680.87000000	2679.67600000	2631.51800000	2629.32200000	2662.20800000	2659.67600000	2695.41200000	2692.79200000	2674.38060000	2672.12740000
2794247491.63879585	2724.49200000	2722.99800000	2678.57000000	2674.29200000	2731.31000000	2723.16000000	2672.24800000	2664.67200000	2646.69000000	2645.27200000	2646.82600000	2645.07000000	2681.81800000	2681.32400000	2660.19800000	2657.22800000	2654.49400000	2654.40600000	2636.82200000	2633.08200000	2673.34680000	2670.15040000
2795250836.12040138	2695.50800000	2692.10200000	2689.03800000	2689.76400000	2660.27400000	2653.33600000	2693.30800000	2688.16000000	2671.88800000	2666.17600000	2645.79600000	2644.19600000	2669.83200000	2665.33200000	2653.80800000	2650.89000000	2672.14000000	2672.05200000	2649.41600000	2646.42000000	2670.10080000	2666.84280000
2796254180.60200691	2685.83600000	2680.72800000	2661.41200000	2659.61800000	2678.33800000	2675.09400000	2683.29600000	2682.40000000	2674.06600000	2669.51000000	2670.85000000	2666.17600000	2709.93400000	2708.93200000	2631.88000000	2631.12200000	2672.29800000	2672.29400000	2677.21800000	2676.39600000	2674.51280000	2672.22700000
2797257525.08361197	2682.38600000	2687.01000000	2696.19800000	2693.63000000	2685.15400000	2686.47800000	2698.00400000	2696.75200000	2658.73200000	2659.08600000	2686.68400000	2678.22000000	2666.60600000	2665.10400000	2663.22800000	2661.05400000	2632.29200000	2636.44200000	2637.54600000	2641.10800000	2670.68300000	2670.48840000
2798260869.56521749	2756.08200000	2753.17400000	2670.02600000	2665.94000000	2697.96400000	2692.65600000	2671.89800000	2671.48400000	2676.77000000	2673.94200000	2674.76600000	2676.74200000	2649.18800000	2648.21600000	2654.59600000	2655.39600000	2642.24800000	2642.46000000	2672.03200000	2675.88600000	2676.55700000	2675.58960000
2799264214.04682255	2697.37800000	2702.67800000	2694.90600000	2698.66000000	2656.55800000	2657.33400000	2681.90200000	2680.13400000	2671.60400000	2668.82200000	2645.58600000	2640.39600000	2671.74000000	2670.04200000	2654.45600000	2651.59800000	2690.15200000	2693.45200000	2652.68200000	2651.19600000	2671.69640000	2671.43120000
2800267558.52842808	2757.52800000	2752.18200000	2664.54600000	2660.88200000	2680.31400000	2675.99200000	2671.87200000	2671.33000000	2671.93400000	2677.10200000	2674.04800000	2668.85000000	2652.90800000	2644.27400000	2646.44800000	2651.15000000	2648.94600000	2651.77600000	2681.59200000	2677.74600000	2675.01360000	2673.12840000
2801270903.01003361	2672.53800000	2673.97800000	2677.37000000	2674.64400000	2693.45800000	2690.75200000	2658.55800000	2658.61600000	2676.18000000	2674.14200000	2675.34000000	2669.65200000	2684.36000000	2679.12400000	2648.90000000	2648.25200000	2683.27400000	2681.80200000	2669.09400000	2668.26800000	2673.90720000	2671.92300000
2802274247.49163866	2698.45400000	2700.82400000	2678.73400000	2676.28200000	2668.53200000	2669.65200000	2664.02400000	2664.74600000	2664.00000000	2662.90000000	2666.38800000	2669.59200000	2662.77800000	2656.50800000	2640.40600000	2640.11400000	2718.98000000	2718.02000000	2656.35400000	2656.19200000	2671.86500000	2671.48300000
2803277591.97324419	2757.08600000	2755.00800000	2666.48800000	2660.97600000	2684.49800000	2685.25000000	2666.54600000	2669.01200000	2678.09200000	2681.57800000	2674.99200000	2671.47800000	2642.06000000	2641.63200000	2651.35000000	2650.68600000	2642.65800000	2638.92400000	2676.39600000	2671.94400000	2674.01660000	2672.64880000
2804280936.45484972	2684.27800000	2685.43800000	2665.59800000	2667.68600000	2675.89000000	2676.50800000	2688.39600000	2683.21000000	2684.78400000	2684.84400000	2681.35800000	2683.02000000	2714.33600000	2710.36400000	2629.24800000	2629.20800000	2671.76200000	2667.57000000	2678.86000000	2677.33800000	2677.45100000	2676.51860000
2805284280.93645477	2742.74000000	2745.35000000	2677.40800000	2679.12400000	2665.05000000	2662.24200000	2671.93200000	2669.13800000	2690.63000000	2690.70600000	2688.99400000	2690.23800000	2646.87600000	2642.33800000	2647.60600000	2642.11400000	2648.21200000	2646.50000000	2712.43800000	2704.75400000	2679.18860000	2677.25040000
2806287625.41806030	2704.98400000	2703.67200000	2685.01800000	2687.34800000	2680.24800000	2676.91400000	2681.06400000	2681.37400000	2682.00400000	2683.79800000	2684.47800000	2688.24200000	2698.44800000	2697.22400000	2650.60000000	2651.82200000	2661.81400000	2662.39600000	2682.35400000	2685.34600000	2681.10120000	2681.81360000
2807290969.89966536	2685.73400000	2683.46200000	2665.36400000	2660.03200000	2680.18200000	2680.49400000	2688.60400000	2683.82800000	2678.21400000	2675.13200000	2665.37400000	2669.13800000	2705.69400000	2705.62000000	2640.25400000	2637.94400000	2673.37800000	2672.59600000	2683.09800000	2680.93600000	2676.58960000	2674.91820000
2808294314.38127089	2755.09200000	2759.45000000	2665.99200000	2665.23800000	2686.89400000	2683.51000000	2675.13600000	2672.69000000	2677.76800000	2678.12000000	2674.73600000	2673.23000000	2649.42200000	2648.36800000	2652.90000000	2654.64200000	2654.31200000	2647.28000000	2679.88800000	2684.06200000	2677.21400000	2676.65900000
2809297658.86287642	2754.59400000	2751.32800000	2672.50600000	2674.39400000	2675.05000000	2673.90200000	2677.77200000	2679.31200000	2678.84000000	2680.05800000	2682.59600000	2680.54000000	2647.61000000	2649.10400000	2655.07000000	2650.40000000	2646.53600000	2651.56000000	2692.10400000	2687.25800000	2678.26780000	2677.78560000
2810301003.34448147	2669.13000000	2665.71400000	2685.07000000	2680.43000000	2719.84400000	2722.74200000	2657.31200000	2657.25400000	2677.49200000	2676.03000000	2664.74400000	2665.53000000	2674.93600000	2677.49800000	2650.56600000	2648.19400000	2679.05800000	2679.61800000	2660.80800000	2661.78600000	2673.89600000	2673.47960000
2811304347.82608700	2699.39200000	2697.85600000	2680.59600000	2674.90800000	2670.40600000	2672.93800000	2667.50600000	2672.29200000	2678.68800000	2675.83400000	2663.13000000	2663.73400000	2673.29800000	2672.23000000	2645.35400000	2646.22200000	2731.36600000	2731.04000000	2662.81400000	2660.98400000	2677.25500000	2676.80380000
2812307692.30769253	2698.13200000	2691.76400000	2674.46400000	2667.87400000	2681.01800000	2680.02800000	2688.56200000	2689.05000000	2687.89600000	2689.34800000	2687.83200000	2683.10000000	2719.86600000	2718.81400000	2635.94400000	2630.86000000	2670.16400000	2668.55200000	2685.92400000	2681.58200000	2682.98020000	2680.09720000
2813311036.78929758	2743.12200000	2745.31400000	2683.25400000	2679.54600000	2668.56400000	2672.22200000	2680.56400000	2681.23200000	2692.51600000	2696.04400000	2697.52800000	2694.75600000	2643.81600000	2644.49200000	2647.07000000	2642.61800000	2639.02800000	2639.48400000	2718.36400000	2720.13600000	2681.38260000	2681.58440000
2814314381.27090311	2692.33800000	2689.77400000	2698.11800000	2699.18000000	2675.13600000	2668.70600000	2700.76800000	2697.95400000	2667.16600000	2669.82800000	2661.61000000	2664.82200000	2673.39800000	2668.20400000	2656.44800000	2659.07600000	2669.84400000	2670.42400000	2648.77800000	2651.94200000	2674.36040000	2673.99100000
2815317725.75250816	2695.73600000	2691.18000000	2682.60200000	2689.68000000	2692.31800000	2686.96200000	2686.76800000	2684.19600000	2692.21600000	2689.15800000	2690.27200000	2688.96600000	2709.57600000	2711.13400000	2648.68400000	2646.68600000	2666.66000000	2666.05400000	2689.75200000	2690.28800000	2685.45840000	2684.43040000
2816321070.23411369	2690.98800000	2684.44000000	2676.02400000	2674.37400000	2687.81000000	2686.18600000	2665.38400000	2670.08400000	2672.00800000	2668.94600000	2669.29000000	2669.65000000	2670.52400000	2671.83800000	2647.90600000	2646.76200000	2689.11400000	2688.13800000	2663.66400000	2664.90600000	2673.27120000	2672.53240000
2817324414.71571922	2759.39000000	2754.99400000	2674.26200000	2671.15000000	2698.60800000	2699.05200000	2676.06600000	2677.72400000	2680.18200000	2682.33600000	2678.55000000	2677.91000000	2651.72600000	2648.90000000	2656.84400000	2656.40400000	2641.91200000	2642.67000000	2674.63800000	2670.75800000	2679.21780000	2678.18980000
2818327759.19732428	2747.45000000	2747.94600000	2666.69000000	2669.90600000	2672.75800000	2671.90400000	2688.36000000	2690.04600000	2697.09600000	2694.39000000	2683.49200000	2679.88400000	2664.79800000	2665.41600000	2654.19800000	2644.07800000	2637.48200000	2638.37000000	2735.84400000	2733.66200000	2684.81680000	2683.56020000
2819331103.67892981	2696.76400000	2696.23200000	2683.45600000	2679.40600000	2680.12600000	2680.80200000	2674.84400000	2671.71000000	2667.59400000	2668.11600000	2668.25800000	2660.92600000	2662.94800000	2665.56800000	2642.94600000	2640.41800000	2700.90800000	2703.79000000	2659.19400000	2660.47200000	2673.70380000	2672.74400000
2820334448.16053534	2725.79600000	2729.47400000	2665.57600000	2659.45400000	2712.79000000	2715.16000000	2689.24800000	2686.59400000	2643.30800000	2645.11800000	2658.19800000	2659.12600000	2662.91800000	2662.78000000	2651.36200000	2652.66400000	2641.84600000	2639.96400000	2657.23800000	2653.11600000	2670.82800000	2670.34500000
2821337792.64214039	2686.82400000	2687.37200000	2665.01000000	2659.03200000	2677.16000000	2673.66200000	2685.31400000	2685.97200000	2674.34000000	2675.69600000	2663.84600000	2665.31200000	2704.13600000	2706.45200000	2633.21000000	2633.98400000	2668.42600000	2672.53400000	2682.81600000	2685.07800000	2674.10820000	2674.50940000
2822341137.12374592	2754.32800000	2752.58400000	2659.15400000	2658.28000000	2680.92400000	2674.84000000	2675.35800000	2673.65200000	2676.46200000	2668.95200000	2671.22000000	2673.78600000	2646.84800000	2648.31600000	2652.72800000	2643.35800000	2650.68000000	2650.23000000	2671.51600000	2675.06600000	2673.92180000	2671.90640000
2823344481.60535097	2694.25200000	2692.45400000	2708.93200000	2705.19200000	2690.32000000	2690.48800000	2697.39000000	2693.54600000	2664.47200000	2662.75400000	2682.44200000	2679.37000000	2678.87800000	2678.08400000	2672.63200000	2667.43600000	2636.40200000	2639.03600000	2646.59600000	2645.49000000	2677.23160000	2675.38500000
2824347826.08695650	2675.48800000	2676.23800000	2686.65200000	2685.09200000	2734.98000000	2734.93600000	2676.04000000	2676.75200000	2679.62200000	2678.91800000	2659.89400000	2664.77400000	2669.58400000	2671.85800000	2657.20000000	2657.51000000	2681.40200000	2680.80000000	2653.32000000	2653.02400000	2677.41820000	2677.99020000
2825351170.56856203	2723.74600000	2722.35400000	2662.87400000	2664.03400000	2679.31800000	2673.75400000	2683.63000000	2683.69000000	2681.66800000	2676.21600000	2667.43200000	2662.21200000	2668.89400000	2672.58400000	2637.65600000	2637.47600000	2645.14200000	2646.39800000	2726.48400000	2727.04400000	2677.68440000	2676.57620000
2826354515.05016708	2729.63600000	2732.84200000	2664.88000000	2666.27600000	2713.28400000	2710.15600000	2685.35800000	2691.35000000	2651.35400000	2650.75600000	2654.85600000	2656.16000000	2664.23400000	2662.24800000	2654.67800000	2657.75800000	2641.52000000	2638.41200000	2648.90000000	2645.94000000	2670.87000000	2671.18980000
2827357859.53177261	2735.79200000	2730.93400000	2665.71000000	2665.85800000	2713.68200000	2713.74400000	2689.59600000	2684.11000000	2651.67400000	2648.23200000	2657.84200000	2655.83600000	2662.25400000	2662.64000000	2661.84600000	2661.09200000	2644.79800000	2645.65800000	2648.72600000	2643.68200000	2673.19200000	2671.17860000
2828361204.01337814	2705.13800000	2702.69200000	2691.40000000	2691.49400000	2696.21000000	2692.16800000	2674.29600000	2669.66600000	2681.39800000	2673.79000000	2688.28600000	2691.11800000	2687.09600000	2681.82200000	2645.71800000	2646.94800000	2650.87200000	2650.57600000	2699.47400000	2690.80000000	2681.98880000	2679.10740000
2829364548.49498320	2714.26800000	2714.26200000	2661.87800000	2662.16200000	2676.03200000	2677.31400000	2686.15800000	2689.25000000	2668.93600000	2669.37800000	2666.38400000	2665.02200000	2664.06600000	2664.44000000	2628.15200000	2629.11000000	2650.04000000	2650.66400000	2707.41200000	2707.25800000	2672.33260000	2672.88600000
2830367892.97658873	2701.65600000	2703.92000000	2692.35800000	2693.10800000	2655.12000000	2654.02400000	2685.16000000	2687.53200000	2674.03200000	2669.39600000	2644.03800000	2644.16200000	2666.33800000	2665.58400000	2654.05400000	2651.72200000	2677.94200000	2675.12400000	2645.10600000	2646.87600000	2669.58040000	2669.14480000
2831371237.45819378	2685.38000000	2686.96200000	2691.75800000	2690.86600000	2658.16400000	2663.67600000	2672.40400000	2672.62600000	2686.46400000	2680.89800000	2657.09600000	2652.47600000	2677.63000000	2681.84400000	2661.73800000	2658.66600000	2707.58800000	2701.06600000	2670.97200000	2669.64200000	2676.91940000	2675.87220000
2832374581.93979931	2746.33400000	2746.49200000	2678.68200000	2678.84200000	2668.22000000	2665.73000000	2665.88200000	2669.98400000	2685.28400000	2682.13000000	2694.54800000	2689.60200000	2648.29400000	2648.66800000	2647.95000000	2648.51000000	2647.96000000	2642.76800000	2701.10400000	2701.20200000	2678.42580000	2677.39280000
2833377926.42140484	2696.32400000	2693.84600000	2684.65000000	2685.73400000	2676.37000000	2677.16800000	2671.96400000	2676.89400000	2668.40200000	2665.40400000	2665.94200000	2667.33600000	2658.87600000	2663.44800000	2645.64400000	2644.03200000	2709.19400000	2714.76800000	2656.59800000	2659.09800000	2673.39640000	2674.77280000
2834381270.90300989	2686.69600000	2683.90000000	2660.93800000	2664.50600000	2673.91800000	2674.84400000	2685.17600000	2685.54000000	2689.39400000	2682.97600000	2682.52800000	2683.44000000	2714.27800000	2713.35200000	2631.84600000	2632.28800000	2666.71200000	2665.79000000	2676.45200000	2674.88200000	2676.79380000	2676.15180000
2835384615.38461542	2705.12400000	2706.43600000	2670.67400000	2668.84600000	2677.14800000	2675.54800000	2676.65000000	2676.53400000	2680.86400000	2682.08400000	2681.21000000	2682.38800000	2708.26000000	2706.65800000	2663.04600000	2660.63800000	2650.72000000	2654.99600000	2690.59400000	2689.53000000	2680.42900000	2680.36580000
2836387959.86622095	2727.86000000	2727.80200000	2673.51800000	2671.36000000	2721.61600000	2716.67400000	2672.61800000	2680.89600000	2652.46200000	2657.35200000	2648.75600000	2650.36400000	2672.45600000	2678.25600000	2650.47000000	2648.24000000	2655.78000000	2656.18200000	2638.72800000	2637.61800000	2671.42640000	2672.47440000
2837391304.34782600	2682.04000000	2684.23200000	2690.00200000	2691.98600000	2687.96800000	2687.20000000	2696.89800000	2698.87000000	2655.68800000	2654.26400000	2683.21800000	2680.30600000	2659.84600000	2661.86600000	2651.24800000	2655.20600000	2635.68600000	2636.59000000	2636.08200000	2636.33400000	2667.86760000	2668.68540000
2838394648.82943153	2689.93000000	2693.88000000	2682.01600000	2679.34000000	2686.27200000	2687.87600000	2671.66600000	2666.95400000	2669.44200000	2674.64800000	2668.73400000	2668.24400000	2667.71800000	2668.01200000	2647.85600000	2643.91600000	2687.53600000	2690.38000000	2669.01600000	2669.59400000	2674.01860000	2674.28440000
2839397993.31103659	2740.41600000	2741.16200000	2656.82000000	2659.71000000	2707.01600000	2712.18400000	2685.49600000	2689.67400000	2649.73000000	2652.10600000	2672.46000000	2670.55800000	2651.08400000	2655.22400000	2646.95600000	2655.82800000	2635.84600000	2636.97000000	2656.08800000	2656.01600000	2670.19120000	2672.94320000
2840401337.79264212	2726.17800000	2727.62600000	2674.27000000	2677.37600000	2721.07600000	2722.78000000	2676.76800000	2677.17000000	2646.96800000	2651.22800000	2648.62600000	2646.02800000	2682.53400000	2682.68000000	2658.94000000	2657.82000000	2657.13600000	2657.00600000	2636.87200000	2635.79600000	2672.93680000	2673.55100000
2841404682.27424765	2690.62400000	2691.08600000	2690.37200000	2690.14800000	2680.35800000	2683.69400000	2704.70000000	2703.69800000	2660.14800000	2662.15600000	2667.97600000	2667.96000000	2663.35200000	2664.16800000	2646.99400000	2648.29600000	2645.07800000	2644.25800000	2629.71400000	2625.60600000	2667.93160000	2668.10700000
2842408026.75585270	2669.43400000	2671.27400000	2682.37400000	2682.73000000	2731.21600000	2732.20200000	2671.02600000	2672.66600000	2673.86800000	2675.87400000	2657.87800000	2656.44200000	2667.03000000	2666.06200000	2656.28600000	2657.51800000	2669.84600000	2675.13000000	2650.78800000	2651.67800000	2672.97460000	2674.15760000
2843411371.23745823	2701.54800000	2699.29000000	2681.25800000	2681.98600000	2681.11800000	2684.94200000	2667.52200000	2670.30400000	2663.88400000	2669.56200000	2680.60600000	2681.78800000	2683.86800000	2689.91200000	2645.49600000	2645.30800000	2646.12800000	2646.66600000	2693.26800000	2694.76400000	2674.46960000	2676.45220000
2844414715.71906376	2681.41600000	2682.66400000	2687.82400000	2689.89000000	2687.50400000	2690.57200000	2699.58200000	2704.54200000	2653.16000000	2653.05800000	2677.68800000	2682.23800000	2657.87000000	2663.54600000	2651.11200000	2655.79600000	2636.35200000	2638.43800000	2632.15600000	2635.90600000	2666.46640000	2669.66500000
2845418060.20066881	2687.08200000	2692.44400000	2657.61800000	2662.00200000	2674.30000000	2681.61000000	2686.34400000	2688.87000000	2677.76400000	2672.37400000	2666.85600000	2663.81200000	2701.52000000	2701.62800000	2642.20600000	2639.52200000	2669.90000000	2672.62400000	2679.99600000	2682.15600000	2674.35860000	2675.70420000
2846421404.68227434	2683.36600000	2685.06200000	2691.67800000	2689.61800000	2679.31200000	2680.77200000	2691.79800000	2695.49800000	2660.05600000	2659.72000000	2676.93800000	2680.20600000	2663.30600000	2659.48600000	2654.38000000	2656.50800000	2634.70200000	2636.32400000	2634.25000000	2639.28200000	2666.97860000	2668.24760000
2847424749.16387939	2742.32200000	2741.65000000	2672.00600000	2673.51800000	2715.34000000	2716.92400000	2682.30200000	2683.14800000	2667.35200000	2663.98600000	2651.73600000	2658.07800000	2668.17000000	2675.68600000	2660.88200000	2668.50600000	2651.75200000	2653.46000000	2638.46800000	2644.35400000	2675.03300000	2677.93100000
2848428093.64548492	2732.03200000	2734.20800000	2666.85000000	2671.37200000	2708.19200000	2711.36800000	2680.11200000	2682.73800000	2659.39200000	2659.95200000	2645.96600000	2649.52600000	2666.87400000	2670.62000000	2658.31800000	2663.44200000	2642.32000000	2646.14200000	2640.10600000	2644.80800000	2670.01620000	2673.41760000
2849431438.12709045	2688.26200000	2690.85400000	2659.61600000	2662.25200000	2679.16000000	2683.50400000	2680.68200000	2687.93000000	2665.76200000	2673.26000000	2664.77800000	2667.51400000	2693.78800000	2702.03000000	2631.59200000	2639.96800000	2668.09800000	2677.29200000	2682.06600000	2686.34000000	2671.38040000	2677.09440000
2850434782.60869551	2736.72000000	2740.20200000	2665.28400000	2670.19200000	2710.38200000	2713.10400000	2677.80600000	2679.21400000	2659.28400000	2664.28400000	2650.01200000	2655.47600000	2673.36600000	2673.97000000	2646.50600000	2649.74400000	2654.42800000	2657.03800000	2634.32000000	2638.96800000	2670.81080000	2674.21920000
2851438127.09030104	2716.29200000	2720.54400000	2657.90400000	2661.08600000	2676.96000000	2680.03800000	2677.55400000	2683.86800000	2678.55800000	2677.63400000	2660.01200000	2666.44600000	2658.93400000	2666.42000000	2630.06200000	2632.94200000	2645.94800000	2657.69400000	2711.34000000	2718.07800000	2671.35640000	2676.47500000
2852441471.57190657	2747.71800000	2749.60000000	2650.78600000	2661.96800000	2697.77400000	2702.59800000	2678.88800000	2683.91000000	2658.56200000	2665.69800000	2668.86800000	2673.54200000	2650.82000000	2655.55400000	2645.42600000	2651.31200000	2633.44800000	2636.67200000	2650.56000000	2656.83000000	2668.28500000	2673.76840000
2853444816.05351162	2678.55200000	2679.43600000	2682.16800000	2692.58000000	2682.65200000	2689.93600000	2699.12800000	2702.50800000	2654.74800000	2661.65600000	2669.79200000	2678.89000000	2663.65400000	2671.00400000	2646.91800000	2652.88800000	2641.50200000	2647.89200000	2616.89400000	2630.84800000	2663.60080000	2670.76380000
2854448160.53511715	2736.04600000	2742.57800000	2666.62200000	2671.13400000	2706.13000000	2713.58000000	2682.47800000	2683.90600000	2655.48600000	2657.62600000	2644.63200000	2657.15400000	2666.03400000	2675.97200000	2659.98400000	2662.66400000	2642.81800000	2646.60800000	2634.35200000	2642.22200000	2669.45820000	2675.34440000
2855451505.01672220	2710.46800000	2718.83000000	2674.22200000	2679.76800000	2723.74400000	2727.38000000	2656.01400000	2662.30400000	2635.48600000	2648.21800000	2643.79000000	2651.91000000	2671.02000000	2675.48800000	2653.65000000	2665.74600000	2642.90400000	2652.98200000	2624.48200000	2633.89000000	2663.57800000	2671.65160000
2856454849.49832773	2693.22600000	2700.21200000	2675.36400000	2685.55400000	2685.04000000	2696.46600000	2657.11200000	2664.70400000	2667.73600000	2675.54600000	2674.66800000	2683.59600000	2661.00200000	2672.96400000	2638.13400000	2643.52800000	2639.85000000	2646.86000000	2677.03600000	2691.50400000	2666.91680000	2676.09340000
2857458193.97993326	2739.60400000	2746.11800000	2675.14400000	2680.93000000	2658.66200000	2673.63600000	2675.62600000	2686.27200000	2689.86800000	2697.54000000	2679.11200000	2691.47600000	2648.53000000	2655.58600000	2637.27000000	2648.41600000	2629.81800000	2640.83800000	2719.19400000	2733.59200000	2675.28280000	2685.44040000
2858461538.46153831	2657.87600000	2668.70600000	2669.63400000	2685.84400000	2713.09600000	2717.86000000	2656.97200000	2667.03800000	2660.49800000	2671.08600000	2650.59400000	2661.36400000	2656.83000000	2670.01800000	2638.84400000	2649.50400000	2668.38200000	2676.70000000	2641.72400000	2653.39400000	2661.44500000	2672.15140000
2859464882.94314384	2702.36000000	2707.73000000	2661.54000000	2669.94600000	2662.67600000	2675.62800000	2663.43400000	2679.41600000	2673.84400000	2681.89600000	2667.78400000	2682.99600000	2694.85800000	2709.67600000	2652.05000000	2660.96800000	2642.09000000	2655.40000000	2675.12200000	2685.45200000	2669.57580000	2680.91080000
2860468227.42474937	2683.12000000	2695.95000000	2649.50400000	2660.38400000	2661.89800000	2676.26000000	2674.05000000	2689.93400000	2660.54000000	2667.77800000	2646.23200000	2658.22800000	2668.20200000	2681.56800000	2616.87000000	2626.77800000	2649.37200000	2662.78600000	2674.30000000	2690.53400000	2658.40880000	2671.02000000
2861471571.90635443	2713.85800000	2724.99800000	2650.48400000	2665.55000000	2694.51600000	2707.82200000	2675.02200000	2684.95000000	2626.98400000	2641.21800000	2649.90800000	2659.00000000	2647.01200000	2656.76400000	2635.30400000	2651.15600000	2628.09800000	2641.60800000	2642.06400000	2655.49600000	2656.32500000	2668.85620000
2862474916.38795996	2716.95800000	2732.74400000	2647.70200000	2663.39800000	2693.38600000	2707.36000000	2670.97800000	2684.01800000	2623.18800000	2641.80600000	2648.40200000	2664.77600000	2645.01200000	2657.61400000	2636.87800000	2648.93600000	2630.49600000	2642.42200000	2645.04600000	2657.87200000	2655.80460000	2670.09460000
2863478260.86956501	2693.80600000	2704.27200000	2666.68400000	2679.15000000	2663.67600000	2683.12600000	2665.11600000	2677.49600000	2671.77600000	2683.08600000	2676.79000000	2688.86600000	2690.28200000	2701.35800000	2638.63200000	2651.43000000	2644.08800000	2662.48400000	2679.00800000	2693.09200000	2668.98580000	2682.43600000
2864481605.35117054	2699.95200000	2712.29600000	2669.03600000	2678.92800000	2670.81000000	2680.76800000	2667.56200000	2677.28800000	2676.85600000	2687.62200000	2676.24800000	2692.34000000	2691.04400000	2703.25400000	2637.36600000	2648.86000000	2649.20200000	2664.22600000	2675.38200000	2687.54800000	2671.34580000	2683.31300000
2865484949.83277607	2676.97200000	2689.69200000	2667.22000000	2682.53600000	2655.65800000	2669.20000000	2649.74400000	2664.17400000	2667.90800000	2679.75800000	2651.01400000	2661.25400000	2664.81800000	2674.33600000	2627.27600000	2641.52400000	2715.41400000	2730.14400000	2653.20400000	2669.36400000	2662.92280000	2676.19820000
2866488294.31438112	2719.56200000	2731.93200000	2663.66800000	2670.82600000	2712.78600000	2721.18400000	2664.12600000	2673.71800000	2642.46200000	2648.52800000	2640.27400000	2650.72600000	2666.81400000	2679.27600000	2641.71000000	2650.13600000	2644.14800000	2655.35000000	2626.44600000	2637.53400000	2662.19960000	2671.92100000
2867491638.79598665	2674.39000000	2688.32400000	2686.91400000	2699.52000000	2674.22000000	2683.83200000	2687.30000000	2700.18200000	2646.16200000	2660.01400000	2670.25800000	2686.49000000	2660.62800000	2674.77400000	2652.99600000	2664.29600000	2625.45600000	2633.35000000	2627.89200000	2639.30800000	2660.62160000	2673.00900000
2868494983.27759218	2693.02400000	2697.40400000	2669.14400000	2680.96800000	2715.61400000	2726.67400000	2670.27400000	2681.31400000	2655.31800000	2666.24800000	2659.03200000	2666.62400000	2668.55000000	2679.55400000	2661.43000000	2668.43400000	2650.46200000	2662.75000000	2639.02000000	2646.27000000	2668.18680000	2677.62400000
2869498327.75919724	2713.42200000	2724.66800000	2650.75800000	2662.83600000	2698.52000000	2707.46800000	2678.72000000	2684.64800000	2632.74400000	2643.89200000	2645.64400000	2655.47400000	2646.70000000	2658.43800000	2643.52000000	2650.13600000	2630.21200000	2637.45600000	2645.10000000	2657.40400000	2658.53400000	2668.24200000
2870501672.24080276	2673.98000000	2681.94800000	2681.53000000	2692.99000000	2678.90800000	2686.94000000	2685.02400000	2698.24600000	2645.57000000	2652.66400000	2669.72800000	2682.64000000	2650.33800000	2659.16200000	2644.13000000	2652.04000000	2629.23200000	2644.59400000	2621.09600000	2634.58600000	2657.95360000	2668.58100000
2871505016.72240782	2673.55200000	2683.09400000	2670.15200000	2676.13800000	2655.51400000	2663.89200000	2646.68600000	2657.86800000	2669.85800000	2676.69600000	2640.85400000	2654.38800000	2665.90800000	2673.31200000	2639.57400000	2645.96200000	2705.39000000	2720.64200000	2659.28200000	2673.44400000	2662.67700000	2672.54360000
2872508361.20401335	2727.17600000	2739.53200000	2649.87400000	2658.78200000	2704.06800000	2713.60400000	2678.24800000	2689.70800000	2635.22800000	2642.92800000	2662.66000000	2673.10800000	2638.06600000	2648.88600000	2640.67400000	2651.46200000	2625.20200000	2636.60400000	2640.87200000	2656.00000000	2660.20680000	2671.06140000
2873511705.68561888	2724.17800000	2735.56400000	2655.39400000	2663.29600000	2702.25200000	2712.34200000	2670.78200000	2684.09200000	2635.05800000	2641.23800000	2658.31800000	2671.14800000	2641.37200000	2651.55800000	2639.40200000	2650.38800000	2624.89000000	2639.59400000	2641.71400000	2655.41800000	2659.33600000	2670.46380000
2874515050.16722393	2692.78200000	2703.65000000	2686.29200000	2698.19200000	2643.85200000	2654.35800000	2674.76200000	2688.51000000	2662.80400000	2675.83200000	2632.44400000	2643.50800000	2658.31600000	2668.60800000	2642.08000000	2655.16000000	2673.77600000	2686.01800000	2638.77200000	2658.43000000	2660.58800000	2673.22660000
2875518394.64882946	2673.09000000	2684.73000000	2662.58800000	2674.60800000	2708.33200000	2720.31000000	2666.48800000	2677.22600000	2654.32600000	2670.57000000	2652.53200000	2662.88200000	2659.99000000	2674.19400000	2655.99800000	2670.59200000	2652.24400000	2661.22200000	2635.37200000	2646.91600000	2662.09600000	2674.32500000
2876521739.13043499	2694.62800000	2716.17400000	2658.51600000	2674.79600000	2661.52400000	2678.99800000	2663.01600000	2683.30200000	2671.00200000	2684.83000000	2673.51000000	2688.18400000	2703.19000000	2714.72800000	2643.71800000	2661.81800000	2649.21600000	2662.01200000	2680.20200000	2697.97800000	2669.85220000	2686.28200000
2877525083.61204004	2689.24200000	2701.13600000	2662.58600000	2680.55200000	2664.03600000	2680.57400000	2659.84800000	2674.14600000	2655.16200000	2672.55600000	2666.22800000	2682.47400000	2681.76000000	2698.97400000	2642.48000000	2653.27400000	2635.00600000	2649.49200000	2682.44000000	2692.00400000	2663.87880000	2678.51820000
2878528428.09364557	2674.73000000	2690.82200000	2675.46800000	2691.28000000	2643.45800000	2657.22600000	2659.91400000	2675.13600000	2673.19000000	2688.69600000	2635.72800000	2648.74800000	2663.91400000	2677.46600000	2645.12800000	2658.51200000	2688.99600000	2700.94800000	2651.04200000	2661.71800000	2661.15680000	2675.05520000
2879531772.57525063	2688.88600000	2703.46600000	2651.80800000	2662.65800000	2661.01800000	2672.10600000	2684.17600000	2699.31000000	2662.34800000	2673.45000000	2650.80200000	2669.68600000	2666.84200000	2679.67800000	2616.43600000	2627.63600000	2650.60800000	2663.48000000	2686.28000000	2693.60400000	2661.92040000	2674.50740000
2880535117.05685616	2676.48400000	2689.57600000	2681.20200000	2688.29800000	2660.23800000	2676.86000000	2682.02000000	2695.71800000	2650.14000000	2666.85400000	2649.66400000	2661.26800000	2650.92600000	2664.22200000	2639.46200000	2653.38000000	2646.89000000	2657.89200000	2630.29600000	2641.80400000	2656.73220000	2669.58720000
2881538461.53846169	2679.06200000	2691.00200000	2665.05800000	2678.58000000	2666.14000000	2677.10800000	2658.64800000	2666.54400000	2654.64000000	2667.30400000	2656.06000000	2662.47200000	2647.94600000	2662.85000000	2631.33400000	2638.96000000	2672.62600000	2684.03600000	2647.03000000	2662.87800000	2657.85440000	2669.17340000
2882541806.02006674	2684.82400000	2696.04200000	2673.55200000	2682.41400000	2660.83200000	2668.42200000	2656.30600000	2664.59800000	2665.61600000	2674.36000000	2654.18600000	2661.93400000	2666.57400000	2676.72000000	2635.77000000	2643.37400000	2723.29200000	2727.24400000	2657.52000000	2664.16800000	2667.84720000	2675.92760000
2883545150.50167227	2707.51400000	2716.58400000	2665.44800000	2678.15200000	2665.61200000	2674.71000000	2669.83400000	2676.57200000	2675.37200000	2683.02400000	2678.34600000	2687.52600000	2704.28600000	2712.93600000	2651.71800000	2657.37400000	2653.17000000	2661.83200000	2683.14400000	2693.04800000	2675.44440000	2684.17580000
2884548494.98327780	2683.45800000	2690.29600000	2676.55800000	2683.53800000	2671.44400000	2678.96600000	2661.50800000	2672.57200000	2654.81800000	2664.89800000	2653.65000000	2659.93800000	2653.14800000	2656.90800000	2634.49600000	2643.13200000	2697.32400000	2706.57400000	2650.98400000	2656.17800000	2663.73880000	2671.30000000
2885551839.46488285	2749.94800000	2756.06000000	2653.50800000	2658.92400000	2676.43800000	2683.27800000	2659.91400000	2667.35400000	2672.07200000	2678.28600000	2659.26400000	2673.00200000	2633.03400000	2642.55600000	2643.80200000	2653.32400000	2638.09600000	2645.18000000	2665.43800000	2670.34400000	2665.15140000	2672.83080000
2886555183.94648838	2742.20600000	2748.24600000	2674.86800000	2678.72000000	2665.74800000	2671.46200000	2667.01600000	2674.68800000	2689.22600000	2693.60000000	2685.58200000	2695.15400000	2641.13600000	2647.23400000	2638.45400000	2642.49600000	2629.92200000	2639.72000000	2708.94800000	2714.40400000	2674.31060000	2680.57240000
2887558528.42809343	2683.29600000	2689.01600000	2700.05400000	2702.49800000	2683.65200000	2690.28000000	2697.31200000	2697.26800000	2655.01400000	2665.18000000	2678.68600000	2685.76600000	2673.53200000	2678.23000000	2660.74200000	2665.86400000	2633.29800000	2636.89000000	2636.76600000	2647.96200000	2670.23520000	2675.89540000
2888561872.90969896	2678.30400000	2687.14400000	2670.20800000	2672.38600000	2684.82600000	2683.83400000	2657.53000000	2663.38600000	2669.64200000	2672.54600000	2663.56000000	2668.88000000	2670.21400000	2674.42000000	2638.40800000	2645.40200000	2684.36600000	2682.99000000	2657.05800000	2666.09400000	2667.41160000	2671.70820000
2889565217.39130449	2710.74400000	2713.56200000	2681.78800000	2685.12000000	2728.85600000	2738.31400000	2664.42600000	2667.20600000	2652.69400000	2656.13200000	2656.64200000	2660.55800000	2679.52400000	2686.64800000	2661.34800000	2665.79800000	2654.98600000	2663.98400000	2641.66800000	2646.59200000	2673.26760000	2678.39140000
2890568561.87290955	2685.08400000	2686.43600000	2688.33600000	2691.35200000	2658.79800000	2661.40400000	2668.64200000	2669.84400000	2680.89400000	2683.18800000	2648.59000000	2652.24400000	2676.58600000	2676.91200000	2656.19000000	2659.38400000	2702.40000000	2704.64800000	2663.85600000	2667.57800000	2672.93760000	2675.29900000
2891571906.35451508	2695.71200000	2692.80400000	2682.73200000	2684.14000000	2682.89000000	2679.61400000	2683.33200000	2683.53200000	2684.09400000	2687.05400000	2683.40200000	2683.79400000	2700.93400000	2701.65200000	2641.59200000	2647.61000000	2659.62000000	2660.99800000	2682.19400000	2684.30800000	2679.65020000	2680.55060000
2892575250.83612061	2698.28200000	2703.28200000	2663.04400000	2665.91800000	2685.36600000	2688.70400000	2695.84800000	2704.11800000	2673.34200000	2679.00600000	2662.78400000	2665.58000000	2694.42800000	2695.31200000	2635.06800000	2637.48200000	2671.73600000	2676.87400000	2693.61600000	2696.45400000	2677.35140000	2681.27300000
2893578595.31772566	2702.81400000	2705.52200000	2686.80000000	2686.94400000	2693.68600000	2696.47800000	2665.11200000	2664.84800000	2671.91200000	2679.90400000	2680.85800000	2681.51800000	2670.42200000	2670.75200000	2638.05400000	2642.02000000	2643.63400000	2646.62400000	2689.05600000	2684.94800000	2674.23480000	2675.95580000
2894581939.79933119	2693.18000000	2689.74800000	2695.54200000	2693.26600000	2653.62000000	2652.93400000	2677.15600000	2676.76000000	2678.87400000	2681.48800000	2644.76200000	2649.24000000	2676.07400000	2677.24800000	2653.35000000	2658.10800000	2695.17800000	2698.74800000	2653.52800000	2657.39600000	2672.12640000	2673.49360000
2895585284.28093624	2755.32000000	2755.66200000	2671.67400000	2670.13000000	2671.26200000	2673.24800000	2688.39000000	2690.99000000	2705.04000000	2707.96800000	2679.70800000	2684.18200000	2658.37200000	2665.62800000	2648.37400000	2648.22600000	2639.27400000	2638.43600000	2738.84600000	2739.24600000	2685.62600000	2687.37160000
2896588628.76254177	2731.95000000	2734.99800000	2668.18800000	2667.20800000	2710.16600000	2711.96600000	2682.61800000	2685.42600000	2641.81000000	2647.96000000	2670.18000000	2670.58400000	2651.51600000	2653.93600000	2648.67600000	2647.74600000	2641.12000000	2639.95800000	2657.57600000	2659.95200000	2670.38000000	2671.97340000
2897591973.24414730	2690.32400000	2691.48800000	2676.20000000	2674.32200000	2675.65200000	2679.86800000	2682.13600000	2679.32000000	2690.71400000	2684.96800000	2684.73800000	2687.67200000	2711.06400000	2709.47400000	2637.18000000	2640.49000000	2661.57400000	2663.46000000	2680.99800000	2681.78400000	2679.05800000	2679.28460000
2898595317.72575235	2724.82800000	2724.29800000	2661.48200000	2661.61400000	2680.97400000	2682.68800000	2683.42800000	2684.79400000	2677.83400000	2680.53800000	2670.46000000	2670.17400000	2665.23000000	2666.38600000	2639.04400000	2636.52400000	2654.62200000	2660.48000000	2716.94200000	2718.91800000	2677.48440000	2678.64140000
2899598662.20735788	2747.89600000	2745.20400000	2676.57400000	2675.55000000	2714.76200000	2712.91200000	2687.52400000	2689.25400000	2664.76600000	2666.96000000	2654.42800000	2655.67600000	2674.24400000	2673.43000000	2666.07600000	2666.42200000	2658.54400000	2657.43200000	2644.88000000	2639.28400000	2678.96940000	2678.21240000
2900602006.68896341	2696.24200000	2698.95200000	2691.33000000	2691.33600000	2654.48000000	2654.06600000	2688.08000000	2685.93800000	2672.61200000	2675.37800000	2647.93800000	2645.01000000	2664.85200000	2667.14600000	2652.35800000	2651.74600000	2671.85200000	2677.07400000	2644.25600000	2650.24600000	2668.40000000	2669.68920000
2901605351.17056847	2698.09200000	2692.55000000	2688.18000000	2687.02800000	2676.98200000	2680.96400000	2674.22200000	2674.51800000	2670.88400000	2666.39800000	2667.52600000	2669.17200000	2663.27600000	2662.89800000	2647.83000000	2649.16000000	2711.31200000	2713.27200000	2661.21800000	2658.48600000	2675.95220000	2675.44460000
2902608695.65217400	2741.20800000	2743.56600000	2671.32400000	2668.69400000	2678.74800000	2668.48400000	2677.86200000	2681.19800000	2687.78600000	2688.95400000	2678.26800000	2676.81800000	2670.92000000	2668.45400000	2642.11600000	2650.28600000	2639.38800000	2639.00400000	2739.12400000	2733.73400000	2682.67440000	2681.91920000
2903612040.13377905	2671.24600000	2663.26400000	2681.61400000	2684.22000000	2719.88600000	2714.13600000	2655.14200000	2649.98400000	2675.25400000	2676.44600000	2662.57800000	2661.93200000	2676.03000000	2672.98600000	2647.60200000	2649.34200000	2676.14800000	2673.89200000	2657.81200000	2658.10000000	2672.33120000	2670.43020000
2904615384.61538458	2711.68400000	2714.09200000	2679.89200000	2684.99200000	2740.88600000	2734.06000000	2670.98600000	2668.12600000	2659.91800000	2657.25000000	2661.19800000	2660.60400000	2684.53200000	2680.05800000	2664.24400000	2667.23200000	2660.87600000	2658.88000000	2647.89600000	2644.67600000	2678.21120000	2676.99700000
2905618729.09699011	2741.33800000	2738.86400000	2673.84400000	2670.99600000	2722.64400000	2719.83600000	2687.31800000	2686.10800000	2659.65400000	2661.56200000	2655.93800000	2655.18000000	2675.62800000	2675.50800000	2657.22000000	2653.37800000	2667.64800000	2667.80000000	2645.25000000	2645.18600000	2678.64820000	2677.44180000
2906622073.57859516	2699.05200000	2694.66800000	2669.63600000	2666.85800000	2692.83000000	2691.19200000	2693.30800000	2691.38600000	2678.34600000	2677.19200000	2668.79200000	2669.89000000	2707.08600000	2705.23600000	2641.17200000	2643.29800000	2681.10600000	2684.61000000	2691.18800000	2688.76800000	2682.25160000	2681.30980000
2907625418.06020069	2706.54200000	2702.79000000	2677.75000000	2674.64000000	2733.65400000	2733.35000000	2670.00800000	2674.30200000	2657.99000000	2654.73800000	2663.16400000	2663.95800000	2679.95800000	2678.95600000	2661.08400000	2661.36000000	2656.58200000	2657.96400000	2642.91400000	2643.04800000	2674.96460000	2674.51060000
2908628762.54180622	2743.96000000	2744.63000000	2679.98200000	2680.99200000	2666.18800000	2668.69800000	2675.24600000	2670.49800000	2694.48800000	2693.55000000	2692.72000000	2692.03800000	2646.21600000	2644.10800000	2646.82200000	2643.42000000	2639.59000000	2640.98200000	2711.11800000	2713.39400000	2679.63300000	2679.23100000
2909632107.02341127	2729.75000000	2724.52000000	2666.99600000	2669.17200000	2674.95200000	2675.85800000	2681.79400000	2675.02400000	2682.89200000	2682.26800000	2668.74000000	2670.33400000	2669.03600000	2673.18000000	2642.21800000	2644.81000000	2642.65400000	2647.92200000	2731.78600000	2732.56800000	2679.08180000	2679.56560000
2910635451.50501680	2684.15200000	2689.74400000	2681.73600000	2680.19000000	2691.16200000	2698.05200000	2667.94600000	2666.16400000	2677.14600000	2681.39200000	2674.14200000	2675.35200000	2686.88800000	2682.84200000	2647.21600000	2648.62800000	2689.95800000	2692.00000000	2675.43800000	2673.43200000	2677.57840000	2678.77960000
2911638795.98662186	2689.74000000	2688.51800000	2681.76000000	2683.26800000	2671.29800000	2668.94000000	2666.30600000	2663.03600000	2683.14000000	2682.56800000	2669.12000000	2665.27800000	2683.03400000	2675.31000000	2656.82400000	2653.08400000	2730.75800000	2730.74200000	2672.13000000	2672.26400000	2680.41100000	2678.30080000
2912642140.46822739	2713.44400000	2711.74400000	2662.46600000	2662.52200000	2676.71600000	2677.47800000	2692.45600000	2683.21800000	2676.22800000	2671.12800000	2669.13800000	2668.22800000	2668.04200000	2663.39000000	2628.31800000	2628.69200000	2656.18400000	2650.17600000	2705.19200000	2703.91800000	2674.81840000	2672.04940000
2913645484.94983292	2696.29000000	2693.01200000	2683.58000000	2680.12000000	2673.08800000	2669.61000000	2667.89200000	2666.62600000	2680.13200000	2675.85000000	2665.84600000	2662.79400000	2678.69200000	2675.73600000	2645.05600000	2642.74400000	2730.46800000	2728.76400000	2668.03600000	2671.02400000	2678.90800000	2676.62800000
2914648829.43143797	2697.87800000	2692.75400000	2685.07800000	2684.01400000	2684.33600000	2677.64800000	2671.64800000	2674.26200000	2669.28200000	2664.45400000	2672.95600000	2672.20200000	2664.99800000	2663.19400000	2649.87600000	2643.52800000	2717.03600000	2716.44000000	2659.36800000	2659.98800000	2677.24560000	2674.84840000
2915652173.91304350	2689.81000000	2684.53800000	2696.05000000	2691.70400000	2695.56800000	2692.91800000	2707.09800000	2697.20800000	2662.68800000	2659.47000000	2684.27400000	2678.91600000	2671.12000000	2668.16000000	2656.12600000	2663.80200000	2651.84200000	2645.97800000	2633.64000000	2631.98000000	2674.82160000	2671.46740000
2916655518.39464903	2745.05600000	2749.68400000	2677.39600000	2676.42800000	2715.87400000	2716.55600000	2685.64200000	2692.45200000	2668.29000000	2661.50600000	2658.43200000	2660.14600000	2673.40600000	2675.33200000	2667.15600000	2666.14200000	2653.61000000	2657.45800000	2649.20600000	2648.30200000	2679.40680000	2680.40060000
2917658862.87625408	2745.59400000	2746.62000000	2668.90600000	2667.20400000	2670.34800000	2666.98200000	2689.43800000	2687.24200000	2700.83800000	2699.51400000	2679.91000000	2677.64000000	2660.47400000	2660.87200000	2645.26000000	2646.20200000	2636.84800000	2637.75800000	2733.01200000	2736.53200000	2683.06280000	2682.65660000
2918662207.35785961	2679.45000000	2679.75600000	2682.30400000	2685.17200000	2735.56400000	2732.59000000	2675.73000000	2672.93000000	2682.33200000	2677.41200000	2666.18200000	2663.23200000	2672.76200000	2673.73200000	2660.07400000	2665.00800000	2666.98400000	2667.73400000	2653.37200000	2654.83200000	2677.47540000	2677.23980000
2919665551.83946514	2712.35800000	2715.07200000	2671.41200000	2668.78600000	2675.96800000	2678.37800000	2678.80600000	2678.08200000	2684.19600000	2684.41000000	2683.71400000	2684.18200000	2707.62000000	2706.76800000	2661.61200000	2664.06200000	2657.81600000	2658.42200000	2687.80400000	2690.67400000	2682.13060000	2682.88360000
2920668896.32107019	2696.20800000	2697.05400000	2695.64600000	2695.44600000	2656.67800000	2654.88200000	2678.59600000	2679.25000000	2679.37200000	2676.01000000	2646.89000000	2644.27400000	2676.21600000	2672.64800000	2653.45200000	2656.21200000	2694.89200000	2690.81000000	2655.56000000	2654.47400000	2673.35100000	2672.10600000
2921672240.80267572	2686.05800000	2688.23200000	2665.41000000	2662.87600000	2681.91200000	2680.01200000	2688.18800000	2688.27200000	2690.39000000	2689.36600000	2682.16200000	2683.34200000	2715.66600000	2717.12400000	2634.60200000	2636.23600000	2671.85000000	2669.29000000	2679.27400000	2683.79400000	2679.55120000	2679.85440000
2922675585.28428078	2702.90200000	2700.06000000	2667.48400000	2663.74200000	2694.16000000	2690.12600000	2697.58600000	2694.08800000	2680.97600000	2677.52600000	2668.51000000	2666.74400000	2710.69800000	2706.70200000	2640.41200000	2640.56200000	2682.88600000	2680.50200000	2696.78800000	2690.20400000	2684.24020000	2681.02560000
2923678929.76588631	2719.31800000	2722.12800000	2678.43800000	2680.43000000	2677.05400000	2680.67000000	2681.35400000	2682.08600000	2686.25800000	2687.56000000	2690.69800000	2684.81000000	2718.74800000	2716.86400000	2663.17000000	2657.40800000	2665.86600000	2663.38600000	2696.91400000	2699.22000000	2687.78180000	2687.45620000
2924682274.24749184	2702.68200000	2701.23600000	2661.83800000	2665.48400000	2689.93400000	2693.46600000	2694.06000000	2695.83200000	2676.13400000	2676.75600000	2667.66400000	2664.73600000	2705.61000000	2703.91000000	2634.82600000	2635.84400000	2680.28400000	2679.61800000	2693.91600000	2692.37600000	2680.69480000	2680.92580000
2925685618.72909689	2692.32800000	2687.35600000	2692.92000000	2689.85400000	2681.51400000	2680.92800000	2702.86000000	2700.61200000	2669.04400000	2666.74200000	2669.13800000	2667.58800000	2668.43000000	2670.44600000	2653.84800000	2653.81000000	2652.22800000	2655.96800000	2635.10000000	2630.37400000	2671.74100000	2670.36780000
2926688963.21070242	2676.71400000	2675.34200000	2682.92800000	2684.27800000	2736.29400000	2738.87600000	2674.53600000	2675.26400000	2677.86200000	2677.56000000	2661.24200000	2658.31800000	2671.63400000	2668.86000000	2660.38400000	2656.47400000	2669.34800000	2668.96800000	2650.96400000	2650.75800000	2676.19060000	2675.46980000
2927692307.69230747	2752.38400000	2741.96400000	2676.87000000	2672.44000000	2715.26800000	2716.28600000	2689.59600000	2682.47000000	2666.40400000	2665.18600000	2659.93000000	2653.84400000	2680.99000000	2677.02400000	2664.16800000	2661.83800000	2666.10800000	2666.29200000	2641.87600000	2644.45200000	2681.35940000	2678.17960000
2928695652.17391300	2703.15800000	2698.02000000	2664.00600000	2658.68400000	2671.01400000	2669.06400000	2698.60200000	2697.21200000	2679.80000000	2676.84200000	2664.71800000	2668.53400000	2678.39600000	2674.86000000	2626.43000000	2628.61800000	2661.72400000	2664.20600000	2697.62600000	2694.14200000	2674.54740000	2673.01820000
2929698996.65551853	2681.97200000	2674.99400000	2686.31600000	2686.97000000	2735.83200000	2736.60800000	2681.59600000	2674.99600000	2682.65800000	2678.87600000	2667.10200000	2666.08200000	2675.75400000	2673.47800000	2661.92200000	2659.76200000	2666.93600000	2664.81400000	2650.27800000	2658.84400000	2679.03660000	2677.54240000
2930702341.13712358	2694.45200000	2694.05600000	2696.21200000	2695.29400000	2663.87600000	2659.44400000	2692.02000000	2686.19600000	2670.51600000	2669.74000000	2647.24000000	2647.00200000	2669.74400000	2665.37000000	2658.05400000	2656.93800000	2673.75000000	2667.93400000	2648.20600000	2648.54600000	2671.40700000	2669.05200000
2931705685.61872911	2732.11600000	2728.94000000	2677.89600000	2675.18400000	2724.04000000	2727.37800000	2676.72200000	2673.14600000	2651.04000000	2651.80200000	2650.82000000	2646.79200000	2681.64800000	2681.02000000	2654.12400000	2655.71400000	2656.46000000	2655.66200000	2641.17800000	2637.97400000	2674.60440000	2673.36120000
2932709030.10033464	2755.91600000	2751.35400000	2664.28800000	2660.06800000	2675.49000000	2678.36200000	2680.25000000	2681.41800000	2672.79000000	2671.74800000	2671.88400000	2670.43800000	2648.01800000	2650.05200000	2652.81400000	2650.68600000	2649.03000000	2652.02200000	2678.84000000	2673.89800000	2674.93200000	2674.00460000
2933712374.58193970	2706.00800000	2702.49800000	2680.90600000	2679.84200000	2671.41400000	2672.75800000	2669.50000000	2665.57800000	2672.63000000	2667.63400000	2664.44800000	2668.45600000	2669.25600000	2673.22800000	2646.50200000	2643.93200000	2736.93400000	2731.72600000	2662.53200000	2664.13800000	2678.01300000	2676.97900000
2934715719.06354523	2753.77200000	2753.09400000	2674.91200000	2676.98600000	2669.30600000	2668.18400000	2688.57200000	2685.59800000	2698.63400000	2699.94200000	2682.52600000	2679.20000000	2663.19600000	2665.50400000	2646.00000000	2646.35800000	2638.10400000	2634.05600000	2735.65800000	2734.65400000	2685.06800000	2684.35760000
2935719063.54515076	2744.55400000	2741.66400000	2674.21000000	2675.07200000	2716.82600000	2713.07000000	2683.81800000	2683.62800000	2661.79800000	2666.88000000	2654.75400000	2656.35400000	2678.38200000	2676.80200000	2657.45600000	2655.37600000	2660.31200000	2657.23800000	2641.72600000	2640.14400000	2677.38360000	2676.62280000
2936722408.02675581	2714.74800000	2711.87200000	2678.52600000	2678.07600000	2680.43400000	2679.74400000	2679.77600000	2678.54800000	2690.14800000	2687.30400000	2688.81000000	2689.07200000	2708.33800000	2707.16000000	2658.41600000	2660.06200000	2661.83800000	2664.29600000	2694.45400000	2693.59200000	2685.54880000	2684.97260000
2937725752.50836134	2702.82000000	2703.97200000	2679.40200000	2680.82000000	2677.20600000	2670.90400000	2671.64400000	2670.96600000	2674.79400000	2675.63600000	2670.84400000	2670.88200000	2669.47000000	2670.87000000	2651.20200000	2646.69200000	2732.16800000	2732.49200000	2665.83800000	2660.70800000	2679.53880000	2678.39420000
2938729096.98996639	2682.01400000	2686.53800000	2677.15200000	2679.05400000	2689.58000000	2690.31800000	2664.95000000	2664.99800000	2679.80800000	2670.74000000	2677.08400000	2668.62600000	2683.88400000	2675.79800000	2651.03000000	2648.42600000	2690.19200000	2690.19800000	2667.59400000	2664.23400000	2676.32880000	2673.89300000
2939732441.47157192	2695.02400000	2693.52800000	2694.65800000	2696.12000000	2695.11600000	2688.05400000	2712.13000000	2709.31400000	2665.79000000	2668.06000000	2678.81400000	2671.44000000	2668.81200000	2667.71800000	2663.17200000	2658.22400000	2652.66000000	2645.42000000	2631.67800000	2629.91200000	2675.78540000	2672.77900000
2940735785.95317745	2711.38000000	2710.56400000	2657.16200000	2658.93200000	2677.26200000	2676.69600000	2687.83800000	2686.20200000	2677.15800000	2672.09800000	2670.42200000	2666.28800000	2666.82200000	2665.52000000	2626.33000000	2626.39400000	2661.53400000	2658.82800000	2701.69600000	2698.63800000	2673.76040000	2672.01600000
2941739130.43478251	2715.50600000	2710.01200000	2673.32800000	2673.12200000	2681.14800000	2674.17200000	2685.16400000	2681.86400000	2696.29400000	2689.62000000	2689.72600000	2690.09800000	2716.83200000	2716.46200000	2660.31800000	2661.57800000	2665.18000000	2658.79400000	2695.39400000	2696.26600000	2687.88900000	2685.19880000
2942742474.91638803	2742.35600000	2740.52200000	2670.14400000	2667.54000000	2669.03000000	2671.31800000	2684.64000000	2682.81000000	2690.74800000	2684.21400000	2680.31400000	2679.20800000	2665.27800000	2664.11600000	2642.44200000	2640.72200000	2634.68000000	2634.64600000	2734.60000000	2732.84600000	2681.42320000	2679.79420000
2943745819.39799309	2693.34600000	2692.79000000	2681.68600000	2683.41000000	2684.79600000	2687.75800000	2672.61600000	2670.74400000	2675.36200000	2669.40800000	2667.76600000	2671.26200000	2671.28200000	2669.79600000	2646.52600000	2651.00400000	2688.25800000	2687.93600000	2665.73200000	2669.04600000	2674.73700000	2675.31540000
2944749163.87959862	2729.67200000	2728.22200000	2671.37000000	2674.67600000	2722.60400000	2722.35600000	2681.17400000	2681.34600000	2655.74000000	2653.17600000	2652.14000000	2653.30000000	2678.33800000	2677.36400000	2651.08600000	2651.81200000	2660.83000000	2656.96400000	2644.79800000	2636.77200000	2674.77520000	2673.59880000
2945752508.36120415	2756.26200000	2757.52200000	2665.87200000	2665.42400000	2684.25600000	2680.92200000	2668.43800000	2671.91200000	2680.36800000	2679.87600000	2670.92400000	2669.18000000	2644.99200000	2643.94200000	2654.51800000	2652.58600000	2649.08800000	2651.24800000	2678.94400000	2679.27200000	2675.36620000	2675.18840000
2946755852.84280920	2712.20600000	2711.18200000	2693.89600000	2689.57600000	2700.77600000	2696.06600000	2677.97800000	2675.15200000	2681.53000000	2676.41000000	2692.63400000	2694.58600000	2689.65400000	2685.62000000	2652.17000000	2653.53400000	2657.02800000	2654.74400000	2697.91000000	2699.72800000	2685.57820000	2683.65980000
2947759197.32441473	2705.09800000	2704.07000000	2701.13200000	2695.92000000	2660.10400000	2664.05000000	2688.39200000	2686.75800000	2671.83800000	2672.17200000	2647.46600000	2639.18800000	2667.45800000	2672.95800000	2660.55400000	2659.15000000	2696.59400000	2692.36400000	2651.09600000	2651.60200000	2674.97320000	2673.82320000
2948762541.80602026	2740.98000000	2734.49200000	2662.04400000	2664.45000000	2715.71000000	2711.75800000	2688.03200000	2686.77200000	2649.88000000	2646.30600000	2669.65200000	2668.46800000	2652.13000000	2650.96000000	2654.00400000	2647.75600000	2642.06600000	2638.42800000	2654.42800000	2654.69200000	2672.89260000	2670.40820000
2949765886.28762531	2745.23800000	2740.30600000	2661.24200000	2660.71200000	2711.88800000	2713.31400000	2693.01600000	2691.14400000	2650.51800000	2653.95000000	2677.21600000	2676.04400000	2652.08800000	2655.81800000	2654.19600000	2653.08600000	2636.18800000	2635.31200000	2657.01400000	2654.67000000	2673.86040000	2673.43560000
2950769230.76923084	2732.34000000	2729.48400000	2673.37200000	2670.11000000	2673.52200000	2669.18400000	2680.46600000	2682.22400000	2682.67000000	2681.89800000	2674.51600000	2672.95600000	2671.62000000	2669.70200000	2642.97800000	2637.13600000	2634.50400000	2631.59400000	2735.32000000	2735.35000000	2680.13080000	2677.96380000
2951772575.25083637	2726.34400000	2731.34400000	2678.53600000	2681.38600000	2728.49000000	2728.06600000	2677.46800000	2673.22800000	2649.77800000	2649.53200000	2651.83600000	2648.70000000	2682.44600000	2681.56000000	2658.86800000	2657.58200000	2655.94800000	2657.23000000	2636.23000000	2628.50000000	2674.59440000	2673.71280000
2952775919.73244143	2709.55400000	2710.03200000	2689.73600000	2688.46400000	2697.06800000	2694.46200000	2669.74800000	2672.70000000	2677.82000000	2674.60000000	2690.01800000	2688.10600000	2686.55600000	2685.31600000	2654.50800000	2652.44600000	2655.40600000	2655.03600000	2703.90800000	2700.38400000	2683.43220000	2682.15460000
2953779264.21404696	2695.75800000	2687.97600000	2682.22400000	2683.61200000	2686.61200000	2683.46400000	2688.53200000	2686.35600000	2696.22000000	2690.05000000	2694.50400000	2689.20600000	2716.32400000	2715.68200000	2648.04800000	2640.77400000	2665.71600000	2667.25400000	2690.18200000	2689.92200000	2686.41200000	2683.42960000
2954782608.69565201	2687.23600000	2686.82400000	2680.61400000	2679.65600000	2669.54000000	2668.15200000	2662.85400000	2665.26000000	2681.90200000	2684.30400000	2661.91200000	2666.07400000	2679.35200000	2675.29200000	2651.69800000	2647.87000000	2726.81600000	2719.67200000	2673.11200000	2675.02400000	2677.50360000	2676.81280000
2955785953.17725754	2748.67200000	2745.50600000	2665.29000000	2660.94400000	2721.38600000	2719.29200000	2694.44200000	2691.40200000	2650.68000000	2651.41200000	2678.48000000	2676.76200000	2654.49600000	2654.13000000	2653.35200000	2655.93400000	2640.46200000	2637.17400000	2660.53800000	2659.91000000	2676.77980000	2675.24660000
2956789297.65886307	2682.75000000	2681.49200000	2693.89600000	2687.66400000	2690.20000000	2689.12600000	2704.41000000	2700.38600000	2655.49400000	2657.37400000	2675.13000000	2680.13000000	2666.91400000	2662.69600000	2659.66200000	2658.72400000	2642.67400000	2643.41400000	2630.75000000	2631.37000000	2670.18800000	2669.23760000
2957792642.14046812	2691.43400000	2691.09800000	2683.16200000	2681.61200000	2671.73800000	2669.89000000	2668.81000000	2664.76400000	2687.60800000	2684.57000000	2667.48200000	2669.51400000	2682.60600000	2679.52000000	2651.53200000	2654.16200000	2729.88800000	2730.35400000	2676.43200000	2683.77800000	2681.06920000	2680.92620000
2958795986.62207365	2691.07000000	2695.24000000	2696.76000000	2696.25000000	2682.84800000	2684.78400000	2705.86400000	2699.89200000	2669.67400000	2664.82600000	2671.17000000	2671.53200000	2672.08000000	2676.48400000	2662.24000000	2657.68200000	2658.97200000	2654.14400000	2640.77800000	2637.45000000	2675.14560000	2673.82840000
2959799331.10367870	2722.58200000	2722.56400000	2664.31200000	2664.76600000	2678.47200000	2676.22800000	2683.13000000	2684.01600000	2684.53400000	2678.86200000	2663.78600000	2663.63000000	2666.21800000	2666.12400000	2637.51200000	2633.71400000	2653.36200000	2650.36000000	2722.91800000	2724.78200000	2677.68260000	2676.50460000
2960802675.58528423	2747.50200000	2748.02200000	2685.08600000	2686.18200000	2676.30800000	2674.34800000	2689.79600000	2686.46600000	2704.23200000	2696.42000000	2696.64800000	2696.75000000	2656.16200000	2656.55600000	2649.71000000	2649.23800000	2645.66000000	2644.22200000	2732.69600000	2728.37800000	2688.38000000	2686.65820000
2961806020.06688976	2713.92200000	2708.12400000	2664.94800000	2662.56800000	2676.97200000	2671.75200000	2696.08200000	2691.57600000	2685.91400000	2680.60600000	2672.52600000	2669.97200000	2671.94800000	2670.86800000	2630.84400000	2631.07600000	2665.84800000	2663.13200000	2705.56000000	2703.55200000	2678.45640000	2675.32260000
2962809364.54849482	2748.05000000	2750.35400000	2669.13600000	2671.61000000	2671.97400000	2674.36800000	2690.18400000	2690.13800000	2703.80000000	2700.02600000	2681.31400000	2681.30600000	2662.17000000	2666.66600000	2647.44400000	2646.39200000	2638.13600000	2635.48800000	2734.92600000	2736.50600000	2684.71340000	2685.28540000
2963812709.03010035	2672.41800000	2672.54400000	2680.75000000	2677.36400000	2693.89600000	2691.64800000	2663.06200000	2659.76600000	2680.90800000	2676.48600000	2669.41600000	2669.81600000	2687.95400000	2682.57400000	2650.64200000	2648.59400000	2682.46800000	2680.11400000	2675.34200000	2668.64000000	2675.68560000	2672.75460000
2964816053.51170588	2673.62200000	2669.16600000	2683.94200000	2682.53200000	2720.80200000	2719.52600000	2669.20800000	2664.25600000	2673.15400000	2676.11000000	2664.98200000	2663.61800000	2674.92000000	2671.76600000	2651.50800000	2644.87400000	2681.09800000	2679.56400000	2659.38600000	2655.27600000	2675.26220000	2672.66880000
2965819397.99331093	2696.27800000	2692.49400000	2700.67400000	2694.91200000	2682.13200000	2682.79400000	2701.19600000	2700.24400000	2670.38000000	2667.08800000	2669.58400000	2669.85400000	2671.03800000	2668.77400000	2659.15800000	2657.59000000	2660.44000000	2658.02000000	2643.10400000	2641.70800000	2675.39840000	2673.34780000
2966822742.47491646	2731.21400000	2727.13400000	2669.69000000	2669.14800000	2679.39200000	2677.67000000	2687.55600000	2687.15600000	2693.52400000	2687.25400000	2677.46000000	2674.81600000	2679.81200000	2676.52000000	2644.18600000	2642.11400000	2650.21600000	2652.80600000	2742.37400000	2738.05600000	2685.54240000	2683.26740000
2967826086.95652199	2698.20000000	2696.58200000	2677.40400000	2676.58200000	2730.19800000	2725.66000000	2681.31800000	2685.44600000	2672.58400000	2669.85400000	2674.19400000	2670.25000000	2676.50000000	2676.59400000	2679.50800000	2675.67200000	2669.53800000	2664.85400000	2650.32800000	2651.00400000	2680.97720000	2679.24980000
2968829431.43812704	2731.09400000	2734.14600000	2668.00600000	2671.46200000	2676.13800000	2677.09800000	2689.64800000	2686.18400000	2691.61600000	2690.79600000	2675.64000000	2676.36600000	2682.20400000	2680.69200000	2648.55200000	2644.11800000	2646.87800000	2641.07800000	2738.17400000	2741.33000000	2684.79500000	2684.32700000
2969832775.91973257	2745.47600000	2742.73600000	2676.54000000	2674.11800000	2671.58000000	2667.30600000	2668.03800000	2667.23000000	2681.01600000	2683.91800000	2689.02800000	2686.39400000	2644.75800000	2644.97800000	2652.93400000	2650.14600000	2646.33400000	2649.61400000	2693.39000000	2695.53600000	2676.90940000	2676.19760000
2970836120.40133762	2705.49000000	2701.01800000	2676.83800000	2676.59800000	2674.07000000	2665.81200000	2667.46800000	2664.84000000	2672.92800000	2668.22400000	2664.23600000	2660.74800000	2668.39400000	2670.20600000	2647.18000000	2639.30200000	2723.63600000	2728.12000000	2660.33000000	2659.71000000	2676.05700000	2673.45780000
2971839464.88294315	2735.74600000	2732.84600000	2674.75200000	2672.17800000	2676.45000000	2672.77200000	2688.15600000	2683.36800000	2686.01000000	2685.39000000	2675.67400000	2675.21400000	2680.80800000	2681.45400000	2641.51400000	2641.62000000	2648.41000000	2644.52200000	2739.93400000	2739.08000000	2684.74540000	2682.84440000
2972842809.36454868	2755.21000000	2754.06000000	2671.15600000	2664.48000000	2679.68400000	2677.35000000	2684.06000000	2684.36000000	2679.49400000	2679.84800000	2677.38600000	2672.25000000	2650.19200000	2653.99000000	2654.40600000	2656.99800000	2654.50800000	2652.25800000	2683.01800000	2686.34200000	2678.91140000	2678.19360000
2973846153.84615374	2689.42800000	2689.78000000	2707.09000000	2705.47400000	2692.79000000	2690.90400000	2696.17400000	2695.75400000	2662.18400000	2665.20200000	2685.70400000	2685.08400000	2676.45800000	2675.26800000	2669.44400000	2669.16000000	2640.09000000	2639.71000000	2643.03200000	2641.48000000	2676.23940000	2675.78160000
2974849498.32775927	2752.14800000	2751.54800000	2677.86400000	2671.30000000	2674.85000000	2670.47600000	2684.65400000	2684.25400000	2674.59600000	2672.74400000	2682.36200000	2681.47400000	2648.56800000	2647.72400000	2656.70800000	2649.09800000	2648.70000000	2647.80200000	2690.94600000	2686.71200000	2679.13960000	2676.31320000
2975852842.80936432	2733.83000000	2732.03600000	2678.37600000	2670.03000000	2716.54800000	2715.63400000	2688.53400000	2685.04800000	2662.52200000	2656.76200000	2658.49200000	2653.98600000	2671.68600000	2671.81800000	2669.82600000	2667.40000000	2645.84400000	2646.42400000	2645.98600000	2644.39800000	2677.16440000	2674.35360000
2976856187.29096985	2708.72400000	2707.84400000	2688.31600000	2685.50400000	2682.37200000	2679.85400000	2686.64400000	2684.33800000	2691.23600000	2686.23600000	2689.73600000	2686.83200000	2697.84800000	2700.12600000	2658.13800000	2652.46800000	2664.12800000	2661.02400000	2689.12000000	2688.97000000	2685.62620000	2683.31960000
2977859531.77257538	2755.11600000	2758.05600000	2662.27400000	2664.39400000	2703.15600000	2701.52000000	2683.93000000	2680.52400000	2676.57400000	2670.29400000	2681.61000000	2677.34800000	2656.83800000	2657.49800000	2655.22800000	2656.91000000	2646.44400000	2641.51000000	2664.78400000	2666.49000000	2678.59540000	2677.45440000
2978862876.25418043	2688.28000000	2686.64000000	2693.85600000	2691.73000000	2695.20800000	2693.36800000	2707.21000000	2706.63000000	2664.02400000	2665.60200000	2672.87800000	2675.92600000	2676.12800000	2671.56400000	2659.08200000	2657.22000000	2648.21000000	2649.30000000	2628.27400000	2625.15400000	2673.31500000	2672.31340000
2979866220.73578596	2749.60000000	2746.46400000	2660.68800000	2656.70600000	2705.84600000	2703.89000000	2690.74400000	2685.15600000	2661.30800000	2657.39800000	2679.31400000	2675.16200000	2656.40000000	2654.18400000	2651.29600000	2650.40400000	2642.93200000	2642.46600000	2659.49000000	2659.88000000	2675.76180000	2673.17100000
2980869565.21739149	2744.85200000	2740.23600000	2673.89800000	2673.26600000	2720.75400000	2721.34200000	2691.73800000	2686.76400000	2662.83200000	2659.11400000	2659.02000000	2659.75800000	2678.92400000	2679.86000000	2655.90000000	2651.83200000	2670.60200000	2664.25000000	2642.25600000	2644.29000000	2680.07760000	2678.07120000
2981872909.69899654	2682.51800000	2680.25800000	2683.46800000	2683.06800000	2728.85800000	2722.82000000	2679.15800000	2679.93800000	2674.79000000	2672.95000000	2658.04000000	2658.36800000	2676.91400000	2667.08800000	2665.09800000	2666.67400000	2664.92000000	2662.61000000	2644.98200000	2645.31200000	2675.87460000	2673.90860000
2982876254.18060207	2734.22200000	2733.11000000	2675.19400000	2669.75000000	2675.07400000	2668.84600000	2688.36800000	2686.45200000	2685.45000000	2684.98000000	2672.87600000	2672.32600000	2678.44600000	2675.25800000	2644.05200000	2641.31600000	2635.85200000	2634.20400000	2741.59400000	2734.51400000	2683.11280000	2680.07560000
2983879598.66220760	2676.55400000	2674.10800000	2689.21400000	2688.03600000	2737.91600000	2739.35400000	2677.49800000	2675.72200000	2680.74600000	2677.64200000	2665.13000000	2662.96200000	2672.68600000	2674.03200000	2659.34200000	2655.09200000	2669.54600000	2667.72600000	2654.96000000	2648.78600000	2678.35920000	2676.34600000
2984882943.14381266	2698.36000000	2693.70800000	2684.40400000	2679.15000000	2675.69800000	2670.30800000	2668.78200000	2665.72600000	2685.46400000	2679.72800000	2666.68400000	2667.50400000	2684.14400000	2674.03800000	2647.08200000	2644.95800000	2735.82000000	2729.85600000	2672.48800000	2670.99400000	2681.89260000	2677.59700000
2985886287.62541819	2756.15800000	2748.87600000	2665.23600000	2662.30800000	2706.31400000	2705.19400000	2686.78400000	2682.55200000	2668.60000000	2664.32200000	2679.08000000	2676.81200000	2656.84000000	2655.18000000	2655.52400000	2652.85200000	2642.14000000	2641.41600000	2660.84000000	2655.73600000	2677.75160000	2674.52480000
2986889632.10702324	2681.08400000	2675.19000000	2690.18400000	2687.19000000	2739.81200000	2736.85000000	2680.50200000	2678.50000000	2684.03600000	2679.16800000	2666.46600000	2662.68400000	2676.41400000	2671.26800000	2659.59800000	2662.04600000	2668.77400000	2665.46400000	2658.67800000	2655.86000000	2680.55480000	2677.42200000
2987892976.58862877	2693.54800000	2693.10600000	2683.23600000	2686.10600000	2673.19600000	2672.27400000	2671.00200000	2668.08400000	2663.96600000	2662.54800000	2670.69800000	2669.71800000	2663.52000000	2660.17000000	2646.06600000	2641.93600000	2722.52400000	2716.54400000	2660.81000000	2658.01200000	2674.85660000	2672.84980000
2988896321.07023430	2755.17800000	2750.65800000	2674.63800000	2673.38800000	2674.43600000	2667.50200000	2693.97000000	2687.91200000	2707.42000000	2702.58400000	2681.19400000	2680.65400000	2666.44600000	2664.43200000	2649.82800000	2649.71800000	2640.89000000	2642.03200000	2736.98400000	2739.60800000	2688.09840000	2685.84880000
2989899665.55183935	2721.49200000	2723.77200000	2665.21400000	2658.89800000	2680.90800000	2682.34400000	2683.91200000	2683.80600000	2679.23800000	2676.50600000	2668.01000000	2667.16000000	2669.54400000	2665.03200000	2638.03000000	2633.49600000	2661.49800000	2655.40800000	2721.87200000	2716.50800000	2678.97180000	2676.29300000
2990903010.03344488	2757.22000000	2755.45600000	2668.61800000	2669.30600000	2697.41800000	2691.88000000	2670.94600000	2669.73600000	2679.54200000	2678.90600000	2671.85000000	2671.90000000	2646.94800000	2648.24000000	2656.05800000	2659.46800000	2646.24200000	2642.89200000	2676.17400000	2674.47400000	2677.10160000	2676.22580000
2991906354.51504993	2708.74000000	2708.60400000	2680.72400000	2681.17400000	2738.21200000	2735.53400000	2669.89200000	2672.46600000	2660.45200000	2658.87200000	2664.37800000	2658.60200000	2683.08800000	2681.40400000	2666.71400000	2666.00200000	2662.15600000	2658.45400000	2644.67200000	2644.66000000	2677.90280000	2676.57720000
2992909698.99665546	2758.79800000	2757.28000000	2666.94800000	2666.50800000	2684.74600000	2685.37400000	2677.53600000	2675.52400000	2680.85200000	2678.07400000	2672.34800000	2674.12200000	2652.76800000	2647.09800000	2657.23000000	2653.92200000	2651.09400000	2651.53400000	2686.21200000	2679.63400000	2678.85320000	2676.90700000
2993913043.47826099	2689.93000000	2688.08800000	2696.88800000	2696.52400000	2678.39000000	2673.52200000	2702.60600000	2702.99600000	2671.21400000	2671.94800000	2661.00000000	2660.44000000	2672.93000000	2670.66400000	2662.93400000	2656.19600000	2668.78000000	2670.25800000	2646.47800000	2647.78000000	2675.11500000	2673.84160000
2994916387.95986605	2674.20800000	2668.17600000	2687.86000000	2681.27400000	2707.11200000	2705.46800000	2656.27800000	2656.25800000	2683.27200000	2686.87800000	2669.41200000	2669.48400000	2680.44400000	2685.95000000	2657.59200000	2650.77000000	2684.70400000	2681.46400000	2669.23200000	2668.09200000	2677.01140000	2675.38140000
2995919732.44147158	2738.69000000	2735.65400000	2674.46800000	2676.25200000	2720.23800000	2722.43400000	2685.48000000	2685.61400000	2657.01000000	2656.91800000	2651.90200000	2660.59600000	2678.65000000	2674.14000000	2654.77400000	2651.92200000	2664.02200000	2666.33000000	2641.71600000	2640.92000000	2676.69500000	2677.07800000
2996923076.92307711	2726.65200000	2721.48800000	2665.81600000	2663.74400000	2683.60200000	2682.74800000	2689.67000000	2685.51600000	2681.68800000	2677.83800000	2672.93400000	2675.23600000	2672.16800000	2668.10600000	2635.88800000	2635.33600000	2661.93000000	2661.19600000	2716.82400000	2718.22800000	2680.71720000	2678.94360000
2997926421.40468216	2687.12400000	2690.97800000	2683.75400000	2683.78600000	2728.07400000	2726.39000000	2683.13000000	2678.31200000	2677.00200000	2676.70800000	2663.73400000	2660.27600000	2678.90200000	2675.70600000	2671.79400000	2668.92800000	2670.37200000	2668.20400000	2645.42000000	2646.62400000	2678.93060000	2677.59120000
2998929765.88628769	2687.95200000	2684.70800000	2689.48000000	2686.76800000	2664.51000000	2662.01800000	2671.08800000	2672.11600000	2689.67600000	2688.23600000	2657.97600000	2653.84200000	2680.66600000	2674.99400000	2658.70200000	2652.43800000	2713.05200000	2703.74800000	2670.49200000	2671.69000000	2678.35940000	2675.05580000
2999933110.36789322	2678.64000000	2672.83800000	2690.00200000	2686.84200000	2736.67200000	2731.61000000	2680.46800000	2679.03000000	2679.64200000	2677.55000000	2666.26400000	2660.73800000	2676.91400000	2675.58000000	2658.78800000	2657.23200000	2685.79000000	2687.46600000	2657.21600000	2656.15200000	2681.03960000	2678.50380000
3000936454.84949827	2751.96600000	2753.11000000	2675.98200000	2668.39000000	2668.05600000	2667.62600000	2681.58800000	2682.25000000	2700.79800000	2699.14800000	2675.41200000	2674.78000000	2660.08400000	2661.04400000	2649.37600000	2641.68000000	2633.92800000	2633.81400000	2734.54800000	2730.84200000	2683.17380000	2681.26840000
3001939799.33110380	2760.69600000	2755.86800000	2675.02600000	2670.55000000	2703.79400000	2702.13000000	2682.30400000	2678.35600000	2678.14000000	2679.70600000	2684.34000000	2682.24400000	2658.24800000	2657.68400000	2657.01800000	2656.95200000	2650.44800000	2644.77800000	2672.46800000	2674.84000000	2682.24820000	2680.31080000
3002943143.81270885	2705.90600000	2701.63800000	2688.83200000	2685.44400000	2691.45000000	2691.18800000	2670.91800000	2669.70200000	2674.78000000	2672.93600000	2686.95400000	2687.24600000	2684.66400000	2687.65200000	2653.35000000	2649.29000000	2648.38600000	2648.56200000	2697.83600000	2696.90600000	2680.30760000	2679.05640000
3003946488.29431438	2742.96800000	2743.77400000	2670.14200000	2672.81200000	2674.79200000	2675.51600000	2688.75000000	2683.90400000	2687.06400000	2691.26200000	2684.37200000	2679.51600000	2673.19600000	2674.44000000	2647.74200000	2648.27800000	2643.24000000	2640.51000000	2744.38000000	2741.53200000	2685.66460000	2685.15440000
3004949832.77591991	2683.70200000	2682.68800000	2683.55800000	2677.40200000	2696.18200000	2691.81000000	2666.63400000	2666.34200000	2678.84000000	2682.53000000	2679.63200000	2673.71200000	2686.01600000	2682.57400000	2652.66200000	2650.08200000	2693.39600000	2687.77000000	2672.73200000	2668.93800000	2679.33540000	2676.38480000
3005953177.25752497	2707.28600000	2696.94600000	2696.80800000	2692.37200000	2658.42800000	2653.93800000	2688.79400000	2684.64600000	2672.81400000	2670.68000000	2645.42000000	2645.95800000	2667.65800000	2668.03000000	2653.54200000	2651.33400000	2685.71400000	2679.17800000	2654.21400000	2648.00000000	2673.06780000	2669.10820000
3006956521.73913050	2694.08600000	2694.37800000	2691.76400000	2687.27600000	2658.90000000	2655.94800000	2677.70400000	2672.68200000	2684.80800000	2687.91400000	2650.21400000	2648.79400000	2679.90800000	2679.71200000	2655.67400000	2654.13200000	2704.13200000	2698.06800000	2660.21200000	2657.06600000	2675.74020000	2673.59700000
3007959866.22073555	2674.49400000	2671.30800000	2681.88200000	2684.18400000	2730.37600000	2725.12800000	2678.30400000	2672.03800000	2681.93800000	2679.47200000	2663.63400000	2661.31800000	2677.00000000	2672.33200000	2651.68000000	2651.76400000	2683.13400000	2680.60200000	2662.51000000	2655.56400000	2678.49520000	2675.37100000
3008963210.70234108	2759.00200000	2752.94200000	2674.33000000	2671.51200000	2676.09400000	2671.02200000	2689.88400000	2693.28600000	2708.34400000	2709.07200000	2681.72400000	2683.21000000	2664.09600000	2665.86200000	2654.76800000	2650.64400000	2644.58600000	2644.28600000	2741.19600000	2743.21000000	2689.40240000	2688.50460000
3009966555.18394661	2702.80600000	2701.96800000	2681.28800000	2681.04400000	2732.90000000	2726.80800000	2682.31000000	2684.15000000	2673.96800000	2668.80200000	2674.30400000	2671.65200000	2678.39400000	2680.63800000	2674.95800000	2680.49400000	2667.08800000	2663.22200000	2648.99600000	2648.57000000	2681.70120000	2680.73480000
3010969899.66555166	2712.92600000	2709.78000000	2692.47400000	2687.44400000	2683.59600000	2683.07000000	2682.80400000	2684.28600000	2694.94800000	2689.88000000	2700.24600000	2689.38600000	2707.04000000	2700.53400000	2655.16400000	2654.67800000	2665.26600000	2663.81200000	2695.11000000	2692.18000000	2688.95740000	2685.50500000
3011973244.14715719	2750.54200000	2752.29600000	2681.06800000	2678.91400000	2674.23600000	2672.81600000	2691.41200000	2689.31800000	2698.12200000	2698.32800000	2692.34800000	2689.86800000	2660.04600000	2658.66400000	2651.93400000	2642.82400000	2646.82200000	2639.85600000	2734.53000000	2734.05600000	2688.10600000	2685.69400000
3012976588.62876272	2678.20000000	2675.29400000	2681.18400000	2683.84000000	2701.69400000	2701.78200000	2665.66800000	2661.77800000	2677.50200000	2681.73800000	2674.59400000	2672.53600000	2686.97200000	2689.06000000	2654.90800000	2651.20200000	2686.68400000	2685.48400000	2672.54800000	2673.31200000	2677.99540000	2677.60260000
3013979933.11036777	2686.43000000	2683.14000000	2668.37200000	2664.08600000	2675.03600000	2679.44600000	2692.92400000	2687.47400000	2682.05000000	2684.16000000	2676.31600000	2675.02200000	2716.50600000	2714.19400000	2633.41000000	2633.14800000	2677.64400000	2671.62000000	2684.69800000	2676.28000000	2679.33860000	2676.85700000
3014983277.59197330	2699.77600000	2696.58000000	2666.76200000	2668.89400000	2683.79000000	2682.23400000	2695.97600000	2696.07000000	2679.53000000	2675.67600000	2664.49600000	2659.99200000	2689.57200000	2691.62400000	2637.83000000	2633.18000000	2673.44400000	2669.39800000	2697.65600000	2692.57400000	2678.88320000	2676.62220000
3015986622.07357883	2709.98200000	2706.77600000	2675.98000000	2677.34400000	2679.22600000	2674.01600000	2684.04200000	2677.53400000	2683.65000000	2676.99000000	2689.33400000	2687.23400000	2709.87400000	2707.04000000	2663.06600000	2665.64200000	2656.24200000	2654.56000000	2695.06000000	2692.62600000	2684.64560000	2681.97620000
3016989966.55518389	2750.26600000	2748.12000000	2681.67800000	2683.82200000	2678.20000000	2669.39800000	2685.55000000	2688.88000000	2699.09200000	2694.33400000	2695.37800000	2692.71600000	2655.05400000	2651.83400000	2649.18600000	2647.28000000	2642.80200000	2635.67200000	2721.66000000	2720.04800000	2685.88660000	2683.21040000
3017993311.03678942	2692.00000000	2690.70200000	2676.62000000	2677.67200000	2726.47000000	2723.23800000	2678.42400000	2680.14800000	2670.22400000	2670.84800000	2667.45200000	2665.93400000	2678.19800000	2677.56400000	2678.51000000	2673.31800000	2664.34000000	2661.83600000	2645.96200000	2648.20000000	2677.82000000	2676.94600000
3018996655.51839447	2688.11800000	2687.24200000	2673.48800000	2677.25000000	2667.75800000	2666.42800000	2669.82800000	2660.46200000	2680.66600000	2676.01800000	2664.19600000	2669.97400000	2676.19200000	2677.23200000	2642.51600000	2639.22200000	2733.08400000	2729.22600000	2668.71200000	2667.60400000	2676.45580000	2675.06580000
3020000000.00000000	2697.11400000	2698.22600000	2699.06400000	2699.35600000	2687.47600000	2682.71200000	2711.63400000	2709.65000000	2669.75800000	2672.46400000	2672.56400000	2668.57000000	2677.02600000	2677.27000000	2663.08600000	2657.93800000	2658.77800000	2659.29200000	2645.18200000	2642.23600000	2678.16820000	2676.77140000
