freq	PL_sig1	PL_ref1	PL_sig2	PL_ref2	PL_sig3	PL_ref3	PL_sig4	PL_ref4	PL_sig5	PL_ref5	PL_sig6	PL_ref6	PL_sig7	PL_ref7	PL_sig8	PL_ref8	PL_sig9	PL_ref9	PL_sig10	PL_ref10	avgPL_sig	avgPL_ref
2720000000.00000000	3259.00400000	3258.90200000	3203.19000000	3196.37800000	3145.21800000	3149.71600000	3188.14000000	3188.11800000	3213.34600000	3211.60400000	3148.51000000	3147.64600000	3138.49000000	3133.72800000	3078.95000000	3077.68000000	3191.63000000	3189.49400000	3116.26800000	3111.45800000	3168.27460000	3166.47240000
2721003344.48160553	3261.19400000	3261.90200000	3170.99400000	3166.38400000	3112.12000000	3109.77000000	3221.47000000	3220.15200000	3300.68000000	3297.10000000	3191.31000000	3188.09400000	3096.19000000	3093.88600000	3088.28400000	3081.63000000	3164.65800000	3161.90000000	3188.37600000	3187.90600000	3179.52760000	3176.87240000
2722006688.96321058	3248.64400000	3244.86600000	3166.49000000	3165.84800000	3153.00600000	3155.35800000	3168.83000000	3164.18400000	3219.00000000	3214.96400000	3125.24000000	3125.06400000	3119.44200000	3115.34200000	3116.90800000	3113.29800000	3186.16600000	3182.14000000	3098.06600000	3094.22400000	3160.17920000	3157.52880000
2723010033.44481611	3224.42200000	3222.36800000	3123.12200000	3116.46200000	3113.03400000	3107.92400000	3138.72400000	3139.35600000	3106.19400000	3104.95200000	3036.52600000	3032.85800000	3196.17200000	3194.09200000	3136.28600000	3136.58200000	3125.39600000	3128.85200000	3112.00200000	3112.47800000	3131.18780000	3129.59240000
2724013377.92642164	3324.63200000	3317.40000000	3201.26600000	3198.35600000	3107.04000000	3101.60200000	3084.60600000	3081.78600000	3140.98200000	3142.11200000	3131.19000000	3130.02800000	3017.63800000	3015.49600000	3202.14400000	3199.12000000	3198.85400000	3197.97200000	3125.80800000	3121.03000000	3153.41600000	3150.49020000
2725016722.40802670	3230.42000000	3230.68800000	3177.48200000	3173.29600000	3137.70000000	3136.90400000	3157.63000000	3157.29400000	3278.45400000	3276.58600000	3215.23000000	3211.23000000	3074.69800000	3071.85800000	3055.16400000	3054.68800000	3128.21000000	3131.43400000	3134.44200000	3132.92200000	3158.94300000	3157.69000000
2726020066.88963223	3270.91400000	3267.01800000	3259.73200000	3252.65800000	3169.93600000	3164.75600000	3112.48200000	3113.22600000	3215.28000000	3217.29400000	3194.82000000	3189.44600000	3099.47400000	3101.23600000	3127.73400000	3123.13000000	3114.93200000	3117.11200000	3180.57400000	3176.79400000	3174.58780000	3172.26700000
2727023411.37123728	3250.05200000	3249.79600000	3278.58200000	3272.58600000	3142.33200000	3138.58400000	3101.68000000	3098.74200000	3114.01000000	3110.19600000	3107.68600000	3103.36800000	3124.42200000	3122.66000000	3133.89400000	3132.30800000	3106.57000000	3111.37600000	3115.85000000	3113.04800000	3147.50780000	3145.26640000
2728026755.85284281	3251.95000000	3252.85600000	3179.55000000	3176.05800000	3150.36600000	3148.41600000	3163.06600000	3166.55200000	3212.75400000	3206.08600000	3118.17000000	3117.50200000	3097.27600000	3095.80600000	3132.89200000	3127.63600000	3188.95000000	3188.78200000	3063.01000000	3063.58000000	3155.79840000	3154.32740000
2729030100.33444834	3202.76000000	3202.27000000	3155.01400000	3152.03800000	3155.41400000	3151.09200000	3134.02200000	3129.06600000	3077.29200000	3077.25600000	3031.84800000	3030.14000000	3121.71600000	3120.40200000	3130.13800000	3128.25400000	3095.06400000	3096.21400000	3095.09800000	3095.48000000	3119.83660000	3118.22120000
2730033444.81605339	3211.09400000	3211.37400000	3108.74000000	3098.33800000	3099.22800000	3099.19200000	3156.00000000	3154.76200000	3116.15800000	3112.93000000	3024.75800000	3025.36000000	3214.05800000	3211.06800000	3133.97000000	3132.63800000	3111.65600000	3117.26600000	3111.09600000	3113.58200000	3128.67580000	3127.65100000
2731036789.29765892	3199.19600000	3199.79600000	3192.64000000	3192.92600000	3144.30400000	3144.79000000	3130.12600000	3131.57200000	3086.78000000	3080.55200000	3067.75200000	3065.59800000	3121.61600000	3122.65800000	3154.00000000	3156.52000000	3094.67000000	3094.42600000	3102.65000000	3105.18400000	3129.37340000	3129.40220000
2732040133.77926445	3285.40400000	3281.22000000	3144.76400000	3147.93000000	3184.01200000	3180.88800000	3133.26200000	3130.17400000	3205.67800000	3201.56200000	3140.63000000	3131.24200000	3104.43800000	3107.73200000	3155.14400000	3158.16200000	3217.39800000	3220.91600000	3035.52200000	3033.22000000	3160.62520000	3159.30460000
2733043478.26086950	3273.17200000	3275.54200000	3175.46800000	3177.28400000	3167.81600000	3161.98000000	3129.03600000	3130.15000000	3225.72600000	3227.31400000	3182.87800000	3184.14600000	3110.40400000	3107.70600000	3066.75000000	3060.36400000	3175.56000000	3172.75600000	3102.68800000	3102.55800000	3160.94980000	3159.98000000
2734046822.74247503	3292.18800000	3289.60400000	3196.36200000	3195.71800000	3107.67800000	3111.14000000	3100.74600000	3096.29000000	3149.29200000	3149.38800000	3131.85600000	3130.49600000	3024.57200000	3023.13400000	3190.31400000	3189.22600000	3222.98600000	3221.20600000	3100.30400000	3100.98000000	3151.62980000	3150.71820000
2735050167.22408009	3254.73600000	3249.73600000	3221.17000000	3216.59400000	3153.17200000	3154.74600000	3141.03200000	3146.38600000	3220.91800000	3214.07200000	3169.79800000	3171.91800000	3088.60000000	3089.10600000	3108.65400000	3105.20800000	3133.82400000	3130.39000000	3188.04200000	3190.07600000	3167.99460000	3166.82320000
2736053511.70568562	3234.12000000	3234.07400000	3188.52000000	3182.06200000	3113.15400000	3114.49200000	3185.97200000	3180.69200000	3294.02800000	3290.00600000	3226.77800000	3226.34800000	3088.31200000	3084.84400000	3068.46000000	3065.32600000	3120.50400000	3112.40000000	3173.18800000	3166.67000000	3169.30360000	3165.69140000
2737056856.18729115	3251.79400000	3249.36600000	3276.99400000	3275.84000000	3156.31600000	3159.34400000	3102.34600000	3099.60000000	3118.23600000	3115.39000000	3121.62800000	3117.74200000	3131.67200000	3129.96600000	3146.83400000	3145.89800000	3108.15800000	3112.56400000	3112.16000000	3106.38200000	3152.61380000	3151.20920000
2738060200.66889620	3242.54400000	3240.17400000	3186.17800000	3183.51400000	3108.64000000	3104.24600000	3188.55600000	3187.57400000	3294.62800000	3291.64800000	3209.02000000	3207.56200000	3100.71600000	3093.50400000	3077.25400000	3074.31200000	3123.69600000	3122.48400000	3178.76600000	3174.35200000	3170.99980000	3167.93700000
2739063545.15050173	3307.70400000	3297.86400000	3167.09400000	3161.13800000	3128.46200000	3126.10000000	3151.34200000	3144.36600000	3193.74400000	3190.93200000	3145.33200000	3147.59400000	3053.54600000	3053.11600000	3168.28000000	3159.10400000	3244.77400000	3242.37800000	3070.20200000	3070.00000000	3163.04800000	3159.25920000
2740066889.63210726	3294.84000000	3292.02200000	3134.23400000	3135.43200000	3160.99200000	3154.83200000	3136.15000000	3131.78200000	3205.53000000	3205.06800000	3133.29400000	3126.76600000	3108.16000000	3104.92200000	3169.12400000	3169.96400000	3243.66600000	3244.20400000	3031.54000000	3037.00400000	3161.75300000	3160.19960000
2741070234.11371231	3292.07400000	3284.34600000	3196.40400000	3193.92400000	3115.64200000	3112.15400000	3100.60800000	3097.63600000	3151.97600000	3144.80800000	3129.67600000	3125.95400000	3023.54200000	3022.93800000	3194.26600000	3192.18200000	3224.73000000	3221.29200000	3107.34400000	3102.68000000	3153.62620000	3149.79140000
2742073578.59531784	3258.87000000	3258.43400000	3176.57000000	3180.57000000	3155.00200000	3154.18400000	3168.64200000	3167.38200000	3207.77000000	3209.40600000	3116.84400000	3115.11000000	3096.52400000	3092.46200000	3136.29600000	3139.16800000	3192.98400000	3199.27600000	3058.92000000	3056.61800000	3156.84220000	3157.26100000
2743076923.07692289	3241.16200000	3241.57600000	3161.63200000	3160.92800000	3151.02400000	3146.50800000	3172.50800000	3169.93800000	3227.37200000	3220.90800000	3119.06800000	3120.84800000	3126.15600000	3125.85800000	3112.02200000	3111.97200000	3176.05000000	3166.53800000	3100.35600000	3100.18400000	3158.73500000	3156.52580000
2744080267.55852842	3277.53400000	3271.51000000	3174.36600000	3178.58400000	3166.31400000	3160.96600000	3134.46600000	3135.57800000	3229.02600000	3228.93800000	3184.23200000	3178.85200000	3110.24600000	3109.96200000	3065.85200000	3060.88800000	3173.45800000	3170.52400000	3103.63600000	3105.26600000	3161.91300000	3160.10680000
2745083612.04013395	3229.90400000	3229.04800000	3119.06000000	3120.69200000	3116.34200000	3110.05400000	3143.28800000	3137.52600000	3101.62600000	3107.00000000	3040.93400000	3034.05600000	3193.41800000	3190.25800000	3139.35600000	3139.66800000	3125.39000000	3122.87000000	3114.65000000	3117.17800000	3132.39680000	3130.83500000
2746086956.52173901	3268.10000000	3269.02200000	3271.79400000	3270.98400000	3176.22200000	3175.06200000	3113.07800000	3115.72600000	3193.87000000	3191.53800000	3214.82200000	3211.82800000	3111.36600000	3112.94000000	3110.12800000	3104.31400000	3102.07200000	3102.07600000	3166.07800000	3167.67400000	3172.75300000	3172.11640000
2747090301.00334454	3260.48400000	3257.24200000	3174.44600000	3167.16000000	3103.54800000	3105.09200000	3216.93400000	3215.50800000	3299.19600000	3300.21000000	3183.88800000	3181.08400000	3095.47200000	3093.42400000	3078.60400000	3078.69800000	3158.90400000	3161.45000000	3185.18200000	3186.70400000	3175.66580000	3174.65720000
2748093645.48495007	3245.86400000	3247.41400000	3184.78200000	3181.67600000	3163.74600000	3160.08200000	3170.28600000	3165.58600000	3259.49000000	3256.61800000	3196.45000000	3194.98600000	3073.96200000	3080.70400000	3049.11200000	3050.77800000	3160.10600000	3162.60400000	3114.95400000	3114.99000000	3161.87520000	3161.54380000
2749096989.96655512	3256.67400000	3253.41800000	3210.56200000	3205.65000000	3154.95200000	3151.47600000	3160.75400000	3158.70800000	3235.45400000	3234.00600000	3183.96800000	3180.59400000	3100.97200000	3098.85600000	3115.18200000	3114.40000000	3154.00200000	3152.50400000	3201.84000000	3205.74000000	3177.43600000	3175.53520000
2750100334.44816065	3243.89800000	3235.68400000	3252.97800000	3246.45200000	3135.69000000	3132.69600000	3115.70000000	3114.71200000	3114.87600000	3113.34800000	3071.14400000	3071.22800000	3139.04000000	3142.78400000	3127.37000000	3119.67000000	3119.15800000	3117.80400000	3093.80800000	3089.78600000	3141.36620000	3138.41640000
2751103678.92976570	3293.31400000	3293.56200000	3145.77600000	3137.17400000	3177.57800000	3169.47800000	3139.32000000	3136.74400000	3207.40800000	3211.47800000	3143.44600000	3148.53600000	3100.12000000	3099.78400000	3166.30400000	3162.74400000	3231.77400000	3225.94400000	3031.03000000	3027.67000000	3163.60700000	3161.31140000
2752107023.41137123	3212.20400000	3207.75200000	3100.17000000	3105.22600000	3090.79400000	3077.55800000	3141.93800000	3136.51200000	3123.14000000	3117.49400000	3019.96400000	3015.25800000	3205.62000000	3212.15200000	3189.00400000	3184.08200000	3132.37200000	3127.03000000	3132.60800000	3124.78800000	3134.78140000	3130.78520000
2753110367.89297676	3305.18000000	3297.32600000	3134.32600000	3130.95400000	3136.71000000	3131.03600000	3152.26800000	3149.19400000	3220.33400000	3213.59000000	3129.29600000	3125.10200000	3098.56000000	3094.20800000	3161.97000000	3160.15800000	3249.85600000	3256.06000000	3053.25600000	3047.21800000	3164.17560000	3160.48460000
2754113712.37458181	3247.97000000	3246.08600000	3186.30000000	3179.63600000	3171.53400000	3173.97400000	3151.99400000	3149.62800000	3226.69600000	3227.36600000	3175.35600000	3172.96600000	3117.79400000	3117.68800000	3076.19000000	3072.68800000	3187.07000000	3183.88200000	3093.70000000	3091.84800000	3163.46040000	3161.57620000
2755117056.85618734	3277.17200000	3276.11800000	3263.66000000	3259.18200000	3183.14000000	3179.14800000	3113.37600000	3112.52800000	3192.24600000	3193.79200000	3197.86200000	3198.53800000	3107.49200000	3108.10200000	3104.90600000	3107.17200000	3103.21800000	3102.02200000	3159.01400000	3157.76200000	3170.20860000	3169.43640000
2756120401.33779287	3300.94800000	3298.19200000	3180.26800000	3179.27000000	3114.37600000	3113.14200000	3136.36600000	3131.53200000	3196.65600000	3191.45400000	3131.72600000	3128.16800000	3045.47000000	3042.74000000	3173.72600000	3171.91200000	3239.10600000	3239.24000000	3091.77600000	3091.15800000	3161.04180000	3158.68080000
2757123745.81939793	3304.73200000	3306.17200000	3171.38600000	3168.14800000	3127.51400000	3125.78800000	3153.63200000	3150.59200000	3197.66200000	3192.35000000	3151.60200000	3148.29200000	3055.41600000	3054.94400000	3171.01600000	3167.47000000	3251.28800000	3254.22400000	3085.96400000	3084.99200000	3167.02120000	3165.29720000
2758127090.30100346	3198.97200000	3196.74400000	3200.95000000	3200.81000000	3146.37400000	3152.01600000	3127.34000000	3121.87000000	3087.18400000	3084.91600000	3075.35200000	3071.39000000	3126.17600000	3122.02800000	3150.74600000	3146.29400000	3100.44400000	3102.39800000	3115.63600000	3116.62200000	3132.91740000	3131.50880000
2759130434.78260851	3261.89800000	3258.25000000	3202.35400000	3204.35400000	3151.96400000	3146.39600000	3182.04800000	3172.53200000	3215.85400000	3217.94600000	3155.47600000	3151.23200000	3126.45800000	3126.13200000	3075.21600000	3073.43200000	3195.30600000	3191.03000000	3114.05800000	3114.52400000	3168.06320000	3165.58280000
2760133779.26421404	3246.32400000	3243.51200000	3252.52800000	3255.68200000	3125.96800000	3128.98600000	3107.62800000	3107.25000000	3118.19000000	3115.75800000	3082.47400000	3077.97600000	3131.58800000	3125.29200000	3116.76200000	3116.00600000	3111.52400000	3114.82800000	3091.04600000	3090.42800000	3138.40320000	3137.57180000
2761137123.74581957	3280.58200000	3280.06400000	3265.20200000	3265.17000000	3185.08400000	3180.13600000	3121.80800000	3116.63000000	3207.40400000	3196.87000000	3195.68000000	3195.12000000	3111.83800000	3110.84200000	3115.00800000	3112.82000000	3107.50600000	3106.75000000	3174.17600000	3171.68000000	3176.42880000	3173.60820000
2762140468.22742462	3269.42600000	3268.42400000	3180.07000000	3181.10800000	3166.32000000	3167.24800000	3139.81400000	3139.30000000	3233.43200000	3234.31400000	3184.98800000	3182.57600000	3113.59800000	3110.42800000	3070.69000000	3068.01600000	3179.73200000	3175.42000000	3108.05800000	3106.11600000	3164.61280000	3163.29500000
2763143812.70903015	3207.06600000	3202.21200000	3170.05200000	3168.38400000	3148.80400000	3150.45600000	3133.63000000	3134.92600000	3082.18600000	3081.28400000	3047.87400000	3047.44800000	3118.90800000	3122.44600000	3147.51000000	3143.60800000	3105.84400000	3106.51400000	3098.02600000	3095.62200000	3125.99000000	3125.29000000
2764147157.19063568	3208.13200000	3207.08200000	3158.71800000	3158.24200000	3148.69400000	3147.53600000	3134.35600000	3129.71000000	3079.25800000	3077.30600000	3032.58400000	3030.21400000	3131.17600000	3133.78000000	3117.66200000	3121.41000000	3096.46400000	3093.61000000	3123.97200000	3121.07200000	3123.10160000	3121.99620000
2765150501.67224073	3238.65200000	3234.67800000	3250.68600000	3241.31800000	3134.48600000	3132.63000000	3118.94800000	3117.48000000	3103.23400000	3107.67200000	3066.13800000	3058.08200000	3138.45800000	3133.41800000	3120.42000000	3122.76600000	3124.66800000	3123.65800000	3092.68400000	3088.40800000	3138.83740000	3136.01100000
2766153846.15384626	3298.25200000	3299.24200000	3153.11200000	3159.42200000	3126.73000000	3126.34200000	3150.24800000	3151.44200000	3186.67800000	3192.86800000	3146.81200000	3145.10200000	3059.49200000	3054.50800000	3156.30800000	3154.40000000	3242.47000000	3241.76000000	3065.26400000	3061.05200000	3158.53660000	3158.61380000
2767157190.63545132	3207.29800000	3206.82800000	3098.72200000	3097.29400000	3099.55000000	3096.19800000	3154.07000000	3153.25600000	3119.01200000	3120.51000000	3023.55600000	3022.57000000	3219.58200000	3213.49000000	3152.47600000	3147.75000000	3116.60600000	3113.79800000	3118.18600000	3118.35200000	3130.90580000	3129.00460000
2768160535.11705685	3260.58800000	3258.46200000	3169.35000000	3161.41600000	3161.76000000	3156.77800000	3159.57600000	3158.55200000	3207.98000000	3202.99200000	3128.04400000	3127.53000000	3107.93200000	3106.02600000	3136.99800000	3136.69000000	3205.02800000	3197.63400000	3047.43800000	3043.47200000	3158.46940000	3154.95520000
2769163879.59866238	3217.00200000	3209.80200000	3099.53800000	3101.44600000	3098.29000000	3092.45600000	3158.12200000	3158.57000000	3108.55400000	3107.10800000	3025.37000000	3018.22600000	3221.01000000	3219.03800000	3135.54400000	3133.72400000	3117.75800000	3111.15000000	3112.35600000	3113.80400000	3129.35440000	3126.53240000
2770167224.08026743	3235.32800000	3234.30800000	3172.06200000	3176.16600000	3134.18400000	3129.22600000	3157.74200000	3160.10000000	3280.36000000	3276.36200000	3222.77000000	3218.35200000	3071.73200000	3073.07400000	3053.06400000	3051.83200000	3133.36600000	3128.17400000	3147.57600000	3149.63200000	3160.81840000	3159.72260000
2771170568.56187296	3261.44600000	3256.62200000	3275.52600000	3275.96000000	3172.90200000	3168.93400000	3116.19000000	3110.84200000	3184.24200000	3185.34400000	3223.52200000	3220.89800000	3112.54200000	3113.62000000	3125.68000000	3121.03600000	3122.46600000	3120.63600000	3170.79200000	3163.60800000	3176.53080000	3173.75000000
2772173913.04347849	3206.06000000	3203.32800000	3156.06600000	3154.40200000	3155.74800000	3154.90600000	3130.65400000	3128.35000000	3079.46200000	3075.37000000	3035.37600000	3036.50400000	3118.99400000	3124.70400000	3132.47600000	3134.81800000	3102.48200000	3100.18200000	3090.26600000	3090.40600000	3120.75840000	3120.29700000
2773177257.52508354	3225.24600000	3221.83800000	3241.23400000	3236.06800000	3103.96200000	3104.42400000	3127.82600000	3126.86200000	3103.20000000	3105.20200000	3068.72000000	3065.48400000	3131.34200000	3134.70400000	3124.94000000	3121.80600000	3122.46000000	3118.79200000	3108.11000000	3108.99400000	3135.70400000	3134.41740000
2774180602.00668907	3267.78200000	3260.60400000	3195.80800000	3186.66600000	3165.47200000	3169.08200000	3171.89200000	3169.77400000	3255.43200000	3243.58000000	3206.31600000	3198.48800000	3091.99400000	3092.04000000	3055.68000000	3058.88000000	3180.68200000	3181.58400000	3122.87800000	3123.78200000	3171.39360000	3168.44800000
2775183946.48829412	3289.98400000	3290.81000000	3127.63800000	3129.10400000	3160.05600000	3155.46400000	3133.38200000	3135.03400000	3197.05200000	3195.13000000	3133.47800000	3128.79000000	3102.70800000	3100.43800000	3159.46600000	3161.15200000	3227.45800000	3223.65200000	3027.52000000	3020.80600000	3155.87420000	3154.03800000
2776187290.96989965	3230.66800000	3225.77800000	3272.57800000	3273.52800000	3169.30600000	3169.02800000	3091.52400000	3091.26200000	3115.59600000	3117.69800000	3177.43400000	3171.18600000	3112.01600000	3117.77400000	3125.98400000	3133.78800000	3097.79400000	3096.61400000	3119.85000000	3114.91000000	3151.27500000	3151.15660000
2777190635.45150518	3305.94200000	3304.01200000	3176.05400000	3175.39800000	3106.90600000	3109.25600000	3118.74600000	3111.56200000	3185.80800000	3182.13400000	3119.23800000	3120.83600000	3039.20000000	3035.72600000	3178.63400000	3175.43400000	3226.75400000	3220.36600000	3086.64000000	3084.00000000	3154.39220000	3151.87240000
2778193979.93311024	3240.76200000	3234.34400000	3178.61000000	3175.36200000	3147.24800000	3147.04800000	3158.21600000	3161.49400000	3265.72200000	3261.13000000	3200.17600000	3198.45800000	3069.89600000	3070.01600000	3042.90800000	3043.99400000	3141.57600000	3140.48400000	3111.66800000	3111.55400000	3155.67820000	3154.38840000
2779197324.41471577	3265.94200000	3261.22600000	3187.16400000	3185.31000000	3124.34000000	3122.27000000	3174.06000000	3173.07400000	3253.59200000	3252.38400000	3187.39400000	3182.53800000	3105.33200000	3098.45600000	3096.18800000	3091.78400000	3181.97400000	3186.08200000	3196.44400000	3196.14400000	3177.24300000	3174.92680000
2780200668.89632130	3211.97200000	3214.34600000	3102.91800000	3099.90600000	3105.05600000	3104.91600000	3168.75600000	3165.50000000	3123.76800000	3123.46200000	3028.09000000	3028.23400000	3220.33200000	3220.04600000	3151.26400000	3147.20200000	3122.10800000	3121.94800000	3120.61400000	3117.16600000	3135.48780000	3134.27260000
2781204013.37792635	3309.31000000	3309.28000000	3184.30600000	3185.75400000	3108.68600000	3105.42400000	3116.87200000	3113.66400000	3185.79200000	3186.36600000	3128.53000000	3125.12000000	3036.45400000	3035.32600000	3181.75200000	3181.03200000	3231.22200000	3233.73200000	3091.00000000	3094.07000000	3157.39240000	3156.97680000
2782207357.85953188	3216.67800000	3212.32000000	3108.05600000	3104.74400000	3096.36000000	3099.82200000	3152.21200000	3146.60800000	3114.80400000	3111.42400000	3029.99600000	3029.46600000	3218.64200000	3213.49400000	3139.19800000	3137.62400000	3118.43400000	3118.95600000	3124.03000000	3116.17200000	3131.84100000	3129.06300000
2783210702.34113693	3259.49200000	3259.30000000	3235.45200000	3226.04400000	3154.82400000	3153.38800000	3127.40400000	3119.20600000	3208.52800000	3205.55400000	3159.86600000	3157.89000000	3089.69400000	3089.55400000	3108.76200000	3105.14400000	3128.29200000	3123.90600000	3180.22000000	3180.97000000	3165.25340000	3162.09560000
2784214046.82274246	3255.39400000	3256.25800000	3196.04200000	3194.25600000	3133.17800000	3130.32000000	3161.52600000	3162.32800000	3245.00400000	3244.17200000	3183.58600000	3180.04800000	3100.99200000	3096.28800000	3090.06600000	3094.35400000	3168.93000000	3166.74000000	3204.77800000	3200.52200000	3173.94960000	3172.52860000
2785217391.30434799	3252.32600000	3245.97800000	3212.30600000	3206.59200000	3148.96800000	3147.15600000	3151.87800000	3151.73800000	3224.74600000	3226.78200000	3178.25800000	3176.07800000	3096.69600000	3093.22200000	3112.95800000	3112.25400000	3146.39400000	3146.14400000	3198.46800000	3199.38800000	3172.29980000	3170.53320000
2786220735.78595304	3250.02800000	3253.28000000	3178.09600000	3175.78400000	3148.15400000	3145.81600000	3188.28000000	3188.32400000	3218.09600000	3220.42600000	3121.39400000	3121.05600000	3134.26800000	3133.59800000	3097.69400000	3101.09800000	3180.68000000	3175.17000000	3106.77000000	3105.57000000	3162.34600000	3162.01220000
2787224080.26755857	3245.57600000	3246.70200000	3159.41000000	3158.46400000	3151.18200000	3148.21600000	3172.87800000	3174.67600000	3221.83600000	3221.87800000	3123.63200000	3126.43400000	3120.19400000	3119.66800000	3112.37600000	3114.17200000	3177.67200000	3175.15000000	3101.46000000	3099.53400000	3158.62160000	3158.48940000
2788227424.74916410	3230.19800000	3225.71200000	3115.21600000	3112.52400000	3115.29200000	3116.21200000	3134.03200000	3131.32400000	3096.70400000	3095.86600000	3022.64600000	3024.15200000	3172.84200000	3172.20600000	3135.59000000	3135.21600000	3115.39000000	3117.87800000	3110.66200000	3109.07200000	3124.85720000	3124.01620000
2789230769.23076916	3245.12400000	3245.46400000	3265.07000000	3259.80000000	3137.35600000	3132.43600000	3105.82200000	3109.21200000	3117.19000000	3114.90600000	3095.58600000	3084.77600000	3123.84600000	3121.66400000	3122.58000000	3120.63000000	3114.79600000	3108.89400000	3102.36400000	3098.23000000	3142.97340000	3139.60120000
2790234113.71237469	3249.76200000	3252.45000000	3259.00400000	3257.43800000	3159.67800000	3155.47800000	3105.37800000	3102.55000000	3178.07800000	3177.62600000	3210.46600000	3208.36200000	3105.58200000	3109.47600000	3120.89000000	3129.26200000	3108.65200000	3110.62800000	3146.69600000	3148.19200000	3164.41860000	3165.14620000
2791237458.19397974	3254.80800000	3249.95800000	3164.42200000	3165.06600000	3153.46400000	3146.37600000	3156.59000000	3154.86000000	3198.34800000	3203.81000000	3119.76200000	3116.87600000	3106.29800000	3102.07800000	3130.59200000	3134.94800000	3200.10400000	3193.88000000	3040.78800000	3037.97400000	3152.51760000	3150.58260000
2792240802.67558527	3207.35000000	3207.82800000	3176.38200000	3173.34200000	3144.96600000	3137.53200000	3133.87200000	3133.22600000	3085.64200000	3083.77200000	3059.31800000	3063.28400000	3125.01600000	3121.76800000	3147.75800000	3146.20000000	3102.49600000	3101.04400000	3103.85200000	3101.00400000	3128.66520000	3126.90000000
2793244147.15719080	3235.25000000	3239.15600000	3286.03600000	3286.40000000	3158.13800000	3156.76600000	3084.66400000	3086.85800000	3106.63800000	3101.39400000	3156.35400000	3147.47600000	3118.40600000	3118.08000000	3131.51200000	3130.71600000	3087.24800000	3088.94200000	3116.93600000	3115.77400000	3148.11820000	3147.15620000
2794247491.63879585	3230.94000000	3227.34400000	3168.79000000	3170.93400000	3122.80400000	3124.84600000	3153.29600000	3153.26800000	3276.35400000	3277.13400000	3218.36600000	3218.33800000	3065.10600000	3065.20600000	3048.96400000	3050.00400000	3122.20000000	3123.53200000	3139.41800000	3139.80000000	3154.62380000	3155.04060000
2795250836.12040138	3240.78000000	3239.76800000	3292.64200000	3294.04200000	3161.76600000	3154.97200000	3094.00000000	3090.85600000	3112.00600000	3111.26600000	3156.35200000	3159.05400000	3129.87800000	3129.24600000	3136.61800000	3134.50200000	3096.70400000	3101.15000000	3122.20800000	3116.37400000	3154.29540000	3153.12300000
2796254180.60200691	3215.02400000	3212.94200000	3107.96600000	3104.69200000	3101.73800000	3099.75800000	3148.63200000	3150.56200000	3118.99600000	3122.77200000	3027.94000000	3022.94400000	3221.79800000	3219.65600000	3166.22600000	3164.39000000	3129.89000000	3127.21200000	3128.24400000	3124.60000000	3136.64540000	3134.95280000
2797257525.08361197	3246.77400000	3249.53600000	3214.32200000	3217.21800000	3145.46600000	3145.65800000	3141.41400000	3147.04400000	3220.11400000	3217.44600000	3177.45400000	3172.77400000	3095.36800000	3091.45400000	3109.20800000	3105.68000000	3140.81200000	3135.36000000	3192.93200000	3192.30800000	3168.38640000	3167.44780000
2798260869.56521749	3295.30200000	3289.44000000	3132.65200000	3132.03600000	3155.93600000	3155.74200000	3131.13000000	3129.05000000	3203.36800000	3201.32400000	3128.11800000	3129.36800000	3101.30800000	3099.31800000	3161.38600000	3160.95600000	3239.03400000	3240.81600000	3023.73400000	3024.02800000	3157.19680000	3156.20780000
2799264214.04682255	3212.91000000	3210.19000000	3158.22600000	3154.86800000	3150.90000000	3146.63000000	3130.37800000	3128.34200000	3077.07200000	3080.08200000	3028.96800000	3022.92600000	3146.60400000	3146.24800000	3123.76400000	3127.11000000	3091.57800000	3095.78200000	3117.74400000	3114.81200000	3123.81440000	3122.69900000
2800267558.52842808	3241.25600000	3239.70400000	3258.30600000	3253.61000000	3139.96000000	3138.91200000	3118.16200000	3114.93200000	3113.22200000	3119.60000000	3070.64800000	3077.12000000	3144.48600000	3143.75200000	3127.80400000	3129.32200000	3123.81000000	3121.57200000	3093.03400000	3097.57800000	3143.06880000	3143.61020000
2801270903.01003361	3290.78000000	3291.26000000	3204.49800000	3198.82600000	3115.12200000	3113.79000000	3099.90400000	3096.62200000	3149.90800000	3146.17800000	3130.21400000	3126.39800000	3024.32200000	3020.78400000	3196.82200000	3195.26800000	3220.94200000	3222.46000000	3110.97000000	3112.20400000	3154.34820000	3152.37900000
2802274247.49163866	3275.24200000	3280.38200000	3154.27800000	3148.70000000	3171.02400000	3170.77400000	3156.90000000	3148.43200000	3203.33800000	3202.09200000	3130.95800000	3125.75800000	3106.49200000	3109.39200000	3137.10400000	3132.62200000	3204.34800000	3200.87400000	3031.56600000	3038.16400000	3157.12500000	3155.71900000
2803277591.97324419	3252.09200000	3244.74600000	3254.63200000	3250.37400000	3151.52400000	3153.55600000	3118.82800000	3117.34000000	3176.90000000	3180.88400000	3202.68200000	3201.74400000	3104.40800000	3109.73000000	3135.86400000	3133.96600000	3104.79800000	3101.23400000	3144.61600000	3145.85400000	3164.63440000	3163.94280000
2804280936.45484972	3212.27800000	3215.07600000	3227.86800000	3225.33000000	3122.63200000	3120.02600000	3128.12400000	3125.58600000	3098.22400000	3090.27000000	3069.62200000	3072.77600000	3131.61600000	3129.70600000	3119.95200000	3119.19400000	3125.57400000	3124.57800000	3117.11600000	3109.54000000	3135.30060000	3133.20820000
2805284280.93645477	3211.83800000	3217.10200000	3100.16400000	3101.08200000	3091.32400000	3091.72000000	3145.98000000	3143.88000000	3121.67800000	3120.71600000	3019.61000000	3019.63200000	3208.11600000	3207.61800000	3178.28800000	3174.82600000	3131.28800000	3129.97000000	3128.86800000	3128.10000000	3133.71540000	3133.46460000
2806287625.41806030	3297.33200000	3303.35000000	3156.02000000	3155.01800000	3128.08600000	3131.19600000	3159.41200000	3158.01600000	3195.49200000	3191.40600000	3148.45800000	3151.20200000	3064.84600000	3064.37000000	3151.56600000	3152.59000000	3244.08400000	3243.55800000	3054.43600000	3053.59000000	3159.97320000	3160.42960000
2807290969.89966536	3224.82000000	3220.85000000	3159.93800000	3160.61000000	3142.90800000	3141.40600000	3125.96000000	3125.69600000	3089.82400000	3092.37600000	3037.78600000	3031.52400000	3167.63400000	3170.35000000	3118.10800000	3119.40400000	3100.03400000	3094.19000000	3120.68600000	3119.69600000	3128.76980000	3127.61020000
2808294314.38127089	3253.71600000	3255.12000000	3221.58400000	3221.91400000	3154.17600000	3150.91400000	3135.89800000	3136.95200000	3212.68600000	3213.15800000	3162.27600000	3164.19800000	3091.20000000	3089.26600000	3107.63200000	3106.57400000	3130.77400000	3135.89200000	3184.49600000	3185.03400000	3165.44380000	3165.90220000
2809297658.86287642	3268.57200000	3265.64000000	3191.80000000	3185.66000000	3125.60600000	3123.47600000	3182.97800000	3183.69600000	3260.22000000	3259.57600000	3186.32600000	3187.66800000	3105.12200000	3106.03000000	3101.38800000	3100.83800000	3188.76400000	3184.59600000	3199.19800000	3193.94600000	3180.99740000	3179.11260000
2810301003.34448147	3278.63800000	3278.93800000	3149.79800000	3146.43200000	3175.95200000	3175.81800000	3135.99200000	3138.26200000	3196.74400000	3200.84800000	3128.64000000	3129.59200000	3106.50000000	3108.79800000	3146.92400000	3150.88600000	3211.96800000	3210.16400000	3028.58600000	3028.62000000	3155.97420000	3156.83580000
2811304347.82608700	3297.02400000	3299.78600000	3139.49200000	3134.03000000	3157.59800000	3159.45600000	3143.00200000	3144.59800000	3214.22800000	3213.58400000	3132.51000000	3131.01600000	3112.16400000	3111.08200000	3177.17200000	3174.59200000	3248.23400000	3250.02800000	3035.64000000	3037.19600000	3165.70640000	3165.53680000
2812307692.30769253	3287.47400000	3290.40600000	3196.15200000	3190.36600000	3109.81600000	3107.66000000	3081.11800000	3081.49600000	3136.25000000	3134.78200000	3124.17600000	3128.68800000	3012.48800000	3010.87400000	3194.76200000	3192.77200000	3210.29200000	3210.73400000	3117.37600000	3111.53800000	3146.99040000	3145.93160000
2813311036.78929758	3243.99200000	3243.52000000	3169.15400000	3165.11400000	3156.35600000	3149.65400000	3171.43400000	3169.92600000	3223.20000000	3219.76800000	3115.88400000	3120.99600000	3127.53000000	3128.78800000	3109.88000000	3104.37600000	3172.88400000	3170.81800000	3101.15400000	3096.78800000	3159.14680000	3156.97480000
2814314381.27090311	3211.59000000	3210.76000000	3168.17800000	3164.19600000	3164.60200000	3164.98400000	3133.34000000	3130.24600000	3081.91600000	3084.03200000	3049.74400000	3042.27400000	3125.85400000	3127.76200000	3144.16200000	3145.72600000	3105.75600000	3110.38400000	3103.18200000	3093.24600000	3128.83240000	3127.36100000
2815317725.75250816	3309.98000000	3308.22600000	3187.19000000	3189.92000000	3108.83400000	3111.71200000	3115.60600000	3115.48400000	3187.47000000	3181.80000000	3134.83600000	3133.91400000	3038.87800000	3039.90000000	3196.64600000	3193.46600000	3236.15600000	3235.38000000	3095.53800000	3094.85800000	3161.11340000	3160.46600000
2816321070.23411369	3276.06200000	3277.61000000	3184.18200000	3185.46200000	3170.12400000	3173.18200000	3160.37200000	3163.80000000	3232.63800000	3228.81800000	3208.41800000	3208.67800000	3100.69000000	3096.97400000	3067.19400000	3066.93600000	3192.29600000	3197.26800000	3118.22800000	3121.85600000	3171.02040000	3172.05840000
2817324414.71571922	3225.63400000	3230.86400000	3118.61800000	3122.46800000	3124.44200000	3121.62800000	3131.01600000	3135.65400000	3092.28600000	3097.03000000	3027.21000000	3034.57200000	3168.07400000	3167.35200000	3137.96000000	3142.07000000	3112.93000000	3108.83200000	3104.71000000	3107.87200000	3124.28800000	3126.83420000
2818327759.19732428	3246.48600000	3240.38200000	3272.42200000	3269.98800000	3139.09000000	3141.96800000	3098.46400000	3094.40600000	3118.11800000	3115.68400000	3116.81000000	3113.47800000	3125.95800000	3123.60000000	3142.00600000	3138.49800000	3102.03800000	3105.52600000	3104.72600000	3107.24000000	3146.61180000	3145.07700000
2819331103.67892981	3230.92200000	3236.84200000	3252.22000000	3249.17000000	3114.62400000	3114.89600000	3130.37400000	3133.45200000	3105.38400000	3100.20200000	3062.52800000	3066.84400000	3148.63400000	3147.29000000	3130.70600000	3130.02000000	3123.33200000	3118.17800000	3112.70600000	3113.42200000	3141.14300000	3141.03160000
2820334448.16053534	3263.30600000	3255.62600000	3172.01000000	3170.92200000	3097.42200000	3099.70000000	3210.98800000	3203.54800000	3293.46200000	3293.15000000	3173.93600000	3178.51800000	3090.33600000	3090.41400000	3079.41800000	3079.63000000	3158.25400000	3157.50000000	3180.90600000	3180.64800000	3172.00380000	3170.96560000
2821337792.64214039	3262.64200000	3256.40800000	3210.72000000	3212.51800000	3152.43200000	3150.45200000	3163.57200000	3168.22400000	3239.26400000	3241.64800000	3190.08000000	3190.47000000	3107.70400000	3108.11200000	3114.12400000	3112.92400000	3165.58000000	3168.96600000	3212.59600000	3212.30400000	3181.87140000	3182.20260000
2822341137.12374592	3214.14800000	3214.56800000	3114.76800000	3113.05800000	3105.34800000	3106.92200000	3156.28800000	3152.58800000	3115.08400000	3110.88000000	3035.91400000	3037.43800000	3209.81400000	3209.29800000	3140.27000000	3143.24600000	3121.25200000	3123.08000000	3115.98800000	3116.69400000	3132.88740000	3132.77720000
2823344481.60535097	3261.04600000	3260.38800000	3170.94000000	3173.24200000	3156.03200000	3153.62200000	3164.16400000	3167.55400000	3203.45200000	3213.12800000	3111.77400000	3110.59400000	3091.70400000	3090.95200000	3141.53000000	3144.91400000	3200.23200000	3194.23800000	3052.19000000	3055.01600000	3155.30640000	3156.36480000
2824347826.08695650	3264.30400000	3265.73000000	3253.40400000	3252.61400000	3156.08200000	3154.85400000	3103.71800000	3108.84800000	3204.60600000	3206.36600000	3187.10000000	3193.32200000	3088.88400000	3093.75600000	3111.48400000	3117.84800000	3105.72800000	3110.18600000	3167.00600000	3170.48800000	3164.23160000	3167.40120000
2825351170.56856203	3236.27000000	3227.42000000	3174.61400000	3177.12200000	3120.89400000	3117.80800000	3153.19400000	3156.73200000	3281.11200000	3283.82800000	3223.91200000	3224.09200000	3077.52200000	3076.05200000	3052.81600000	3055.06400000	3118.81000000	3124.21600000	3160.40200000	3162.12600000	3159.95460000	3160.44600000
2826354515.05016708	3231.52400000	3231.12400000	3259.34000000	3263.49600000	3153.99000000	3153.69600000	3106.18800000	3112.24600000	3133.66000000	3137.53200000	3182.75800000	3176.40600000	3110.85000000	3114.71200000	3133.92800000	3133.44600000	3083.60400000	3083.92000000	3127.70400000	3127.94600000	3152.35460000	3153.45240000
2827357859.53177261	3235.73200000	3240.11200000	3176.59200000	3177.87800000	3146.21800000	3148.68200000	3157.27600000	3161.91600000	3272.15400000	3274.50200000	3201.04800000	3201.62600000	3066.50000000	3066.52400000	3047.16200000	3045.89600000	3140.14200000	3134.66600000	3119.75200000	3123.78000000	3156.25760000	3157.55820000
2828361204.01337814	3241.58200000	3235.26400000	3136.76200000	3140.37600000	3127.38800000	3126.86600000	3124.50200000	3128.22600000	3086.15600000	3085.13600000	3025.45400000	3021.70400000	3163.33200000	3166.24600000	3135.52800000	3139.08400000	3116.35400000	3116.06400000	3104.97200000	3106.50000000	3126.20300000	3126.54660000
2829364548.49498320	3237.26600000	3239.63400000	3173.56400000	3173.82800000	3165.97200000	3169.30600000	3146.24600000	3146.60200000	3219.32000000	3217.71400000	3155.71400000	3163.96000000	3106.53200000	3109.25000000	3064.77400000	3073.56400000	3189.56200000	3187.94800000	3087.87000000	3094.98000000	3154.68200000	3157.67860000
2830367892.97658873	3272.43800000	3279.04000000	3177.16000000	3177.27800000	3166.40600000	3163.75800000	3132.07000000	3142.12400000	3208.99200000	3206.02200000	3189.93200000	3198.25600000	3103.33600000	3104.36600000	3045.60200000	3044.03600000	3197.60200000	3193.54800000	3101.03800000	3104.66400000	3159.45760000	3161.30920000
2831371237.45819378	3249.29000000	3246.17400000	3265.47600000	3269.61600000	3157.73800000	3153.84000000	3096.01200000	3091.57800000	3111.58200000	3119.78800000	3124.67200000	3128.63000000	3131.55000000	3135.07400000	3142.52000000	3148.88800000	3105.01200000	3102.04400000	3105.12800000	3114.17400000	3148.89800000	3150.98060000
2832374581.93979931	3285.91600000	3286.33800000	3174.39000000	3178.52200000	3161.82800000	3168.03600000	3130.20600000	3136.50600000	3215.02800000	3216.89800000	3188.71600000	3192.90600000	3113.92800000	3113.79600000	3054.32600000	3058.11800000	3177.04400000	3180.32200000	3102.32200000	3105.93600000	3160.37040000	3163.73780000
2833377926.42140484	3203.31400000	3207.70600000	3158.08600000	3159.77200000	3150.76600000	3153.73000000	3129.09800000	3129.94000000	3075.79200000	3076.87200000	3037.71000000	3038.53000000	3114.34800000	3116.28000000	3134.65800000	3135.83200000	3095.36000000	3101.52000000	3088.70000000	3092.81600000	3118.78320000	3121.29980000
2834381270.90300989	3207.78600000	3210.27400000	3219.94800000	3225.32000000	3126.86200000	3132.78400000	3123.94200000	3128.54800000	3092.70600000	3091.58600000	3071.57600000	3076.80000000	3134.28000000	3137.58800000	3114.94600000	3118.59400000	3119.11200000	3127.26600000	3108.69000000	3109.16200000	3131.98480000	3135.79220000
2835384615.38461542	3257.33000000	3257.12600000	3165.61600000	3172.06800000	3102.68400000	3110.90400000	3209.53600000	3219.49200000	3292.77200000	3299.78400000	3180.14800000	3190.28000000	3085.14000000	3094.36800000	3077.37400000	3081.17000000	3150.33400000	3152.49200000	3172.25600000	3180.86800000	3169.31900000	3175.85520000
2836387959.86622095	3256.40000000	3264.38600000	3176.83400000	3179.68000000	3169.82400000	3175.01400000	3132.77000000	3138.51600000	3233.91000000	3236.81000000	3170.66000000	3178.03800000	3110.17400000	3112.22000000	3068.46800000	3071.09600000	3177.28800000	3183.93200000	3093.59400000	3102.60400000	3158.99220000	3164.22960000
2837391304.34782600	3238.41600000	3243.86200000	3175.42800000	3187.19800000	3169.58800000	3172.60600000	3149.22400000	3154.11600000	3215.80600000	3222.17400000	3159.11800000	3167.25000000	3107.90000000	3124.17800000	3068.63600000	3076.12200000	3187.23600000	3190.88200000	3093.96800000	3094.92200000	3156.53200000	3163.33100000
2838394648.82943153	3236.04000000	3240.83400000	3248.50600000	3254.14200000	3123.72600000	3130.88800000	3096.29600000	3101.46400000	3103.98000000	3114.29400000	3077.00000000	3087.19800000	3115.44000000	3120.00400000	3106.64400000	3116.21800000	3101.70200000	3111.66600000	3087.96000000	3091.96400000	3129.72940000	3136.86720000
2839397993.31103659	3297.83200000	3301.14600000	3133.65000000	3135.63000000	3130.67800000	3135.37800000	3153.63600000	3158.85400000	3195.77600000	3205.65400000	3128.50000000	3141.99600000	3078.60800000	3086.86000000	3149.88800000	3155.86600000	3244.89400000	3249.44600000	3046.29200000	3057.40800000	3155.97540000	3162.82380000
2840401337.79264212	3249.18000000	3257.78800000	3220.00200000	3227.21200000	3148.05400000	3154.96200000	3121.35000000	3127.31000000	3201.81800000	3211.77800000	3152.32600000	3159.38800000	3077.93800000	3091.32600000	3098.14800000	3104.43000000	3115.17200000	3121.92200000	3168.05600000	3182.73000000	3155.20440000	3163.88460000
2841404682.27424765	3248.40000000	3259.53800000	3170.86400000	3179.98000000	3107.58200000	3114.93400000	3161.66400000	3168.62600000	3235.02600000	3240.47600000	3168.10800000	3179.37000000	3088.87000000	3098.11200000	3080.49600000	3090.13800000	3165.62000000	3177.07000000	3179.28200000	3192.01000000	3160.59120000	3170.02540000
2842408026.75585270	3295.17400000	3296.40800000	3134.00600000	3139.24600000	3124.48800000	3133.13800000	3145.28400000	3158.21000000	3185.58000000	3193.20800000	3132.63600000	3144.03800000	3062.08800000	3073.90000000	3139.75800000	3150.70800000	3237.47800000	3246.39600000	3039.69200000	3050.95800000	3149.61840000	3158.62100000
2843411371.23745823	3192.81000000	3207.04400000	3147.42800000	3158.57200000	3147.30200000	3156.09600000	3120.04800000	3125.46000000	3065.53600000	3081.08600000	3026.43000000	3039.39400000	3113.38200000	3122.08800000	3121.34600000	3131.57000000	3091.43200000	3103.90200000	3080.90400000	3092.69800000	3110.66180000	3121.79100000
2844414715.71906376	3232.76000000	3242.62000000	3165.91400000	3179.09200000	3134.81600000	3152.70400000	3144.26800000	3157.24400000	3248.14400000	3261.35600000	3188.11200000	3195.91000000	3061.47400000	3071.02200000	3034.43200000	3041.81200000	3126.95200000	3145.51000000	3096.87600000	3112.17800000	3143.37480000	3155.94480000
2845418060.20066881	3238.43800000	3250.96000000	3168.14800000	3181.89200000	3090.66000000	3102.35200000	3180.30800000	3197.91600000	3278.79600000	3290.24000000	3179.02800000	3196.12200000	3076.95600000	3088.80600000	3067.02000000	3082.83200000	3119.95800000	3131.21000000	3157.44600000	3166.19800000	3155.67580000	3168.85280000
2846421404.68227434	3287.03400000	3300.24800000	3180.40400000	3190.58800000	3093.69200000	3104.14000000	3063.37600000	3077.37800000	3122.44000000	3137.01400000	3114.18000000	3129.73200000	3000.98200000	3012.64000000	3175.91400000	3194.81000000	3187.22600000	3203.30800000	3097.53800000	3111.59400000	3132.27860000	3146.14520000
2847424749.16387939	3221.96000000	3237.17600000	3240.22600000	3253.05600000	3130.50400000	3142.69200000	3103.18000000	3120.64000000	3133.94800000	3145.88200000	3170.79400000	3192.64400000	3092.89200000	3105.86600000	3118.53400000	3132.00600000	3075.19600000	3095.58600000	3119.67200000	3137.02000000	3140.69060000	3156.25680000
2848428093.64548492	3204.96600000	3215.57800000	3215.01600000	3231.98600000	3090.54600000	3111.00800000	3110.33600000	3129.79800000	3080.67800000	3095.40800000	3053.27200000	3069.55200000	3119.26000000	3133.99800000	3106.63800000	3116.31400000	3106.52800000	3124.25200000	3094.76600000	3111.40000000	3118.20060000	3133.92940000
2849431438.12709045	3229.14000000	3240.75200000	3230.74400000	3248.70600000	3129.28200000	3142.91600000	3099.95000000	3115.39600000	3148.21800000	3164.71200000	3180.12200000	3195.76600000	3083.76600000	3099.81400000	3121.08600000	3134.49000000	3077.44400000	3099.41800000	3121.03000000	3143.95800000	3142.07820000	3158.59280000
2850434782.60869551	3279.44800000	3293.20000000	3157.66800000	3175.20400000	3095.87600000	3109.21000000	3122.04200000	3139.06000000	3172.68600000	3187.83000000	3119.03800000	3131.23200000	3024.83400000	3040.87200000	3148.70800000	3163.75800000	3218.51600000	3237.87200000	3074.88800000	3091.22400000	3141.37040000	3156.94620000
2851438127.09030104	3186.92200000	3203.95400000	3190.11400000	3204.90600000	3132.96800000	3145.69000000	3116.40800000	3127.07400000	3075.69600000	3086.83200000	3055.56400000	3079.20800000	3111.54400000	3126.60000000	3127.46000000	3142.36200000	3086.05600000	3106.81800000	3100.69600000	3118.70400000	3118.34280000	3134.21480000
2852441471.57190657	3248.64000000	3258.90200000	3156.63000000	3168.69600000	3139.28800000	3159.20600000	3151.26200000	3166.88000000	3186.22200000	3208.28000000	3104.56800000	3116.99400000	3081.86800000	3098.98800000	3127.21000000	3145.98200000	3180.44600000	3201.87600000	3033.49200000	3048.86200000	3140.96260000	3157.46660000
2853444816.05351162	3261.45400000	3278.37200000	3157.51800000	3170.24400000	3141.92000000	3157.57000000	3120.27400000	3137.75800000	3195.46200000	3212.81400000	3175.35800000	3188.61600000	3092.68800000	3106.56400000	3042.82800000	3053.25800000	3166.78200000	3183.20800000	3087.55400000	3103.64400000	3144.18380000	3159.20480000
2854448160.53511715	3199.40400000	3211.03200000	3145.63600000	3160.45600000	3128.78600000	3139.89600000	3105.14200000	3119.44800000	3059.69600000	3080.09600000	3011.14600000	3026.97200000	3136.72800000	3150.17400000	3099.96200000	3111.57000000	3077.55800000	3093.65600000	3101.44400000	3111.91200000	3106.55020000	3120.52120000
2855451505.01672220	3279.70000000	3293.82600000	3158.77600000	3170.21600000	3097.06600000	3111.57600000	3128.10200000	3139.98800000	3172.74200000	3190.95600000	3122.49400000	3133.09600000	3025.47600000	3040.90600000	3152.01400000	3165.57400000	3231.77600000	3239.36000000	3072.28000000	3085.65400000	3144.04260000	3157.11520000
2856454849.49832773	3196.73000000	3204.34800000	3208.67200000	3221.17200000	3121.81200000	3132.74800000	3111.12000000	3122.84000000	3078.29400000	3088.90600000	3056.88000000	3074.06800000	3121.99200000	3135.24400000	3101.29800000	3116.62600000	3112.76800000	3123.89800000	3101.44000000	3114.46000000	3121.10060000	3133.43100000
2857458193.97993326	3288.27800000	3293.28600000	3123.55600000	3135.22600000	3143.23000000	3154.95400000	3120.64000000	3131.64400000	3185.24200000	3197.75400000	3120.41600000	3133.96000000	3089.54800000	3093.44800000	3148.73400000	3161.31800000	3220.30000000	3227.98200000	3009.91000000	3021.86200000	3144.98540000	3155.14340000
2858461538.46153831	3247.70000000	3260.25600000	3189.77800000	3200.47600000	3142.54200000	3152.39200000	3171.51000000	3185.92000000	3205.99200000	3211.12600000	3140.84600000	3148.60600000	3119.83200000	3133.89200000	3065.27600000	3072.61800000	3183.29600000	3196.86800000	3105.64400000	3112.25400000	3157.24160000	3167.44080000
2859464882.94314384	3225.65800000	3234.64000000	3246.48400000	3258.21200000	3145.87600000	3150.16200000	3109.70600000	3119.29400000	3130.40600000	3140.70000000	3172.94200000	3184.28600000	3097.84200000	3100.56200000	3130.45400000	3135.50600000	3077.16200000	3088.28800000	3119.38600000	3132.84400000	3145.59160000	3154.44940000
2860468227.42474937	3246.49800000	3254.88200000	3175.96400000	3187.97600000	3138.14600000	3145.17800000	3182.39200000	3193.27600000	3203.89400000	3214.78400000	3123.79800000	3132.55400000	3125.22800000	3136.40000000	3081.56600000	3089.41600000	3176.09400000	3183.71000000	3096.02000000	3104.20200000	3154.96000000	3164.23780000
2861471571.90635443	3196.99800000	3207.39000000	3208.81000000	3213.45800000	3136.43000000	3145.72600000	3124.67600000	3126.13600000	3084.54200000	3092.50200000	3062.95200000	3073.91600000	3121.13800000	3129.75200000	3109.97400000	3116.93000000	3117.28000000	3127.59000000	3114.11200000	3120.03400000	3127.69120000	3135.34340000
2862474916.38795996	3240.64200000	3246.27400000	3168.84200000	3174.53800000	3153.69000000	3157.39800000	3165.99600000	3168.73200000	3213.99400000	3220.19400000	3113.15000000	3127.11000000	3105.38000000	3111.60000000	3116.68800000	3125.01200000	3182.07400000	3190.97000000	3084.27000000	3086.45800000	3154.47260000	3160.82860000
2863478260.86956501	3249.04400000	3253.29400000	3169.90000000	3176.85600000	3144.43200000	3148.69200000	3176.41600000	3187.03000000	3219.93400000	3225.24400000	3121.59800000	3125.81800000	3130.66200000	3137.93000000	3099.97000000	3102.27800000	3174.52800000	3179.29000000	3098.51600000	3105.82600000	3158.50000000	3164.22580000
2864481605.35117054	3251.54800000	3254.74600000	3164.19400000	3172.51200000	3094.42200000	3107.56600000	3197.88600000	3200.25000000	3281.15800000	3284.97200000	3165.97600000	3176.57800000	3084.26600000	3084.60800000	3077.98200000	3082.24800000	3149.81200000	3161.81200000	3177.13000000	3181.66200000	3164.43740000	3170.69540000
2865484949.83277607	3245.90000000	3255.44000000	3184.85000000	3188.08000000	3117.98200000	3121.55800000	3159.30600000	3160.48800000	3235.69600000	3238.27200000	3179.15800000	3187.82800000	3094.81600000	3102.76200000	3085.25400000	3093.88600000	3168.71400000	3172.02400000	3187.95600000	3195.38400000	3165.96320000	3171.57220000
2866488294.31438112	3243.00200000	3247.12600000	3148.02600000	3157.61400000	3134.18800000	3138.31200000	3120.78600000	3121.98800000	3088.16800000	3095.84800000	3028.44800000	3035.52200000	3167.53200000	3172.31200000	3129.30000000	3133.38000000	3102.60600000	3110.02200000	3111.17600000	3116.76000000	3127.32320000	3132.88840000
2867491638.79598665	3269.53600000	3272.05200000	3177.67400000	3183.71600000	3161.87600000	3162.56200000	3159.33600000	3155.63200000	3225.17600000	3229.16400000	3201.02400000	3201.17000000	3084.77800000	3092.86400000	3056.77800000	3067.29600000	3180.37800000	3183.62600000	3107.37800000	3114.16600000	3162.39340000	3166.22480000
2868494983.27759218	3239.75600000	3246.78400000	3271.55600000	3276.25400000	3149.76200000	3154.26800000	3084.90600000	3091.49200000	3114.34800000	3113.32600000	3134.11600000	3139.49400000	3126.84800000	3132.63200000	3152.50000000	3150.05800000	3091.97600000	3095.04400000	3110.09400000	3118.10200000	3147.58620000	3151.74540000
2869498327.75919724	3241.65600000	3242.25200000	3280.40800000	3281.11800000	3147.70000000	3153.96600000	3084.39200000	3090.56000000	3107.62400000	3112.19000000	3145.37000000	3149.21800000	3122.41800000	3124.61600000	3136.88800000	3139.14200000	3097.38000000	3099.18200000	3109.98800000	3115.76800000	3147.38240000	3150.80120000
2870501672.24080276	3197.73400000	3207.17200000	3183.00200000	3183.23200000	3139.18600000	3143.04400000	3132.40000000	3136.53600000	3079.35000000	3081.29000000	3059.15400000	3064.44400000	3120.33200000	3121.01800000	3145.68400000	3147.13000000	3104.10600000	3106.12400000	3108.47800000	3105.88000000	3126.94260000	3129.58700000
2871505016.72240782	3297.85200000	3303.17200000	3123.35200000	3134.71000000	3139.94000000	3138.02800000	3141.84200000	3149.16600000	3214.73200000	3214.14000000	3119.51800000	3124.39800000	3103.32600000	3106.35200000	3162.98400000	3167.05600000	3242.11800000	3248.70400000	3037.35000000	3043.77000000	3158.30140000	3162.94960000
2872508361.20401335	3225.40200000	3226.58600000	3257.92600000	3261.59200000	3160.40600000	3162.77600000	3097.28000000	3101.43400000	3123.43400000	3126.49400000	3172.47200000	3177.71400000	3107.33600000	3113.99000000	3132.67800000	3131.43400000	3083.20800000	3084.84800000	3120.98200000	3122.30400000	3148.11240000	3150.91720000
2873511705.68561888	3225.32200000	3234.47400000	3243.15400000	3252.87000000	3105.36400000	3112.87000000	3120.79200000	3126.43800000	3100.88400000	3101.54800000	3061.60400000	3065.67200000	3140.53000000	3144.31800000	3120.83800000	3131.25200000	3110.13400000	3118.65800000	3103.06600000	3104.46000000	3133.16880000	3139.25600000
2874515050.16722393	3246.80000000	3251.42000000	3180.35600000	3183.25600000	3174.72800000	3176.01400000	3149.49200000	3159.10600000	3222.46200000	3226.91400000	3163.10800000	3168.44800000	3119.14000000	3124.17400000	3076.19000000	3072.60800000	3191.27800000	3193.06000000	3095.34200000	3104.91800000	3161.88960000	3165.99180000
2875518394.64882946	3237.87200000	3242.64800000	3273.20800000	3283.62400000	3151.23600000	3156.43600000	3077.74400000	3084.01400000	3111.18000000	3116.39800000	3135.00600000	3140.53400000	3126.18400000	3125.87000000	3144.08200000	3148.13200000	3096.35200000	3097.45000000	3115.82000000	3120.60800000	3146.86840000	3151.57140000
2876521739.13043499	3228.14800000	3229.28800000	3126.16000000	3124.65400000	3124.67800000	3125.34200000	3128.66000000	3133.22000000	3095.14800000	3101.69800000	3021.50200000	3026.44000000	3160.59800000	3164.15200000	3134.69400000	3140.81800000	3114.37400000	3119.42800000	3103.78000000	3106.00400000	3123.77420000	3127.10440000
2877525083.61204004	3226.93200000	3226.34000000	3240.76000000	3246.18200000	3100.35600000	3106.17400000	3127.57000000	3135.83200000	3102.84600000	3103.00000000	3059.50800000	3067.67200000	3134.13800000	3136.81200000	3123.31000000	3127.39400000	3118.32800000	3119.89000000	3105.11200000	3109.88800000	3133.88600000	3137.91840000
2878528428.09364557	3257.85000000	3262.05800000	3188.14400000	3188.62800000	3174.92400000	3177.86800000	3162.73600000	3168.07400000	3227.25000000	3232.04000000	3164.12200000	3174.89000000	3127.36200000	3126.17600000	3079.41600000	3081.87200000	3194.51800000	3197.38200000	3100.49200000	3103.04800000	3167.68140000	3171.20360000
2879531772.57525063	3226.53400000	3227.90800000	3178.21000000	3182.17800000	3106.28600000	3113.39400000	3152.94200000	3156.92000000	3273.91000000	3281.18400000	3217.23000000	3227.12400000	3073.44600000	3077.50200000	3047.52600000	3055.30000000	3106.09000000	3112.71400000	3150.71800000	3161.58600000	3153.28920000	3159.58100000
2880535117.05685616	3199.24400000	3205.99800000	3149.75000000	3162.50000000	3143.84400000	3146.99800000	3127.06000000	3131.30800000	3068.99000000	3081.93800000	3025.81800000	3029.77800000	3119.68400000	3130.14200000	3119.63800000	3126.52400000	3088.76000000	3099.63800000	3112.09400000	3118.11000000	3115.48820000	3123.29340000
2881538461.53846169	3242.54000000	3245.09600000	3256.97200000	3268.38400000	3127.92000000	3131.04000000	3093.88000000	3105.18200000	3103.80200000	3108.96200000	3093.03800000	3096.45600000	3109.90400000	3119.41000000	3118.22800000	3125.47200000	3100.04000000	3105.45200000	3102.92400000	3108.29600000	3134.92480000	3141.37500000
2882541806.02006674	3227.69000000	3228.92600000	3271.07000000	3284.52800000	3154.48800000	3166.88000000	3075.29200000	3079.36400000	3098.78000000	3110.73400000	3156.93400000	3168.81400000	3111.61600000	3123.68000000	3116.05400000	3130.31000000	3088.05200000	3097.26400000	3107.30000000	3119.21400000	3140.72760000	3150.97140000
2883545150.50167227	3282.48000000	3294.43400000	3177.15600000	3190.17400000	3097.94400000	3107.70000000	3091.40600000	3100.92200000	3139.96000000	3150.23600000	3112.48400000	3123.88200000	3013.32400000	3021.32600000	3175.23800000	3187.28800000	3211.55600000	3221.53400000	3088.99000000	3099.05600000	3139.05380000	3149.65520000
2884548494.98327780	3233.09800000	3247.23600000	3137.63600000	3151.47200000	3128.05200000	3138.10600000	3120.60200000	3132.15600000	3080.30600000	3092.27800000	3013.55600000	3028.31800000	3153.33200000	3166.12600000	3127.10200000	3135.06000000	3108.69000000	3118.27600000	3096.75600000	3110.50000000	3119.91300000	3131.95280000
2885551839.46488285	3241.36800000	3258.65000000	3172.77000000	3183.14800000	3148.62800000	3160.53400000	3152.24600000	3166.16400000	3234.47200000	3244.73800000	3182.36200000	3194.80000000	3075.19200000	3084.79800000	3042.89200000	3047.17400000	3153.82200000	3166.20200000	3109.38000000	3118.56200000	3151.31320000	3162.47700000
2886555183.94648838	3257.44200000	3270.24600000	3147.62000000	3159.06800000	3155.78800000	3164.60400000	3140.97000000	3152.34400000	3187.04600000	3197.65200000	3113.11600000	3125.45800000	3094.19400000	3107.24800000	3114.34200000	3130.28400000	3181.51600000	3193.97000000	3023.25200000	3035.85200000	3141.52860000	3153.67260000
2887558528.42809343	3254.96200000	3269.03200000	3235.50000000	3254.44000000	3153.42400000	3163.39200000	3099.88200000	3112.52200000	3202.20400000	3216.08400000	3163.46800000	3179.36800000	3089.63400000	3094.84800000	3111.04800000	3123.85000000	3102.56200000	3117.65800000	3159.35200000	3175.99000000	3157.20360000	3170.71840000
2888561872.90969896	3248.47200000	3263.17600000	3162.65200000	3178.52000000	3099.46400000	3113.88800000	3199.97800000	3211.55000000	3281.52000000	3298.92200000	3179.54600000	3191.35800000	3078.92600000	3095.38600000	3070.64600000	3084.50000000	3136.51400000	3151.14200000	3164.75800000	3186.34800000	3162.24760000	3177.47900000
2889565217.39130449	3286.30200000	3303.94800000	3115.40800000	3130.46200000	3120.33000000	3131.43600000	3135.57000000	3151.55200000	3198.52800000	3218.68800000	3115.03200000	3132.79600000	3075.30000000	3091.39600000	3139.83000000	3159.37800000	3232.57800000	3247.76200000	3039.98200000	3052.18800000	3145.88600000	3161.96060000
2890568561.87290955	3215.00400000	3231.45600000	3160.99800000	3173.10600000	3128.28600000	3140.91000000	3140.68600000	3159.24800000	3254.97800000	3274.12000000	3192.19800000	3206.86800000	3051.33800000	3066.43800000	3029.89000000	3046.67600000	3118.50000000	3136.30200000	3109.58800000	3129.19000000	3140.14660000	3156.43140000
2891571906.35451508	3239.64600000	3251.67600000	3244.52800000	3262.77200000	3139.68000000	3163.20000000	3094.32600000	3109.36200000	3164.26800000	3182.50000000	3194.07400000	3213.39000000	3091.33800000	3104.85400000	3105.67000000	3118.20000000	3096.26800000	3112.41600000	3143.66000000	3158.01000000	3151.34580000	3167.63800000
2892575250.83612061	3241.02000000	3254.62400000	3149.00400000	3163.58200000	3129.83800000	3149.33800000	3142.16200000	3153.82400000	3183.61200000	3203.57600000	3097.90600000	3111.18200000	3082.49400000	3098.25000000	3132.97200000	3143.95800000	3183.45600000	3200.54600000	3023.92400000	3043.73800000	3136.63880000	3152.26180000
2893578595.31772566	3238.01000000	3256.54800000	3183.93400000	3195.20800000	3135.42400000	3150.25000000	3177.93400000	3189.37200000	3204.06600000	3213.37200000	3127.06800000	3146.87400000	3117.66600000	3135.63000000	3066.25000000	3081.44400000	3174.02600000	3188.02800000	3097.01200000	3114.98000000	3152.13900000	3167.17060000
2894581939.79933119	3189.96400000	3200.37400000	3154.61600000	3170.14800000	3127.64800000	3140.53800000	3118.23200000	3133.23400000	3067.99000000	3083.27600000	3037.64400000	3050.08400000	3102.71800000	3114.48000000	3129.07600000	3142.14400000	3085.71800000	3102.62800000	3085.51600000	3100.42600000	3109.91220000	3123.73320000
2895585284.28093624	3242.65600000	3258.09400000	3155.97800000	3166.11800000	3092.51800000	3107.68200000	3206.18400000	3218.50400000	3284.54200000	3297.49600000	3169.04200000	3183.40000000	3081.06000000	3091.30000000	3066.66200000	3078.32200000	3142.58600000	3156.63200000	3168.57400000	3183.15200000	3160.98020000	3174.07000000
2896588628.76254177	3285.96000000	3296.32400000	3144.39200000	3158.30200000	3109.51800000	3124.61800000	3136.73000000	3147.64400000	3178.86600000	3193.19800000	3130.71000000	3142.71800000	3034.96200000	3049.35800000	3141.23000000	3155.86800000	3228.85000000	3243.78400000	3056.69400000	3063.55600000	3144.79120000	3157.53700000
2897591973.24414730	3226.00000000	3236.96200000	3243.30800000	3255.70200000	3137.87600000	3150.54400000	3106.07800000	3116.86600000	3129.36000000	3136.65800000	3172.82200000	3191.56200000	3092.72600000	3105.55800000	3125.48800000	3138.18800000	3075.97600000	3087.38800000	3124.21000000	3132.32200000	3143.38440000	3155.17500000
2898595317.72575235	3266.34000000	3280.99600000	3166.46200000	3172.42200000	3160.79200000	3169.94200000	3138.96400000	3149.92000000	3208.56400000	3214.11800000	3193.49200000	3204.05800000	3086.29200000	3097.28600000	3037.35000000	3046.38200000	3188.28600000	3196.46000000	3106.32400000	3106.66800000	3155.28660000	3163.82520000
2899598662.20735788	3241.23800000	3252.60000000	3170.58600000	3187.68200000	3152.85600000	3161.18400000	3157.67600000	3166.06400000	3240.81600000	3253.35800000	3188.66800000	3197.86000000	3072.20800000	3086.39400000	3049.02200000	3050.93200000	3153.56600000	3159.83800000	3113.00800000	3117.18200000	3153.96440000	3163.30940000
2900602006.68896341	3194.88400000	3204.61800000	3144.20800000	3155.23200000	3141.83600000	3150.38000000	3125.20000000	3128.18200000	3065.21000000	3075.73400000	3025.85200000	3028.10400000	3113.71000000	3123.69600000	3118.23400000	3126.13400000	3086.20600000	3097.26600000	3099.11200000	3102.73000000	3111.44520000	3119.20760000
2901605351.17056847	3192.64000000	3200.40800000	3185.37800000	3193.60400000	3140.84800000	3143.38200000	3119.68400000	3124.45400000	3081.21600000	3081.08000000	3061.76400000	3069.59800000	3113.38600000	3120.58800000	3145.13600000	3150.78200000	3084.90200000	3090.88200000	3100.24200000	3106.63200000	3122.51960000	3128.14100000
2902608695.65217400	3239.62600000	3246.49800000	3269.39000000	3275.11800000	3152.91800000	3156.69600000	3086.81800000	3098.64400000	3111.93400000	3114.38600000	3130.93200000	3138.89600000	3129.96000000	3138.95400000	3147.64800000	3154.52400000	3095.98600000	3106.85400000	3106.64600000	3116.69200000	3147.18580000	3154.72620000
2903612040.13377905	3199.41400000	3207.71800000	3160.01800000	3166.80600000	3156.40600000	3158.10000000	3131.31800000	3135.37800000	3072.22600000	3085.43600000	3037.45000000	3044.65600000	3119.02200000	3121.24400000	3137.65000000	3146.12000000	3102.16600000	3107.62400000	3093.99800000	3101.43600000	3120.96680000	3127.45180000
2904615384.61538458	3258.91400000	3260.14800000	3165.28200000	3173.70200000	3150.12200000	3152.58600000	3158.13600000	3162.71000000	3198.99400000	3201.90400000	3118.56200000	3119.20000000	3097.11800000	3101.84600000	3144.70000000	3151.48600000	3199.22200000	3203.69000000	3045.90200000	3047.11400000	3153.69520000	3157.43860000
2905618729.09699011	3242.74800000	3244.25600000	3249.32400000	3255.82400000	3151.11400000	3152.81600000	3122.88400000	3126.07600000	3151.81000000	3152.42000000	3187.72200000	3195.36400000	3104.52400000	3110.61000000	3131.33600000	3135.87000000	3088.34000000	3092.33800000	3138.70200000	3142.03600000	3156.85040000	3160.76100000
2906622073.57859516	3237.21800000	3242.51400000	3248.05200000	3247.91800000	3143.90800000	3147.92600000	3116.61200000	3115.75000000	3158.51800000	3160.60400000	3187.96600000	3193.31600000	3105.05800000	3099.30200000	3131.12400000	3135.62400000	3089.48400000	3092.20000000	3133.26400000	3141.73000000	3155.12040000	3157.68840000
2907625418.06020069	3271.24200000	3276.06000000	3144.19000000	3143.86400000	3170.97200000	3173.15000000	3135.17400000	3140.62000000	3195.12000000	3194.81400000	3121.34200000	3122.01800000	3103.84200000	3102.89600000	3135.54200000	3139.04800000	3202.81200000	3207.12400000	3022.72800000	3025.72000000	3150.29640000	3152.53140000
2908628762.54180622	3243.81800000	3246.74000000	3145.98600000	3152.95200000	3137.40200000	3136.26800000	3129.34800000	3126.10800000	3093.56200000	3090.19200000	3028.45600000	3032.40800000	3167.77600000	3172.58000000	3133.69600000	3136.76400000	3121.63800000	3124.76000000	3112.05600000	3111.80600000	3131.37380000	3133.05780000
2909632107.02341127	3205.10800000	3202.67800000	3156.69800000	3157.38400000	3147.13200000	3145.32200000	3131.72400000	3129.50400000	3070.93400000	3076.11600000	3028.15400000	3026.11000000	3134.09000000	3133.25600000	3117.99000000	3123.53000000	3088.87800000	3091.61000000	3121.75000000	3123.00600000	3120.24580000	3120.85160000
2910635451.50501680	3200.57800000	3201.71400000	3190.32800000	3189.85400000	3141.06000000	3140.64200000	3130.38000000	3129.96000000	3081.06400000	3084.80600000	3067.67600000	3059.37800000	3121.79200000	3119.10600000	3148.47000000	3147.26400000	3095.27200000	3097.67200000	3103.67000000	3102.44400000	3128.02900000	3127.28400000
2911638795.98662186	3240.28000000	3241.98400000	3254.11400000	3252.90600000	3129.27800000	3131.74200000	3134.46000000	3127.85600000	3110.81200000	3113.50200000	3064.79400000	3067.37200000	3157.18800000	3162.91800000	3128.05400000	3132.62800000	3123.06200000	3124.37600000	3110.14600000	3111.41200000	3145.21880000	3146.66960000
2912642140.46822739	3268.29400000	3267.79000000	3164.29600000	3163.04400000	3157.30400000	3162.61000000	3158.82800000	3149.30400000	3204.90400000	3205.70600000	3125.32000000	3128.04800000	3109.90000000	3104.90600000	3127.88000000	3131.01200000	3201.98800000	3206.77600000	3035.37200000	3035.82800000	3155.40860000	3155.50240000
2913645484.94983292	3268.35200000	3262.29600000	3253.20800000	3252.19800000	3162.67400000	3161.23800000	3109.42400000	3112.98600000	3209.27600000	3205.85800000	3191.01400000	3190.95400000	3097.71800000	3095.27200000	3109.37600000	3113.74000000	3101.07200000	3103.37000000	3167.02400000	3172.73600000	3166.91380000	3167.06480000
2914648829.43143797	3300.48200000	3298.90400000	3192.12600000	3194.74200000	3111.01800000	3111.10400000	3108.80000000	3110.13200000	3166.66200000	3164.83600000	3129.29200000	3130.24200000	3030.46800000	3031.68200000	3190.98000000	3192.04000000	3230.91400000	3233.77600000	3101.22400000	3102.47000000	3156.19660000	3156.99280000
2915652173.91304350	3271.20600000	3267.87600000	3205.06600000	3208.54400000	3167.24200000	3165.68800000	3169.94600000	3175.40800000	3239.01400000	3238.10000000	3168.25600000	3168.57000000	3132.11200000	3132.43600000	3085.07000000	3087.81000000	3194.02800000	3197.42400000	3122.77800000	3114.87800000	3175.47180000	3175.67340000
2916655518.39464903	3295.24600000	3291.61800000	3189.74800000	3194.38400000	3111.97800000	3109.22000000	3102.51000000	3102.13000000	3162.13000000	3157.25200000	3130.03400000	3132.39400000	3026.08800000	3030.18000000	3190.78000000	3195.77800000	3224.79400000	3231.61800000	3102.98800000	3097.72200000	3153.62960000	3154.22960000
2917658862.87625408	3236.29400000	3235.22600000	3183.90600000	3178.37800000	3110.52400000	3108.64600000	3187.88200000	3188.03600000	3291.35800000	3293.09200000	3221.20600000	3224.15600000	3099.26000000	3090.78000000	3073.43200000	3073.73400000	3120.28800000	3116.82000000	3170.11600000	3172.99600000	3169.42660000	3168.18640000
2918662207.35785961	3258.34000000	3254.33200000	3190.68600000	3187.13200000	3180.46000000	3182.75200000	3167.50800000	3164.06800000	3231.07200000	3231.88400000	3169.69400000	3174.67800000	3128.94400000	3129.05400000	3083.17000000	3080.22200000	3196.36600000	3196.68200000	3101.66800000	3107.20800000	3170.79080000	3170.80120000
2919665551.83946514	3227.31400000	3220.41400000	3158.02400000	3159.73600000	3147.62000000	3145.92400000	3129.06600000	3129.87200000	3089.52400000	3087.87000000	3034.38800000	3037.60400000	3171.50400000	3171.06200000	3119.89000000	3118.45200000	3098.83000000	3099.90800000	3123.72400000	3126.16800000	3129.98840000	3129.70100000
2920668896.32107019	3257.32000000	3247.87400000	3154.35800000	3153.26800000	3138.81200000	3140.12000000	3125.32000000	3124.30400000	3087.90000000	3089.95200000	3035.90800000	3037.14800000	3169.91000000	3164.04200000	3139.60000000	3137.64000000	3119.18400000	3119.60800000	3114.58800000	3114.44400000	3134.29000000	3132.84000000
2921672240.80267572	3271.93400000	3272.02200000	3251.46800000	3254.30600000	3165.95000000	3171.92200000	3120.42000000	3117.72000000	3210.79200000	3217.93600000	3184.75600000	3175.95400000	3096.33800000	3095.66400000	3123.83400000	3124.84400000	3122.29000000	3124.09800000	3181.91000000	3181.77800000	3172.96920000	3173.62440000
2922675585.28428078	3254.44400000	3253.35000000	3180.09400000	3181.95000000	3148.56600000	3147.70600000	3187.06600000	3186.53800000	3216.30200000	3211.71400000	3117.64800000	3119.25800000	3134.39000000	3133.51400000	3093.96400000	3089.77800000	3180.83400000	3182.03000000	3101.41000000	3101.03400000	3161.47180000	3160.68720000
2923678929.76588631	3288.24000000	3289.21400000	3150.78800000	3145.89000000	3187.74000000	3181.07800000	3127.02200000	3128.44000000	3205.57600000	3205.35600000	3145.77400000	3142.96200000	3109.52400000	3105.40800000	3162.71600000	3161.35000000	3223.83600000	3221.39800000	3032.25600000	3029.77000000	3163.34720000	3161.08660000
2924682274.24749184	3272.20600000	3272.11400000	3157.42000000	3160.64200000	3170.23400000	3168.12200000	3158.07200000	3153.93800000	3201.52200000	3195.47400000	3123.33800000	3120.82800000	3110.69800000	3109.02600000	3127.85200000	3128.98400000	3197.57400000	3194.77400000	3034.15600000	3035.17800000	3155.30720000	3153.90800000
2925685618.72909689	3268.02000000	3262.95600000	3164.15400000	3160.27800000	3170.13600000	3161.03600000	3160.24600000	3154.59000000	3204.61600000	3202.06200000	3129.55200000	3128.63200000	3114.49200000	3111.30200000	3128.88200000	3125.71000000	3211.23200000	3205.08800000	3038.60800000	3039.71600000	3158.99380000	3155.13700000
2926688963.21070242	3289.00800000	3287.05400000	3140.96000000	3139.24600000	3180.43200000	3177.70400000	3132.72600000	3132.04600000	3204.35400000	3203.16200000	3144.69000000	3140.06600000	3105.49200000	3100.58800000	3161.02600000	3159.02000000	3226.87800000	3224.03400000	3032.85600000	3030.05200000	3161.84220000	3159.29720000
2927692307.69230747	3209.18600000	3204.28800000	3219.05800000	3217.13200000	3153.50200000	3149.20000000	3125.85600000	3127.43800000	3096.94600000	3096.84600000	3077.71600000	3078.83800000	3131.62200000	3132.54200000	3142.12200000	3139.36800000	3116.26200000	3116.75600000	3124.84800000	3124.51200000	3139.71180000	3138.69200000
2928695652.17391300	3215.11600000	3207.49000000	3159.91600000	3159.20000000	3159.80000000	3157.19400000	3137.81000000	3132.74800000	3079.47000000	3082.92600000	3043.19800000	3040.74200000	3123.80200000	3119.00000000	3142.81400000	3142.29800000	3107.30000000	3106.12600000	3094.35800000	3098.68600000	3126.35840000	3124.64100000
2929698996.65551853	3283.85000000	3281.76000000	3174.10600000	3175.07800000	3169.47000000	3165.51800000	3141.98600000	3132.61000000	3215.50800000	3213.21800000	3195.71800000	3197.15600000	3109.14600000	3108.09600000	3054.99400000	3054.67000000	3193.77600000	3195.48200000	3106.37800000	3108.51800000	3164.49320000	3163.21060000
2930702341.13712358	3261.87400000	3260.11200000	3274.65800000	3266.09200000	3175.32600000	3173.90800000	3111.29400000	3113.47400000	3195.05600000	3194.49200000	3216.43400000	3215.22400000	3113.37600000	3109.96800000	3107.34800000	3105.22800000	3108.47400000	3105.05000000	3163.87200000	3164.27400000	3172.77120000	3170.78220000
2931705685.61872911	3263.91000000	3258.97600000	3196.03200000	3195.63000000	3182.42600000	3181.26600000	3176.55000000	3171.35600000	3241.37600000	3238.88600000	3177.13800000	3177.43600000	3141.46400000	3136.55600000	3085.54600000	3088.64200000	3203.47600000	3201.83400000	3108.26200000	3104.30600000	3177.61800000	3175.48880000
2932709030.10033464	3262.72400000	3258.03800000	3202.32400000	3199.30200000	3150.09000000	3145.45800000	3185.66400000	3179.32800000	3211.08200000	3214.62200000	3149.39000000	3148.32600000	3134.88600000	3135.70800000	3078.86600000	3074.05000000	3196.90000000	3193.68600000	3111.72000000	3114.49400000	3168.36460000	3166.30120000
2933712374.58193970	3270.44200000	3271.77200000	3188.04800000	3186.34600000	3122.22400000	3123.22600000	3195.04600000	3197.20800000	3271.92600000	3273.61400000	3180.09000000	3177.32200000	3112.01000000	3106.80000000	3101.37000000	3100.49200000	3175.92400000	3172.42800000	3194.80800000	3192.46000000	3181.18880000	3180.16680000
2934715719.06354523	3231.44200000	3224.88800000	3245.85800000	3242.05800000	3108.84200000	3107.82600000	3131.63400000	3133.22000000	3109.32000000	3106.33600000	3065.66000000	3062.36800000	3140.94600000	3140.17600000	3133.75200000	3135.34600000	3116.00600000	3117.15400000	3109.66800000	3107.36800000	3139.31280000	3137.67400000
2935719063.54515076	3241.87000000	3235.10400000	3265.79400000	3258.84200000	3159.90400000	3155.01200000	3120.16400000	3122.45800000	3139.14200000	3134.73000000	3187.34400000	3188.56800000	3112.14400000	3111.22200000	3139.36200000	3145.33800000	3088.37400000	3087.38600000	3138.34000000	3133.91400000	3159.24380000	3157.25740000
2936722408.02675581	3237.42800000	3231.91800000	3270.46600000	3265.78000000	3169.90200000	3167.01800000	3097.26400000	3096.59800000	3121.43400000	3122.77800000	3178.19800000	3172.93000000	3117.08000000	3117.71800000	3126.33800000	3129.05600000	3097.22000000	3093.77600000	3128.32600000	3117.97600000	3154.36560000	3151.55480000
2937725752.50836134	3236.94400000	3229.77400000	3173.49000000	3167.61600000	3137.26800000	3130.85000000	3159.99400000	3157.52000000	3281.50200000	3278.84800000	3217.85800000	3213.05400000	3074.35600000	3072.10400000	3055.59800000	3053.13400000	3136.88600000	3134.03000000	3145.89400000	3139.00200000	3161.97900000	3157.59320000
2938729096.98996639	3251.96400000	3244.71200000	3272.32000000	3272.46600000	3141.14000000	3137.29600000	3098.90600000	3101.14800000	3116.63400000	3113.54200000	3110.45000000	3110.77800000	3129.72200000	3122.81600000	3139.20000000	3136.29600000	3109.75000000	3107.92200000	3112.36400000	3110.63000000	3148.24500000	3145.76060000
2939732441.47157192	3303.33600000	3297.99400000	3153.46000000	3155.73400000	3126.28600000	3124.99600000	3160.83200000	3158.74200000	3194.39800000	3195.04000000	3149.69200000	3148.86600000	3060.89400000	3059.27000000	3155.41600000	3151.48400000	3241.12800000	3242.50600000	3061.65800000	3057.98800000	3160.71000000	3159.26200000
2940735785.95317745	3216.73600000	3217.15800000	3117.93200000	3118.76000000	3108.48000000	3108.22200000	3150.78800000	3154.22800000	3118.75800000	3115.14000000	3037.29800000	3042.99000000	3211.93600000	3207.26600000	3144.24400000	3145.86800000	3128.98800000	3124.11400000	3126.36400000	3121.38800000	3136.15240000	3135.51340000
2941739130.43478251	3262.35200000	3260.50200000	3200.22400000	3194.49600000	3151.12200000	3152.44000000	3173.76400000	3170.49800000	3223.70200000	3221.26600000	3155.47000000	3155.69000000	3130.21200000	3126.57800000	3077.14200000	3078.95400000	3197.60000000	3194.94000000	3116.68800000	3107.56200000	3168.82760000	3166.29260000
2942742474.91638803	3259.93800000	3254.17000000	3190.54600000	3185.51000000	3185.66200000	3179.57000000	3167.03800000	3163.91400000	3234.74600000	3235.78800000	3173.51800000	3166.98200000	3128.17000000	3131.10600000	3084.62200000	3077.35600000	3196.61400000	3194.78600000	3109.26200000	3104.70800000	3173.01160000	3169.38900000
2943745819.39799309	3242.16200000	3236.59000000	3181.39000000	3181.70800000	3113.48200000	3110.14600000	3189.06400000	3185.40600000	3293.23000000	3289.79200000	3214.68200000	3209.42200000	3098.35000000	3094.92000000	3076.62400000	3079.81000000	3123.87200000	3120.16400000	3174.77200000	3177.38200000	3170.76280000	3168.53400000
2944749163.87959862	3241.88400000	3239.93600000	3283.82200000	3284.54600000	3155.32000000	3151.37200000	3092.63000000	3089.43400000	3106.11600000	3103.85200000	3151.59800000	3144.79000000	3117.38000000	3120.43600000	3134.68000000	3135.48800000	3090.74400000	3092.19000000	3114.97800000	3111.99400000	3148.91520000	3147.40380000
2945752508.36120415	3240.73000000	3240.25000000	3158.37000000	3157.26800000	3138.37400000	3142.27600000	3126.78600000	3121.46400000	3095.40200000	3093.06600000	3037.35400000	3037.81000000	3173.69600000	3174.27200000	3137.24800000	3131.77200000	3102.19200000	3103.93600000	3125.28800000	3121.80200000	3133.54400000	3132.39160000
2946755852.84280920	3258.91600000	3259.04000000	3178.95000000	3178.15000000	3106.98800000	3098.86200000	3206.50400000	3205.68200000	3295.86800000	3288.83000000	3200.69800000	3196.21400000	3090.75600000	3091.96200000	3087.90600000	3080.58400000	3137.40400000	3136.11200000	3178.14600000	3172.92600000	3174.21360000	3170.83620000
2947759197.32441473	3231.08400000	3231.34800000	3157.00000000	3155.68800000	3144.31800000	3142.35000000	3124.12800000	3122.55000000	3095.61600000	3092.68200000	3036.28400000	3035.33200000	3170.50400000	3168.71800000	3125.36200000	3121.17600000	3100.80800000	3098.21600000	3119.92000000	3116.33600000	3130.50240000	3128.43960000
2948762541.80602026	3273.30600000	3268.13600000	3187.00400000	3185.59800000	3132.97800000	3128.96200000	3189.06800000	3185.12600000	3275.47000000	3272.84600000	3183.88600000	3180.89400000	3110.54800000	3105.63600000	3104.82600000	3103.48600000	3174.26000000	3173.67600000	3193.02600000	3195.98000000	3182.43720000	3180.03400000
2949765886.28762531	3268.61400000	3263.68000000	3242.91200000	3237.17800000	3159.64200000	3156.18600000	3123.14200000	3118.95000000	3206.67800000	3209.57800000	3162.39000000	3161.16400000	3088.03200000	3085.26600000	3113.09200000	3111.53600000	3122.45400000	3125.31800000	3181.33400000	3178.40000000	3166.82900000	3164.72560000
2950769230.76923084	3214.49400000	3217.20800000	3116.87800000	3120.68400000	3107.90200000	3105.79800000	3144.55000000	3144.43800000	3114.92800000	3111.11000000	3039.73800000	3039.68600000	3198.02200000	3199.44800000	3141.06200000	3136.95200000	3125.95200000	3119.56600000	3117.73200000	3113.31200000	3132.12580000	3130.82020000
2951772575.25083637	3240.22200000	3241.24000000	3133.39000000	3131.25200000	3127.73400000	3129.38000000	3125.35600000	3128.10400000	3100.73800000	3096.35000000	3023.71400000	3023.58000000	3164.34600000	3167.87200000	3142.22800000	3139.06800000	3115.37400000	3119.44000000	3103.75400000	3103.07800000	3127.68560000	3127.93640000
2952775919.73244143	3264.56200000	3265.15000000	3186.95400000	3185.32400000	3120.15400000	3120.41000000	3197.21000000	3201.27000000	3279.28200000	3280.99400000	3178.66800000	3178.35600000	3100.69400000	3103.20800000	3098.80400000	3102.80200000	3172.40200000	3169.42200000	3189.28000000	3188.75000000	3178.80100000	3179.56860000
2953779264.21404696	3294.85000000	3287.05200000	3141.37400000	3133.80800000	3165.65800000	3165.54600000	3141.44600000	3137.34000000	3202.81200000	3199.52000000	3139.51600000	3140.05200000	3102.71600000	3097.41000000	3162.39200000	3165.14600000	3231.08200000	3229.21600000	3030.17000000	3023.53800000	3161.20160000	3157.86280000
2954782608.69565201	3265.92200000	3261.61400000	3176.59800000	3172.24000000	3106.70200000	3105.72400000	3206.58000000	3199.53800000	3284.31600000	3285.64200000	3181.02200000	3174.86600000	3098.68000000	3094.36400000	3090.71000000	3087.11200000	3162.19800000	3160.03800000	3185.68600000	3183.05600000	3175.84140000	3172.41940000
2955785953.17725754	3280.07200000	3276.84800000	3260.05200000	3261.59200000	3178.10800000	3171.08400000	3125.05400000	3128.60400000	3211.51400000	3208.40800000	3196.53400000	3190.31600000	3106.31600000	3107.55800000	3117.49600000	3113.61600000	3108.67800000	3106.13200000	3176.60600000	3174.96000000	3176.04300000	3173.91180000
2956789297.65886307	3233.31400000	3233.58400000	3178.43400000	3180.07600000	3111.61200000	3115.66800000	3183.97600000	3181.73200000	3291.70400000	3289.06000000	3226.81800000	3223.94000000	3092.57600000	3089.46000000	3074.53000000	3068.50000000	3115.95200000	3114.23000000	3171.43000000	3166.56600000	3168.03460000	3166.28160000
2957792642.14046812	3241.67600000	3233.87600000	3178.55000000	3175.88800000	3152.55400000	3145.04800000	3160.76400000	3157.62400000	3272.70400000	3275.85000000	3201.67800000	3204.88800000	3070.90600000	3067.36400000	3045.49000000	3045.84400000	3145.86800000	3138.21400000	3121.38800000	3118.02800000	3159.15780000	3156.26240000
2958795986.62207365	3235.72000000	3238.58600000	3188.83600000	3188.25400000	3118.81200000	3117.66200000	3174.68800000	3171.74800000	3293.19800000	3287.93400000	3226.89800000	3227.23800000	3090.43600000	3094.53200000	3071.20600000	3069.55000000	3124.64200000	3118.13000000	3170.47600000	3168.00600000	3169.49120000	3168.16400000
2959799331.10367870	3251.37000000	3249.26400000	3261.45200000	3255.84800000	3156.70800000	3153.33200000	3109.86400000	3111.16400000	3173.50400000	3173.44000000	3208.74400000	3204.34200000	3108.94000000	3103.28600000	3127.61800000	3123.34200000	3107.45200000	3111.43600000	3144.34000000	3145.04600000	3164.99920000	3163.05000000
2960802675.58528423	3244.17800000	3242.41200000	3177.52000000	3180.60200000	3172.56800000	3170.96400000	3152.92800000	3146.21000000	3224.79200000	3218.38400000	3170.31000000	3174.95000000	3117.22400000	3115.30800000	3076.01600000	3072.38000000	3188.43200000	3183.78400000	3098.43000000	3096.39400000	3162.23980000	3160.13880000
2961806020.06688976	3270.82200000	3273.87400000	3249.70200000	3247.98400000	3168.81800000	3162.64400000	3126.85000000	3120.86000000	3212.05400000	3210.06000000	3167.56000000	3167.62600000	3096.38000000	3094.61200000	3123.49200000	3122.16200000	3126.81400000	3125.58000000	3184.63800000	3181.19400000	3172.71300000	3170.65960000
2962809364.54849482	3278.25200000	3281.16200000	3149.47200000	3148.03000000	3179.41200000	3176.71200000	3149.79600000	3151.95200000	3198.59800000	3199.15200000	3128.90200000	3125.98800000	3108.07600000	3102.29800000	3138.98600000	3140.98200000	3205.45600000	3206.49800000	3030.72800000	3031.92400000	3156.76780000	3156.46980000
2963812709.03010035	3270.96200000	3261.10000000	3203.70600000	3199.55000000	3176.71800000	3177.97000000	3178.29600000	3173.77000000	3239.34200000	3243.86000000	3181.61800000	3174.68800000	3135.48600000	3138.22400000	3092.26600000	3089.28800000	3204.54600000	3200.05200000	3109.99400000	3108.57000000	3179.29340000	3176.70720000
2964816053.51170588	3270.63000000	3265.43800000	3281.26000000	3278.59600000	3189.81000000	3180.47400000	3124.75800000	3124.95200000	3198.22800000	3194.79600000	3222.76400000	3225.68000000	3118.87200000	3119.39400000	3113.82600000	3112.24800000	3114.33400000	3113.19400000	3172.68000000	3169.21000000	3180.71620000	3178.39820000
2965819397.99331093	3245.50600000	3244.78400000	3253.20800000	3257.08000000	3138.54200000	3135.13800000	3115.86000000	3110.96000000	3117.59400000	3113.53200000	3079.72000000	3075.25400000	3135.69200000	3134.38600000	3125.92200000	3119.40800000	3123.09200000	3119.49800000	3094.86000000	3095.34800000	3142.99960000	3140.53880000
2966822742.47491646	3209.15400000	3208.47800000	3103.24000000	3101.08000000	3106.96600000	3102.20400000	3156.86600000	3152.58600000	3120.40800000	3118.87200000	3025.63200000	3023.01800000	3219.05600000	3215.67400000	3158.79200000	3161.85800000	3122.88200000	3118.80600000	3126.94600000	3121.94400000	3134.99420000	3132.45200000
2967826086.95652199	3250.77800000	3244.54600000	3170.53600000	3169.92600000	3153.81000000	3149.63600000	3178.92600000	3180.07600000	3225.00800000	3224.23000000	3130.92400000	3124.70000000	3142.06000000	3136.06000000	3116.50000000	3107.75200000	3175.01400000	3176.66000000	3106.68200000	3102.71200000	3165.02380000	3161.62980000
2968829431.43812704	3279.96800000	3278.56800000	3181.43600000	3173.91200000	3172.70200000	3176.84000000	3155.02400000	3156.98400000	3222.04400000	3221.65400000	3204.40400000	3200.16400000	3102.36400000	3095.86600000	3060.50600000	3056.37400000	3199.03600000	3199.39600000	3117.01000000	3112.47000000	3169.44940000	3167.22280000
2969832775.91973257	3239.18400000	3238.05200000	3291.63400000	3290.98800000	3168.23400000	3162.97000000	3098.44600000	3093.02000000	3115.27200000	3112.04000000	3165.04400000	3171.01200000	3133.11800000	3126.45800000	3137.14600000	3131.32600000	3098.54800000	3103.38800000	3116.12400000	3121.13600000	3156.27500000	3155.03900000
2970836120.40133762	3262.09400000	3256.77000000	3187.11000000	3189.18200000	3152.51000000	3147.96000000	3197.79000000	3193.46800000	3218.98600000	3217.94800000	3146.72400000	3139.21600000	3137.94000000	3138.03600000	3089.96000000	3084.07200000	3190.65800000	3191.10200000	3112.09200000	3111.53200000	3169.58640000	3166.92860000
2971839464.88294315	3226.07000000	3218.28800000	3233.19800000	3230.19600000	3110.14600000	3106.83600000	3131.99000000	3131.41600000	3100.48800000	3100.64200000	3073.67600000	3070.23000000	3130.44400000	3130.26800000	3122.96800000	3123.42000000	3124.55400000	3125.78000000	3113.67000000	3113.80800000	3136.72040000	3135.08840000
2972842809.36454868	3253.30600000	3255.80000000	3184.86600000	3180.00000000	3171.55400000	3173.93000000	3141.88000000	3146.31000000	3240.03600000	3232.11200000	3177.84400000	3179.10600000	3117.47600000	3115.73800000	3073.45400000	3071.97200000	3183.01200000	3183.82200000	3098.44000000	3099.86800000	3164.18680000	3163.86580000
2973846153.84615374	3239.33600000	3231.87200000	3189.45000000	3186.92800000	3119.93400000	3116.50600000	3170.40000000	3160.96400000	3290.59000000	3287.97000000	3232.51800000	3228.06000000	3086.19200000	3084.26400000	3065.15800000	3060.78000000	3120.69400000	3119.05800000	3165.70600000	3163.64600000	3167.99780000	3164.00480000
2974849498.32775927	3290.89800000	3285.63400000	3196.15000000	3196.86200000	3117.24400000	3113.58200000	3095.83200000	3095.67800000	3141.43200000	3137.77000000	3134.31000000	3131.85600000	3023.92400000	3021.59200000	3191.40800000	3194.88800000	3223.67600000	3218.68200000	3119.96000000	3119.63400000	3153.48340000	3151.61780000
2975852842.80936432	3281.03600000	3275.23400000	3175.93000000	3177.63400000	3170.05000000	3166.83600000	3149.95400000	3147.86600000	3215.03600000	3217.29200000	3198.75600000	3196.93200000	3107.45200000	3103.37800000	3050.88000000	3044.28000000	3205.27200000	3200.19800000	3109.58000000	3107.44000000	3166.39460000	3163.70900000
2976856187.29096985	3286.94800000	3279.08600000	3178.97200000	3174.82200000	3164.04400000	3167.34000000	3135.90600000	3135.39800000	3226.34400000	3227.04200000	3193.34400000	3185.07000000	3113.29600000	3111.08000000	3063.21600000	3059.76000000	3179.08600000	3176.17200000	3108.81600000	3102.15000000	3164.99720000	3161.79200000
2977859531.77257538	3247.72000000	3248.08800000	3178.76400000	3171.28600000	3152.80200000	3150.95800000	3168.49200000	3164.21800000	3216.01200000	3211.40800000	3126.54000000	3121.56400000	3104.84200000	3106.55400000	3129.92800000	3125.80600000	3191.37400000	3189.42400000	3078.30200000	3076.64400000	3159.47760000	3156.59500000
2978862876.25418043	3309.30400000	3306.56600000	3188.75800000	3194.51000000	3114.32800000	3111.34200000	3119.29000000	3109.74000000	3183.56200000	3176.90600000	3131.91000000	3136.65800000	3042.57600000	3034.68000000	3195.37200000	3190.38600000	3236.56000000	3235.34200000	3103.28000000	3102.14800000	3162.49400000	3159.82780000
2979866220.73578596	3205.93800000	3202.68200000	3225.05600000	3220.71200000	3144.18200000	3138.56400000	3129.67200000	3126.72200000	3094.34000000	3088.65400000	3079.03000000	3076.22200000	3139.64600000	3137.24800000	3124.63200000	3122.73800000	3125.66200000	3126.36000000	3117.44800000	3115.47000000	3138.56060000	3135.53720000
2980869565.21739149	3273.23800000	3265.92200000	3280.33400000	3280.03000000	3177.10400000	3181.03800000	3123.99000000	3122.92200000	3196.66400000	3188.46600000	3228.67800000	3223.78600000	3125.24800000	3122.89200000	3121.13400000	3119.61000000	3119.36600000	3114.45400000	3176.68400000	3171.83200000	3182.24400000	3179.09520000
2981872909.69899654	3264.15800000	3261.30200000	3204.42000000	3202.71000000	3173.95400000	3171.16400000	3174.29600000	3173.68000000	3241.39600000	3239.22800000	3176.99600000	3179.36600000	3135.23800000	3136.70200000	3089.11600000	3088.36600000	3199.84400000	3198.67600000	3113.75200000	3107.59800000	3177.31700000	3175.87920000
2982876254.18060207	3209.26800000	3204.71000000	3216.97400000	3215.92400000	3147.71200000	3145.26800000	3132.22400000	3126.90000000	3093.38200000	3091.62600000	3079.90000000	3075.68400000	3130.58400000	3133.17000000	3126.76400000	3121.90600000	3121.04600000	3118.39400000	3124.43000000	3122.56400000	3138.22840000	3135.61460000
2983879598.66220760	3303.99000000	3301.69400000	3184.50600000	3180.36800000	3110.99400000	3108.25800000	3127.48800000	3121.71600000	3192.76800000	3189.61200000	3128.61600000	3130.77000000	3043.16200000	3037.22400000	3175.94800000	3176.61200000	3235.07600000	3235.72600000	3090.33200000	3089.65800000	3159.28800000	3157.16380000
2984882943.14381266	3278.46400000	3277.10400000	3155.68400000	3156.72400000	3181.23600000	3179.06200000	3158.07600000	3154.59200000	3204.24800000	3200.38000000	3135.53000000	3129.69600000	3112.41600000	3111.71400000	3145.05400000	3144.34800000	3209.75600000	3207.67600000	3035.25800000	3036.05000000	3161.57220000	3159.73460000
2985886287.62541819	3277.02400000	3270.68600000	3258.98000000	3256.53000000	3170.39200000	3164.11200000	3119.76000000	3113.03800000	3212.05400000	3208.70800000	3194.57400000	3190.78000000	3106.91200000	3107.79600000	3118.61600000	3111.92000000	3106.24200000	3111.32800000	3174.65000000	3175.61000000	3173.92040000	3171.05080000
2986889632.10702324	3238.80800000	3239.34200000	3253.43600000	3246.51000000	3128.87400000	3129.34000000	3125.68800000	3117.77400000	3107.89600000	3103.11400000	3062.27000000	3061.57400000	3145.94800000	3137.63000000	3124.54200000	3120.62800000	3125.31800000	3118.79200000	3099.71400000	3098.45800000	3141.24940000	3137.31620000
2987892976.58862877	3299.45600000	3301.43000000	3147.58400000	3144.49800000	3135.35600000	3140.97200000	3159.92600000	3149.60600000	3206.19800000	3200.53600000	3150.85800000	3149.06800000	3080.66200000	3082.57800000	3155.94200000	3152.65600000	3254.17800000	3251.61600000	3063.38400000	3058.04600000	3165.35440000	3163.10060000
2988896321.07023430	3283.77800000	3276.00000000	3149.12800000	3143.52600000	3184.20800000	3179.06200000	3139.59800000	3135.25800000	3197.11000000	3200.15600000	3132.22600000	3133.62000000	3106.04000000	3108.05800000	3150.31200000	3147.82800000	3216.60800000	3216.09600000	3031.58000000	3032.25200000	3159.05880000	3157.18560000
2989899665.55183935	3251.75000000	3246.55000000	3272.27400000	3269.83400000	3159.33200000	3154.34800000	3101.41000000	3096.36200000	3123.61400000	3119.60800000	3128.35600000	3123.35600000	3139.57000000	3134.99200000	3149.67800000	3146.41200000	3106.94800000	3110.43600000	3115.50200000	3109.84400000	3154.84340000	3151.17420000
2990903010.03344488	3238.23600000	3233.30400000	3277.53600000	3275.83000000	3169.20800000	3173.83800000	3088.75600000	3086.02800000	3117.29600000	3116.57600000	3171.63400000	3168.44600000	3119.13400000	3118.18600000	3126.01800000	3120.59600000	3099.37400000	3099.29400000	3115.75200000	3112.27000000	3152.29440000	3150.43680000
2991906354.51504993	3276.56400000	3269.54200000	3195.53000000	3196.42800000	3175.54400000	3170.85800000	3172.65800000	3173.86200000	3253.51200000	3248.17800000	3209.59000000	3204.42600000	3100.04400000	3098.09400000	3067.47200000	3066.39600000	3188.99800000	3187.39800000	3128.51800000	3124.82400000	3176.84300000	3174.00060000
2992909698.99665546	3293.14600000	3294.11200000	3198.13200000	3199.95200000	3122.48000000	3116.40000000	3110.00000000	3102.78800000	3148.45400000	3151.58800000	3137.03200000	3134.29200000	3030.67000000	3030.75000000	3201.06800000	3200.59600000	3229.23800000	3223.07400000	3118.60000000	3115.18200000	3158.88200000	3156.87340000
2993913043.47826099	3285.85200000	3283.65400000	3187.48600000	3183.95200000	3178.94400000	3179.71600000	3167.51400000	3162.96000000	3229.88400000	3225.67400000	3212.13800000	3209.96400000	3101.85600000	3099.78600000	3067.14800000	3066.63000000	3197.80400000	3196.18600000	3121.59200000	3121.51800000	3175.02180000	3173.00400000
2994916387.95986605	3218.31400000	3209.77200000	3173.13000000	3167.69200000	3167.72000000	3160.47200000	3133.12800000	3134.06000000	3082.20400000	3083.38400000	3049.69200000	3046.17400000	3128.56000000	3129.23200000	3147.40400000	3151.01200000	3113.14800000	3112.88800000	3106.72400000	3106.10600000	3132.00240000	3130.07920000
2995919732.44147158	3214.20400000	3214.20600000	3230.61000000	3229.59400000	3130.38000000	3125.52000000	3132.63600000	3131.72200000	3094.88800000	3095.26200000	3071.98000000	3074.00600000	3134.60600000	3133.44200000	3124.46800000	3123.27400000	3128.75400000	3127.91200000	3120.38800000	3111.42200000	3138.29140000	3136.63600000
2996923076.92307711	3211.06000000	3206.93800000	3218.81000000	3216.09000000	3153.06800000	3152.36400000	3128.38400000	3129.34800000	3097.71600000	3092.59600000	3079.33000000	3079.89600000	3134.71600000	3132.07400000	3145.12600000	3145.10800000	3113.24000000	3109.78600000	3126.32800000	3123.46600000	3140.77780000	3138.76660000
2997926421.40468216	3273.20600000	3271.08400000	3257.47000000	3253.95000000	3167.70200000	3167.54000000	3116.59400000	3114.27000000	3218.80200000	3215.64400000	3191.12400000	3185.01800000	3105.37800000	3100.92400000	3122.46000000	3127.26400000	3115.72800000	3118.21600000	3183.28600000	3179.91600000	3175.17500000	3173.38260000
2998929765.88628769	3211.79000000	3211.51400000	3103.43400000	3101.37200000	3104.17400000	3099.63600000	3168.74800000	3163.16600000	3120.20200000	3114.37000000	3025.44200000	3024.33000000	3223.36600000	3220.20600000	3145.47400000	3144.36200000	3120.57200000	3119.07000000	3116.76400000	3114.59200000	3133.99660000	3131.26180000
2999933110.36789322	3217.83200000	3217.38600000	3159.26800000	3163.93600000	3147.16200000	3142.23600000	3129.50600000	3126.88000000	3085.82000000	3085.59600000	3030.14800000	3027.93600000	3161.70800000	3156.13200000	3116.65800000	3114.29000000	3096.84600000	3093.78800000	3122.37600000	3120.38200000	3126.73240000	3124.85620000
3000936454.84949827	3305.29600000	3304.86000000	3138.99800000	3135.20000000	3160.96400000	3156.97600000	3152.89000000	3148.18200000	3221.43800000	3221.35000000	3134.17800000	3133.84000000	3117.94600000	3119.38800000	3183.60000000	3176.42800000	3257.13800000	3255.95200000	3048.27200000	3044.08400000	3172.07200000	3169.62600000
3001939799.33110380	3273.82400000	3268.79400000	3272.62400000	3265.83800000	3183.58000000	3181.03600000	3119.24400000	3113.82200000	3193.23400000	3193.74200000	3207.86000000	3206.34600000	3110.23800000	3111.67400000	3113.05200000	3107.07000000	3106.33800000	3103.71000000	3161.38200000	3167.02200000	3174.13760000	3171.90540000
3002943143.81270885	3255.21800000	3255.44000000	3203.51600000	3202.18400000	3139.71400000	3138.37800000	3159.38000000	3158.73800000	3248.02800000	3240.00600000	3184.97000000	3177.75600000	3100.97800000	3097.05600000	3096.41800000	3096.10600000	3166.40400000	3159.90800000	3210.22200000	3206.30200000	3176.48480000	3173.18740000
3003946488.29431438	3275.02600000	3269.68800000	3190.61800000	3191.31000000	3131.54600000	3127.98400000	3189.43400000	3191.02400000	3270.05200000	3269.37200000	3188.39800000	3184.95400000	3112.78400000	3110.62200000	3106.63400000	3102.37200000	3180.09800000	3177.79600000	3198.21000000	3195.30400000	3184.28000000	3182.04260000
3004949832.77591991	3283.54000000	3280.45000000	3268.78800000	3262.45200000	3178.29200000	3176.17400000	3127.54200000	3125.26400000	3211.91000000	3204.18600000	3196.70600000	3196.45200000	3116.11400000	3120.60400000	3109.02000000	3112.86400000	3110.51200000	3105.65800000	3175.81600000	3176.22000000	3177.82400000	3176.03240000
3005953177.25752497	3227.19200000	3229.82200000	3115.50400000	3120.52000000	3116.51000000	3111.44600000	3135.89800000	3135.45200000	3097.12400000	3096.85600000	3032.92200000	3029.88200000	3178.31600000	3177.09000000	3132.41000000	3132.29600000	3120.50200000	3120.58400000	3114.75000000	3113.51200000	3127.11280000	3126.74600000
3006956521.73913050	3272.01200000	3268.49800000	3182.94000000	3180.27400000	3116.57200000	3115.58600000	3207.75200000	3200.15800000	3281.35800000	3282.76200000	3182.71600000	3177.15400000	3102.31800000	3101.04000000	3096.61200000	3092.94000000	3171.11800000	3165.19200000	3189.01400000	3189.24200000	3180.24120000	3177.28460000
3007959866.22073555	3275.02800000	3272.86200000	3188.39200000	3188.28200000	3170.80200000	3171.23200000	3174.38800000	3164.60000000	3236.96400000	3240.65800000	3202.32000000	3201.35400000	3096.62200000	3091.81400000	3069.33000000	3060.40200000	3190.93200000	3183.93000000	3121.24400000	3119.33400000	3172.60220000	3169.44680000
3008963210.70234108	3300.52800000	3301.58600000	3132.98400000	3130.38000000	3149.15600000	3146.03800000	3150.81200000	3143.36800000	3213.39000000	3216.64400000	3125.09200000	3123.18800000	3116.80200000	3107.58800000	3170.78600000	3165.56600000	3252.72800000	3256.16200000	3044.52400000	3042.93200000	3165.68020000	3163.34520000
3009966555.18394661	3264.68200000	3266.90200000	3272.75000000	3274.98000000	3183.22400000	3185.28200000	3122.28800000	3112.72000000	3191.73600000	3197.59200000	3230.07800000	3227.98400000	3127.47600000	3116.08800000	3113.63200000	3114.56000000	3113.01600000	3110.71000000	3167.81000000	3169.15200000	3178.66920000	3177.59700000
3010969899.66555166	3246.29600000	3249.40200000	3189.22400000	3185.10400000	3106.15800000	3105.79200000	3200.19400000	3194.40000000	3294.50400000	3293.06400000	3203.43200000	3199.40000000	3100.22800000	3095.32600000	3084.17600000	3084.57600000	3123.84000000	3118.07200000	3174.65400000	3171.94200000	3172.27060000	3169.70780000
3011973244.14715719	3236.25400000	3238.85000000	3254.20600000	3250.01800000	3140.26200000	3133.62000000	3130.22200000	3128.77600000	3108.93400000	3114.03800000	3071.02600000	3067.01600000	3159.45400000	3155.12200000	3129.98200000	3126.63600000	3128.60400000	3124.78200000	3111.21000000	3109.55200000	3147.01540000	3144.84100000
3012976588.62876272	3231.69400000	3229.32800000	3172.64000000	3170.20600000	3126.67200000	3125.51400000	3163.41000000	3159.04000000	3275.16200000	3280.59400000	3224.28400000	3222.64000000	3074.06200000	3070.85200000	3055.78200000	3056.65200000	3121.61600000	3120.40000000	3154.15200000	3153.75800000	3159.94740000	3158.89840000
3013979933.11036777	3267.79800000	3264.57600000	3181.03800000	3184.46200000	3115.48600000	3102.23600000	3214.04200000	3211.50000000	3303.42000000	3300.61400000	3200.00000000	3199.85800000	3097.46400000	3091.85000000	3091.03800000	3088.24600000	3148.94800000	3144.78200000	3187.28800000	3181.81800000	3180.65220000	3176.99420000
3014983277.59197330	3266.00400000	3264.77400000	3284.51800000	3277.82600000	3178.25200000	3174.82400000	3123.70800000	3117.07400000	3196.42600000	3190.54600000	3230.74800000	3225.58400000	3118.29800000	3123.07600000	3128.96200000	3131.62400000	3129.43400000	3126.79800000	3174.48000000	3172.86400000	3183.08300000	3180.49900000
3015986622.07357883	3263.86400000	3262.52800000	3209.27200000	3204.48600000	3161.76000000	3157.94200000	3178.64600000	3174.48600000	3238.14200000	3230.76400000	3167.47400000	3163.21200000	3127.33600000	3127.17000000	3081.82000000	3078.39600000	3198.81800000	3198.04800000	3118.17400000	3116.55800000	3174.53060000	3171.35900000
3016989966.55518389	3311.14200000	3305.88000000	3152.55200000	3148.43200000	3136.68800000	3133.38800000	3163.08400000	3159.89400000	3193.77600000	3195.30600000	3147.37600000	3149.98400000	3066.07800000	3063.86400000	3152.71000000	3149.56800000	3248.88000000	3244.05600000	3059.48200000	3051.91800000	3163.17680000	3160.22900000
3017993311.03678942	3257.80000000	3256.76000000	3214.70600000	3211.62600000	3149.50200000	3141.90200000	3166.67400000	3164.15600000	3249.83400000	3246.82600000	3190.65400000	3183.91600000	3112.27400000	3111.42200000	3107.29800000	3104.71800000	3170.24400000	3166.86800000	3216.64200000	3215.51600000	3183.56280000	3180.37100000
3018996655.51839447	3271.03000000	3268.80600000	3286.54400000	3279.72600000	3178.14000000	3173.39000000	3128.17600000	3122.45600000	3193.26200000	3191.13600000	3225.46000000	3222.56400000	3128.27800000	3129.57600000	3126.63800000	3126.91400000	3126.42000000	3124.42400000	3171.61800000	3171.52000000	3183.55660000	3181.05120000
3020000000.00000000	3297.83200000	3291.19600000	3176.08400000	3171.73200000	3117.93000000	3115.97600000	3150.69600000	3150.35000000	3199.53000000	3191.48800000	3150.10400000	3142.63400000	3052.84200000	3046.96800000	3177.49400000	3171.41200000	3251.30200000	3250.10000000	3090.23200000	3090.09000000	3166.40460000	3162.19460000
