freq	PL_sig1	PL_ref1	PL_sig2	PL_ref2	PL_sig3	PL_ref3	PL_sig4	PL_ref4	PL_sig5	PL_ref5	PL_sig6	PL_ref6	PL_sig7	PL_ref7	PL_sig8	PL_ref8	PL_sig9	PL_ref9	PL_sig10	PL_ref10	avgPL_sig	avgPL_ref
2720000000.00000000	3142.23200000	3143.45600000	3265.05400000	3254.53400000	3328.19400000	3329.28800000	3174.97600000	3176.82000000	3294.39800000	3287.97600000	3170.52600000	3171.57000000	3132.51800000	3132.41000000	3142.45400000	3139.69000000	3123.02400000	3121.53600000	3200.10000000	3197.18800000	3197.34760000	3195.44680000
2721003344.48160553	3188.81000000	3182.92000000	3280.31400000	3278.14800000	3280.37600000	3280.55600000	3215.53400000	3206.95400000	3273.13600000	3268.11400000	3190.94600000	3182.76600000	3126.79800000	3126.42000000	3142.70200000	3135.57400000	3144.79000000	3144.30800000	3157.47200000	3153.23200000	3200.08780000	3195.89920000
2722006688.96321058	3251.20600000	3250.12800000	3213.30600000	3212.40200000	3277.66000000	3272.76200000	3208.34600000	3206.97800000	3209.44600000	3205.97600000	3248.10800000	3243.33600000	3173.84600000	3164.37200000	3129.84400000	3127.07800000	3287.54200000	3280.42600000	3169.79200000	3168.57200000	3216.90960000	3213.20300000
2723010033.44481611	3324.82200000	3319.50600000	3315.54800000	3310.81800000	3246.55400000	3250.19800000	3257.44800000	3258.20800000	3176.96400000	3179.30200000	3230.55200000	3225.24400000	3160.00600000	3156.38600000	3131.21200000	3126.36200000	3135.16000000	3131.09600000	3235.87200000	3234.34200000	3221.41380000	3219.14620000
2724013377.92642164	3222.29000000	3220.16000000	3186.49400000	3184.27400000	3295.37600000	3291.60000000	3185.67000000	3184.70400000	3174.16600000	3174.93000000	3264.30400000	3259.38000000	3186.86000000	3184.24400000	3174.87600000	3177.04600000	3267.54800000	3260.19800000	3215.55800000	3215.69600000	3217.31420000	3215.22320000
2725016722.40802670	3204.18600000	3204.07800000	3261.79000000	3259.37600000	3267.48800000	3262.35800000	3228.54200000	3226.51200000	3265.85000000	3265.00000000	3168.82000000	3171.30200000	3096.63000000	3097.30600000	3157.37800000	3157.48200000	3139.13000000	3131.73800000	3138.19800000	3132.80400000	3192.80120000	3190.79560000
2726020066.88963223	3147.07600000	3144.77400000	3295.04400000	3295.48400000	3318.04600000	3319.88800000	3175.51800000	3172.20000000	3253.65800000	3255.22400000	3156.48000000	3155.79400000	3093.97400000	3091.62000000	3183.23600000	3181.00200000	3161.61800000	3155.34200000	3194.44000000	3192.57000000	3197.90900000	3196.38980000
2727023411.37123728	3208.82400000	3206.04000000	3227.80200000	3227.34200000	3277.23000000	3274.39200000	3237.31000000	3234.00600000	3207.13000000	3205.36800000	3130.52200000	3132.10000000	3153.09800000	3152.79400000	3125.83800000	3129.29000000	3218.02400000	3212.18200000	3232.21000000	3227.84600000	3201.79880000	3200.13600000
2728026755.85284281	3328.00000000	3321.17400000	3312.34800000	3306.76000000	3246.43600000	3249.86200000	3250.14000000	3249.13600000	3170.63000000	3171.29200000	3236.76000000	3238.70000000	3171.00600000	3166.55400000	3137.81400000	3137.55600000	3123.00200000	3126.85400000	3254.51000000	3252.15200000	3223.06460000	3222.00400000
2729030100.33444834	3262.13200000	3264.44000000	3185.14000000	3179.15000000	3290.15800000	3289.67000000	3204.94000000	3203.77400000	3208.02600000	3205.87200000	3247.79200000	3245.25200000	3184.33000000	3187.96800000	3161.42600000	3164.22800000	3271.11200000	3269.09000000	3164.32200000	3160.69200000	3217.93780000	3217.01360000
2730033444.81605339	3329.75400000	3330.48400000	3311.23000000	3310.05200000	3249.60600000	3244.95800000	3250.46400000	3248.27800000	3179.66200000	3173.10000000	3237.86200000	3238.23600000	3183.74200000	3179.03400000	3146.35400000	3141.97600000	3129.67000000	3129.29800000	3256.44600000	3253.02400000	3227.47900000	3224.84400000
2731036789.29765892	3189.41000000	3188.92000000	3193.75800000	3191.90800000	3288.44600000	3280.50800000	3201.16800000	3204.59000000	3181.85200000	3177.01000000	3253.68600000	3251.91400000	3222.35600000	3223.79400000	3190.30200000	3185.85600000	3257.40400000	3256.20200000	3259.53600000	3255.79200000	3223.79180000	3221.64940000
2732040133.77926445	3217.03000000	3215.72200000	3270.39600000	3271.06200000	3322.44200000	3320.51800000	3224.24600000	3225.84400000	3281.95400000	3274.99200000	3179.62200000	3181.20400000	3202.76000000	3194.12800000	3133.09200000	3129.03000000	3189.72000000	3188.69400000	3186.68800000	3182.75400000	3220.79500000	3218.39480000
2733043478.26086950	3298.15600000	3295.32200000	3237.74800000	3231.35400000	3275.58600000	3272.63400000	3212.90400000	3213.08400000	3252.02400000	3245.41200000	3211.65400000	3211.80000000	3163.24400000	3161.30000000	3123.86400000	3119.35000000	3251.50800000	3250.56600000	3178.64400000	3174.02000000	3220.53320000	3217.48420000
2734046822.74247503	3151.21800000	3150.97000000	3297.77200000	3285.16400000	3306.34200000	3300.60800000	3167.25600000	3169.22000000	3261.52800000	3260.68800000	3177.28000000	3169.73200000	3089.14800000	3084.39200000	3196.39000000	3193.26200000	3145.25400000	3144.31800000	3201.94600000	3198.95400000	3199.41340000	3195.73080000
2735050167.22408009	3199.47000000	3200.05000000	3309.24400000	3301.53400000	3318.43000000	3311.05200000	3176.61400000	3173.27200000	3211.92200000	3215.26800000	3110.74400000	3106.04000000	3103.43800000	3105.16200000	3123.92400000	3122.56200000	3260.40400000	3248.74200000	3225.26200000	3227.73400000	3203.94520000	3201.14160000
2736053511.70568562	3276.03000000	3278.87400000	3233.92800000	3232.44800000	3269.02400000	3268.68600000	3192.07600000	3190.48200000	3240.93400000	3238.39200000	3220.10400000	3215.83800000	3170.00000000	3166.73600000	3113.57400000	3112.46400000	3259.79200000	3255.22800000	3166.11600000	3160.94800000	3214.15780000	3212.00960000
2737056856.18729115	3187.92800000	3183.59800000	3291.30400000	3287.75200000	3289.11800000	3286.00200000	3177.12000000	3183.44400000	3198.40400000	3200.66200000	3068.16200000	3071.30400000	3104.21200000	3105.40800000	3114.05000000	3108.99000000	3247.36800000	3248.76400000	3221.80200000	3226.18200000	3189.94680000	3190.21060000
2738060200.66889620	3185.78200000	3182.94200000	3196.29000000	3193.63200000	3294.83800000	3288.47800000	3196.90400000	3194.04800000	3190.23000000	3188.20000000	3264.02200000	3258.45400000	3209.22200000	3212.07400000	3181.23200000	3178.12000000	3267.41800000	3269.27800000	3253.55400000	3254.56800000	3223.94920000	3221.97940000
2739063545.15050173	3236.96400000	3230.98200000	3187.15600000	3186.46800000	3301.82600000	3294.83800000	3192.80600000	3189.30400000	3177.55000000	3170.22600000	3261.24000000	3256.73400000	3181.35800000	3179.11600000	3176.23800000	3178.16400000	3275.83600000	3271.69200000	3202.11800000	3203.97400000	3219.30920000	3216.14980000
2740066889.63210726	3183.40400000	3188.18800000	3277.29000000	3273.83200000	3282.32400000	3281.37800000	3189.56800000	3185.31600000	3193.55000000	3193.92600000	3085.09000000	3081.86200000	3115.96200000	3113.41800000	3117.94800000	3115.41800000	3226.31000000	3223.29000000	3209.66200000	3206.19200000	3188.11080000	3186.28200000
2741070234.11371231	3272.12600000	3275.42200000	3314.44400000	3316.29000000	3270.17600000	3263.05400000	3261.53800000	3262.79800000	3230.91000000	3229.09400000	3218.37000000	3214.89600000	3179.16400000	3169.89600000	3133.28200000	3132.25800000	3164.27000000	3163.82400000	3203.39000000	3199.80400000	3224.76700000	3222.73360000
2742073578.59531784	3223.59600000	3217.77000000	3279.30800000	3273.55600000	3324.79800000	3320.23800000	3221.34600000	3224.06400000	3291.33200000	3286.51000000	3189.49800000	3182.36200000	3201.69800000	3201.73400000	3127.20200000	3131.15800000	3187.97400000	3183.33400000	3178.80400000	3180.95600000	3222.55560000	3220.16820000
2743076923.07692289	3195.73600000	3192.21200000	3192.21200000	3186.87200000	3258.25000000	3256.17400000	3215.95800000	3213.61200000	3172.89800000	3167.47200000	3234.01400000	3234.73000000	3245.81600000	3242.53200000	3169.97400000	3171.62000000	3247.85600000	3247.93200000	3243.67000000	3243.20800000	3217.63840000	3215.63640000
2744080267.55852842	3154.82600000	3150.21600000	3266.26600000	3266.37000000	3326.86600000	3325.41000000	3179.55400000	3175.94600000	3275.22000000	3271.99000000	3174.61200000	3172.02600000	3118.27400000	3116.03200000	3132.56200000	3134.98000000	3130.06000000	3126.97600000	3194.47000000	3194.00800000	3195.27100000	3193.39540000
2745083612.04013395	3192.48400000	3187.17000000	3284.36800000	3279.54800000	3278.54400000	3278.07000000	3188.44800000	3188.05000000	3197.11800000	3199.88000000	3086.21200000	3084.88400000	3112.89800000	3111.39400000	3118.08400000	3119.43600000	3233.80600000	3223.92800000	3220.13800000	3215.15800000	3191.21000000	3188.75180000
2746086956.52173901	3204.50400000	3195.29600000	3305.30600000	3299.64200000	3314.16600000	3312.12200000	3184.32800000	3181.27000000	3217.93600000	3210.56200000	3085.40000000	3085.50000000	3099.09400000	3099.76000000	3119.52000000	3114.98800000	3262.59400000	3263.25200000	3237.70800000	3232.74200000	3203.05560000	3199.51340000
2747090301.00334454	3214.01400000	3207.84200000	3276.74000000	3268.61200000	3300.39800000	3303.91800000	3221.55200000	3221.00400000	3291.58200000	3290.32200000	3201.38200000	3197.29200000	3200.53200000	3198.82000000	3135.92000000	3140.69800000	3172.29000000	3171.26600000	3176.63000000	3176.07400000	3219.10400000	3217.58480000
2748093645.48495007	3193.16000000	3185.05200000	3198.61600000	3199.84800000	3271.73600000	3268.33400000	3219.77600000	3221.88600000	3166.91600000	3163.54800000	3245.81800000	3241.73400000	3240.64200000	3237.46600000	3181.42000000	3177.66800000	3243.69400000	3235.75400000	3247.96000000	3248.59600000	3220.97380000	3217.98860000
2749096989.96655512	3274.08800000	3271.01600000	3244.09200000	3242.02800000	3279.39000000	3273.38800000	3189.77200000	3187.31800000	3240.00200000	3240.33200000	3231.97600000	3229.78000000	3196.60400000	3196.72600000	3120.01200000	3116.33000000	3277.57200000	3275.91200000	3169.65000000	3172.57000000	3222.31580000	3220.54000000
2750100334.44816065	3213.65800000	3207.16000000	3235.79800000	3232.09600000	3285.72200000	3281.34200000	3237.70000000	3237.41000000	3216.53000000	3206.11000000	3132.74200000	3130.00600000	3157.97000000	3148.40000000	3132.52600000	3132.78000000	3219.33400000	3220.61600000	3227.30800000	3232.56000000	3205.92880000	3202.84800000
2751103678.92976570	3249.25600000	3245.25800000	3224.01800000	3219.01200000	3259.59400000	3256.50800000	3197.11800000	3189.36800000	3206.47400000	3201.48600000	3229.46200000	3230.73800000	3142.99600000	3142.89000000	3114.68000000	3113.15200000	3280.96000000	3277.70000000	3159.75800000	3159.90600000	3206.43160000	3203.60180000
2752107023.41137123	3298.53400000	3293.28200000	3233.86200000	3230.00000000	3273.23200000	3273.43200000	3204.26000000	3200.38400000	3253.01000000	3244.03800000	3201.88200000	3200.11800000	3157.52800000	3150.42400000	3119.89400000	3115.37600000	3259.46200000	3256.74200000	3182.85200000	3183.44400000	3218.45160000	3214.72400000
2753110367.89297676	3218.45000000	3213.43200000	3191.03600000	3185.83200000	3287.28400000	3288.65600000	3188.81400000	3185.48400000	3172.98600000	3170.98800000	3267.00400000	3266.39000000	3190.81800000	3188.03400000	3181.09800000	3180.12600000	3269.86600000	3263.34200000	3225.32000000	3223.43800000	3219.26760000	3216.57220000
2754113712.37458181	3314.20400000	3312.95600000	3320.09800000	3319.56800000	3246.02400000	3246.13400000	3273.55000000	3265.17600000	3200.36200000	3199.38600000	3215.82800000	3213.93200000	3154.05800000	3158.22000000	3131.12400000	3130.45400000	3144.98400000	3139.50200000	3241.49400000	3244.29800000	3224.17260000	3222.96260000
2755117056.85618734	3187.66800000	3181.42800000	3194.61600000	3193.01000000	3290.26200000	3291.36600000	3201.22400000	3197.79000000	3192.67200000	3190.26600000	3262.35200000	3259.53800000	3201.44600000	3199.10800000	3181.15000000	3175.90000000	3265.89000000	3267.29000000	3248.72200000	3246.66200000	3222.60020000	3220.23580000
2756120401.33779287	3309.90200000	3302.36400000	3320.36000000	3320.60800000	3248.86200000	3251.49800000	3269.08800000	3270.98400000	3210.09200000	3203.84000000	3216.09200000	3209.56400000	3147.83200000	3142.96400000	3127.81000000	3130.61800000	3145.51000000	3147.60200000	3227.62400000	3227.13600000	3222.31720000	3220.71780000
2757123745.81939793	3204.87400000	3203.41400000	3257.96600000	3263.14000000	3271.21000000	3269.85800000	3224.05800000	3222.44400000	3268.77400000	3263.23600000	3171.42800000	3167.74800000	3103.89400000	3104.80000000	3156.73800000	3155.04800000	3129.68800000	3131.26000000	3134.61800000	3135.50400000	3192.32480000	3191.64520000
2758127090.30100346	3197.56600000	3197.20200000	3282.84800000	3278.41400000	3284.47000000	3279.32600000	3233.16200000	3227.46000000	3272.43800000	3274.83600000	3220.78000000	3215.03800000	3193.63000000	3190.49800000	3175.21600000	3173.45000000	3140.99600000	3136.80200000	3180.11200000	3175.29800000	3218.12180000	3214.83240000
2759130434.78260851	3192.38800000	3194.74400000	3291.10400000	3288.27400000	3273.53600000	3271.64000000	3257.78000000	3253.81200000	3291.96000000	3292.58000000	3214.03600000	3212.29200000	3158.64000000	3156.87600000	3205.08400000	3204.63200000	3140.61000000	3134.16600000	3196.77400000	3190.30400000	3222.19120000	3219.93200000
2760133779.26421404	3283.00000000	3277.97200000	3238.10400000	3235.04600000	3268.95000000	3270.75200000	3188.35000000	3186.51800000	3244.50400000	3240.61400000	3225.49400000	3220.77200000	3177.00200000	3173.00600000	3112.14000000	3114.29800000	3260.64000000	3256.91600000	3171.52800000	3162.75200000	3216.97120000	3213.86460000
2761137123.74581957	3183.71200000	3182.44800000	3197.05000000	3195.01200000	3291.72400000	3286.05800000	3202.16400000	3196.63200000	3191.20600000	3185.75000000	3260.43200000	3258.12000000	3200.56000000	3197.83400000	3178.78400000	3175.52200000	3270.22000000	3268.46600000	3241.99600000	3241.43200000	3221.78480000	3218.72740000
2762140468.22742462	3250.37400000	3246.70200000	3304.83400000	3301.18600000	3283.33400000	3277.91800000	3253.83200000	3250.45600000	3263.00400000	3256.63400000	3193.46400000	3184.31800000	3173.76800000	3168.52200000	3129.55600000	3126.51400000	3178.59000000	3172.06800000	3183.37600000	3185.15200000	3221.41320000	3216.94700000
2763143812.70903015	3207.72400000	3205.96200000	3225.95800000	3222.71600000	3274.06800000	3265.87800000	3237.23400000	3232.98600000	3206.71600000	3203.51200000	3133.70800000	3131.17200000	3156.53600000	3160.29400000	3125.25800000	3123.12600000	3223.98800000	3218.22800000	3229.74600000	3227.74400000	3202.09360000	3199.16180000
2764147157.19063568	3185.10000000	3182.20800000	3290.26600000	3287.92800000	3285.74200000	3285.48600000	3179.16000000	3176.96600000	3200.77400000	3197.14800000	3076.68200000	3079.12000000	3114.76000000	3108.78400000	3117.34000000	3116.04000000	3240.39600000	3234.32600000	3221.07000000	3220.29000000	3191.12900000	3188.82960000
2765150501.67224073	3226.74200000	3224.46400000	3184.88000000	3186.62000000	3294.48800000	3290.23800000	3194.07600000	3189.51800000	3176.31600000	3170.95600000	3261.25200000	3254.52400000	3184.54200000	3179.16600000	3177.88800000	3178.82000000	3265.70800000	3263.47600000	3211.06200000	3212.57600000	3217.69540000	3215.03580000
2766153846.15384626	3148.67800000	3147.76800000	3272.62200000	3265.90000000	3325.41600000	3318.76000000	3168.41200000	3163.94200000	3265.82200000	3266.63800000	3143.02800000	3139.18200000	3094.40600000	3094.30200000	3181.49200000	3180.36000000	3186.37200000	3187.97200000	3212.91800000	3209.36600000	3199.91660000	3197.41900000
2767157190.63545132	3197.40200000	3191.49400000	3276.49200000	3276.83600000	3287.75600000	3288.37000000	3236.83600000	3233.47400000	3278.35400000	3273.66400000	3224.69800000	3219.32200000	3179.21800000	3181.34000000	3190.45800000	3183.18800000	3142.47800000	3139.54200000	3182.14200000	3174.64200000	3219.58340000	3216.18720000
2768160535.11705685	3161.73800000	3156.14600000	3285.29000000	3282.33200000	3318.50800000	3317.81200000	3178.01800000	3175.49800000	3278.70800000	3281.41200000	3170.45000000	3173.06800000	3108.09000000	3102.66800000	3177.26400000	3178.17400000	3135.58600000	3132.97000000	3223.25800000	3223.66400000	3203.69100000	3202.37440000
2769163879.59866238	3147.61200000	3144.31600000	3262.67000000	3257.15000000	3326.52200000	3331.84400000	3176.60000000	3174.10600000	3291.19000000	3292.72400000	3167.25200000	3170.34800000	3133.22000000	3123.91400000	3138.09400000	3138.84400000	3127.93000000	3124.37600000	3197.52400000	3193.14600000	3196.86140000	3195.07680000
2770167224.08026743	3212.71600000	3212.21000000	3242.44600000	3242.22000000	3287.61000000	3285.96000000	3234.73000000	3232.93000000	3216.26200000	3212.58000000	3127.24400000	3126.93000000	3144.20600000	3139.61800000	3133.36400000	3132.64400000	3208.43000000	3208.49000000	3227.55200000	3230.28000000	3203.45600000	3202.38620000
2771170568.56187296	3157.55600000	3157.94800000	3269.92200000	3270.83600000	3321.19200000	3319.88200000	3175.96200000	3175.41600000	3280.52800000	3280.22800000	3171.44600000	3162.91800000	3115.65600000	3114.78600000	3162.70000000	3160.60800000	3127.83600000	3127.38000000	3218.74800000	3218.80000000	3200.15460000	3198.88020000
2772173913.04347849	3181.75200000	3182.32600000	3271.53200000	3269.87000000	3276.51600000	3276.27800000	3203.09600000	3201.84200000	3195.75000000	3191.66200000	3090.28200000	3086.59000000	3107.60600000	3110.04600000	3116.70800000	3114.04600000	3201.50000000	3199.27400000	3203.14200000	3203.92000000	3184.78840000	3183.58540000
2773177257.52508354	3343.77600000	3332.93400000	3300.34200000	3290.41000000	3229.82600000	3229.34800000	3268.58600000	3264.54600000	3187.93000000	3183.07200000	3247.08600000	3243.79800000	3197.23600000	3192.21000000	3148.49600000	3151.46000000	3115.96400000	3112.81400000	3246.57600000	3251.43000000	3228.58180000	3225.20220000
2774180602.00668907	3205.37000000	3197.62200000	3276.50600000	3265.66400000	3300.25000000	3293.89600000	3236.81200000	3231.92600000	3283.20200000	3279.38400000	3208.72000000	3207.68200000	3202.77400000	3207.21600000	3162.32400000	3157.12600000	3154.81800000	3155.95000000	3176.84200000	3175.36400000	3220.76180000	3217.18300000
2775183946.48829412	3297.94400000	3294.69400000	3315.08800000	3315.18000000	3258.69600000	3252.84200000	3275.61200000	3264.68200000	3219.63400000	3216.78800000	3221.82000000	3215.61600000	3148.97200000	3140.04000000	3131.23400000	3126.61000000	3160.33400000	3153.12600000	3216.71000000	3212.49400000	3224.60440000	3219.20720000
2776187290.96989965	3212.58200000	3209.33800000	3265.77600000	3266.32200000	3262.39800000	3260.83200000	3232.34000000	3237.99800000	3271.88800000	3273.87600000	3172.88000000	3171.79600000	3099.51000000	3098.78200000	3173.06400000	3170.50200000	3147.54200000	3145.62800000	3141.36400000	3133.29200000	3197.93440000	3196.83660000
2777190635.45150518	3197.52800000	3200.11600000	3276.55600000	3273.67400000	3268.30200000	3265.01000000	3256.85400000	3252.33000000	3281.26600000	3282.86200000	3208.31600000	3208.80000000	3151.12200000	3146.04400000	3211.93600000	3206.43600000	3125.98200000	3128.54200000	3193.53200000	3184.85400000	3217.13940000	3214.86680000
2778193979.93311024	3203.93800000	3200.29800000	3226.15200000	3222.00800000	3267.87400000	3261.20000000	3241.27200000	3239.37000000	3197.24400000	3197.75400000	3168.54800000	3166.71600000	3184.88600000	3183.92200000	3132.26600000	3128.41200000	3239.70200000	3237.75600000	3251.72000000	3253.43400000	3211.36020000	3209.08700000
2779197324.41471577	3232.09600000	3228.45000000	3187.42200000	3185.71400000	3304.26200000	3300.97000000	3181.67400000	3179.20400000	3173.95400000	3175.40800000	3253.81200000	3252.10400000	3166.01200000	3157.54200000	3166.32200000	3164.39000000	3259.86600000	3255.56200000	3198.52000000	3192.93800000	3212.39400000	3209.22820000
2780200668.89632130	3250.22400000	3243.98800000	3219.04200000	3216.81000000	3259.09400000	3259.85600000	3202.19400000	3200.16200000	3209.48200000	3205.39200000	3236.12400000	3236.08000000	3153.66200000	3149.55800000	3122.54800000	3113.41800000	3280.42200000	3284.37400000	3160.82200000	3162.06200000	3209.36140000	3207.17000000
2781204013.37792635	3229.97600000	3222.42200000	3282.20800000	3281.98200000	3288.78400000	3288.03600000	3230.64200000	3230.19000000	3222.08800000	3219.03600000	3118.76800000	3118.61600000	3120.63800000	3117.69200000	3137.97800000	3133.39400000	3205.94800000	3201.82200000	3227.63000000	3225.62600000	3206.46600000	3203.88160000
2782207357.85953188	3227.82400000	3226.20400000	3180.62400000	3179.46200000	3299.16200000	3290.81600000	3183.28800000	3182.78000000	3169.69000000	3165.71600000	3257.74000000	3255.29000000	3170.96400000	3166.98400000	3172.57800000	3169.54600000	3270.87000000	3266.94600000	3206.41800000	3200.67000000	3213.91580000	3210.44140000
2783210702.34113693	3185.27200000	3183.12600000	3271.80400000	3265.33000000	3280.48200000	3277.23400000	3191.22600000	3191.98200000	3195.73000000	3191.44400000	3087.74600000	3087.05000000	3110.38000000	3107.18600000	3112.92400000	3112.51800000	3213.74000000	3212.42400000	3202.96400000	3201.24800000	3185.22680000	3182.95420000
2784214046.82274246	3192.17200000	3190.38600000	3277.43600000	3278.55600000	3281.31400000	3278.62600000	3222.20600000	3217.88400000	3275.71800000	3271.09200000	3187.07600000	3183.05800000	3124.58800000	3133.97800000	3138.96600000	3140.28200000	3145.06000000	3138.54800000	3155.49400000	3154.62000000	3200.00300000	3198.70300000
2785217391.30434799	3272.00200000	3267.09200000	3237.73800000	3235.81200000	3267.76000000	3267.61800000	3181.49200000	3177.34000000	3237.33800000	3236.40800000	3234.66800000	3228.16400000	3189.65800000	3189.44000000	3111.49200000	3115.61600000	3272.82000000	3267.72400000	3168.96200000	3166.04600000	3217.39300000	3215.12600000
2786220735.78595304	3183.39200000	3183.44600000	3280.64800000	3280.43600000	3290.51400000	3290.07200000	3200.82400000	3201.82400000	3263.00800000	3262.20200000	3186.05400000	3179.68200000	3119.71400000	3121.81600000	3139.85400000	3136.70600000	3143.91400000	3141.06200000	3161.51800000	3157.78200000	3196.94400000	3195.50280000
2787224080.26755857	3236.94800000	3235.40200000	3297.95400000	3295.28800000	3283.76600000	3281.62200000	3248.12600000	3243.60000000	3264.92600000	3257.41000000	3185.76400000	3179.93400000	3164.43800000	3163.58800000	3128.94400000	3125.90600000	3173.52000000	3177.30600000	3180.28600000	3180.19200000	3216.46720000	3214.02480000
2788227424.74916410	3217.39400000	3218.34600000	3273.00800000	3265.77200000	3313.74600000	3311.18600000	3218.36600000	3217.16600000	3286.50600000	3284.90000000	3191.22200000	3189.78800000	3198.42200000	3200.01600000	3131.67000000	3127.30600000	3178.11000000	3175.05200000	3176.28600000	3175.94600000	3218.47300000	3216.54780000
2789230769.23076916	3216.20400000	3217.85800000	3269.19200000	3267.71800000	3278.05200000	3275.64400000	3225.05400000	3222.93800000	3224.74200000	3219.41400000	3119.73400000	3116.60600000	3119.42600000	3118.71800000	3135.10800000	3131.09600000	3198.19600000	3199.18800000	3217.86200000	3212.95000000	3200.35700000	3198.21300000
2790234113.71237469	3314.55000000	3306.13800000	3323.92200000	3322.13200000	3253.20200000	3247.74800000	3280.99200000	3272.01200000	3205.77800000	3204.58600000	3210.91600000	3212.31000000	3147.93000000	3148.87800000	3135.09800000	3134.47000000	3147.52400000	3138.17200000	3235.62000000	3234.39600000	3225.55320000	3222.08420000
2791237458.19397974	3200.37200000	3200.74400000	3280.39000000	3277.95000000	3288.56200000	3287.96200000	3235.21600000	3230.63800000	3278.80000000	3276.79600000	3215.80600000	3219.01600000	3206.39000000	3200.04200000	3175.97600000	3176.95200000	3144.56200000	3145.30400000	3175.18600000	3177.19200000	3220.12600000	3219.25960000
2792240802.67558527	3193.74600000	3186.70200000	3303.40400000	3299.05000000	3298.06200000	3300.63000000	3189.06000000	3187.06000000	3209.61800000	3209.21400000	3074.87800000	3074.42800000	3112.03000000	3113.99600000	3123.22400000	3119.33200000	3253.33600000	3254.98000000	3225.29800000	3233.74800000	3198.26560000	3197.91400000
2793244147.15719080	3159.32400000	3159.27000000	3277.31800000	3270.61200000	3313.54400000	3310.91000000	3178.50200000	3179.88400000	3267.06600000	3257.73600000	3176.81400000	3172.88000000	3118.06000000	3120.11800000	3139.33400000	3132.45600000	3129.82200000	3123.71600000	3192.40000000	3192.81400000	3195.21840000	3192.03960000
2794247491.63879585	3200.62400000	3201.35000000	3259.40600000	3258.62800000	3238.96000000	3241.60600000	3253.27000000	3255.38400000	3273.42800000	3275.73600000	3181.48000000	3179.24600000	3120.61000000	3119.28400000	3207.63400000	3208.36200000	3131.66600000	3124.62000000	3160.01800000	3162.43600000	3202.70960000	3202.66520000
2795250836.12040138	3200.86600000	3201.80200000	3267.39600000	3263.96800000	3261.95200000	3261.78200000	3228.49200000	3225.87800000	3265.30200000	3263.93800000	3171.21000000	3168.05800000	3097.66200000	3100.12200000	3163.68200000	3162.48200000	3139.89600000	3141.22400000	3130.21800000	3133.56600000	3192.66760000	3192.28200000
2796254180.60200691	3147.77000000	3149.43400000	3289.10800000	3291.10600000	3301.01600000	3301.60800000	3173.33400000	3170.69000000	3270.16000000	3266.54000000	3175.40400000	3175.88200000	3089.76200000	3092.16800000	3192.29200000	3189.42800000	3144.47200000	3142.74400000	3205.53400000	3203.32200000	3198.88520000	3198.29220000
2797257525.08361197	3169.60200000	3167.43200000	3275.39800000	3273.46000000	3309.21400000	3305.25400000	3190.87600000	3185.42800000	3262.45400000	3259.05600000	3184.01600000	3181.50400000	3119.45000000	3119.93600000	3140.06000000	3136.72200000	3129.59200000	3127.42600000	3189.75200000	3190.78800000	3197.04140000	3194.70060000
2798260869.56521749	3227.20400000	3220.57600000	3277.76800000	3276.41000000	3284.49600000	3281.66600000	3230.67000000	3224.33800000	3227.25400000	3225.61800000	3120.20800000	3122.02800000	3122.17400000	3117.38800000	3134.97400000	3132.77800000	3201.69000000	3198.21800000	3221.83200000	3218.00600000	3204.82700000	3201.70260000
2799264214.04682255	3196.24200000	3190.70800000	3307.91600000	3305.88400000	3300.91000000	3301.28800000	3173.77200000	3170.27000000	3228.41600000	3233.19000000	3132.81200000	3131.94200000	3102.83400000	3104.06000000	3129.07400000	3128.67600000	3240.16600000	3240.10400000	3204.67400000	3202.74400000	3201.68160000	3200.88660000
2800267558.52842808	3143.97000000	3143.64800000	3288.34400000	3287.50200000	3318.94200000	3319.20200000	3171.60000000	3168.20400000	3247.39400000	3248.49200000	3154.54800000	3154.81400000	3092.37800000	3089.99000000	3178.41200000	3177.73000000	3154.76400000	3156.71600000	3199.09000000	3196.96800000	3194.94420000	3194.32660000
2801270903.01003361	3200.31400000	3195.72800000	3196.49600000	3194.08200000	3286.18400000	3285.91800000	3207.73400000	3209.58000000	3165.98600000	3165.71000000	3254.57200000	3248.35600000	3230.24600000	3228.28800000	3179.43000000	3181.59000000	3246.54600000	3247.33200000	3269.28800000	3264.05200000	3223.67960000	3222.06360000
2802274247.49163866	3260.22400000	3254.70400000	3183.34400000	3178.06200000	3282.57400000	3284.07000000	3198.21400000	3205.70600000	3201.19800000	3198.89600000	3241.41800000	3244.38600000	3181.54200000	3183.42200000	3158.72800000	3154.14000000	3273.90800000	3268.63600000	3157.70400000	3158.14400000	3213.88540000	3213.01660000
2803277591.97324419	3154.43600000	3152.44200000	3282.87400000	3278.54400000	3312.74600000	3310.32600000	3172.92200000	3176.68600000	3271.80800000	3271.29400000	3174.36800000	3167.23600000	3100.15600000	3100.23400000	3177.46000000	3179.40800000	3135.29000000	3135.66400000	3214.22600000	3218.47400000	3199.62860000	3199.03080000
2804280936.45484972	3248.66800000	3250.28200000	3227.12400000	3229.02800000	3263.10600000	3260.18800000	3180.62400000	3180.60000000	3217.91600000	3216.53200000	3224.28200000	3224.48800000	3166.68800000	3163.78800000	3112.06400000	3110.18400000	3282.66200000	3277.48600000	3161.83000000	3161.23200000	3208.49640000	3207.38080000
2805284280.93645477	3188.53000000	3181.68000000	3194.32400000	3189.38400000	3291.08200000	3292.65600000	3196.29200000	3195.20400000	3178.06400000	3182.59200000	3258.97400000	3261.65000000	3200.55200000	3201.84600000	3180.42400000	3181.33600000	3272.84800000	3272.00000000	3236.80400000	3233.14800000	3219.78940000	3219.14960000
2806287625.41806030	3191.67200000	3184.22800000	3297.20800000	3292.66400000	3292.53000000	3294.14200000	3182.28200000	3183.78200000	3195.89200000	3198.50200000	3073.26800000	3075.45400000	3108.58600000	3107.47000000	3113.62600000	3111.60400000	3247.97800000	3250.32600000	3224.73400000	3222.13000000	3192.77760000	3192.03020000
2807290969.89966536	3184.39000000	3188.36400000	3199.34600000	3192.13200000	3283.50800000	3284.96400000	3199.93600000	3202.65600000	3181.67800000	3184.81000000	3249.94800000	3253.02800000	3219.03600000	3216.80600000	3185.81600000	3181.29400000	3254.33200000	3253.46600000	3259.43800000	3255.40000000	3221.74280000	3221.29200000
2808294314.38127089	3194.49200000	3186.68400000	3313.62000000	3309.41000000	3314.30200000	3311.69200000	3176.86800000	3175.40600000	3215.97600000	3221.46600000	3118.92800000	3120.80400000	3102.06800000	3099.89400000	3129.18000000	3129.26800000	3244.13400000	3245.27800000	3222.50800000	3220.97400000	3203.20760000	3202.08760000
2809297658.86287642	3180.57400000	3179.17600000	3200.10400000	3192.15400000	3288.49200000	3287.53800000	3202.22200000	3202.50800000	3188.72200000	3188.58000000	3262.22800000	3256.29400000	3212.06800000	3212.31200000	3181.66800000	3186.70200000	3264.07000000	3263.96000000	3255.38800000	3252.71400000	3223.55360000	3222.19380000
2810301003.34448147	3230.22800000	3227.35600000	3283.44000000	3281.24200000	3290.41000000	3288.67000000	3241.93600000	3239.48400000	3263.50400000	3264.94800000	3167.60600000	3166.71600000	3160.06800000	3153.36600000	3132.19800000	3133.77400000	3191.05000000	3188.65400000	3184.58800000	3184.20400000	3214.50280000	3212.84140000
2811304347.82608700	3144.57600000	3147.01000000	3289.99200000	3288.09800000	3308.19400000	3302.12400000	3168.36200000	3172.82800000	3255.19400000	3253.17400000	3172.65200000	3170.57800000	3085.93400000	3079.05400000	3191.57000000	3188.73400000	3149.90800000	3145.23400000	3201.99800000	3198.31400000	3196.83800000	3194.51480000
2812307692.30769253	3156.88200000	3162.12800000	3274.37200000	3268.69400000	3327.18200000	3325.39400000	3186.40800000	3183.20800000	3285.56600000	3293.44200000	3167.44600000	3173.38600000	3120.06800000	3119.30000000	3162.17400000	3161.94000000	3132.60200000	3133.12800000	3225.13800000	3220.05000000	3203.78380000	3204.06700000
2813311036.78929758	3321.12400000	3320.72200000	3313.46000000	3308.05400000	3248.17400000	3249.72800000	3259.99200000	3255.48200000	3173.98000000	3172.93600000	3234.32400000	3232.04400000	3161.51600000	3160.82800000	3128.50400000	3134.49400000	3126.82800000	3127.94600000	3238.91200000	3240.93600000	3220.68140000	3220.31700000
2814314381.27090311	3183.66800000	3181.31800000	3191.93400000	3185.52800000	3291.56800000	3285.64800000	3193.02600000	3192.81200000	3181.28000000	3181.31600000	3261.35600000	3257.72400000	3197.29000000	3199.50600000	3180.35000000	3174.13200000	3263.14600000	3265.27800000	3240.58000000	3236.87000000	3218.41980000	3216.01320000
2815317725.75250816	3195.34400000	3192.90000000	3191.45600000	3192.26800000	3288.20000000	3287.05200000	3204.94600000	3204.43000000	3180.85200000	3182.61200000	3250.33800000	3252.43600000	3230.29400000	3233.45000000	3187.07800000	3187.19800000	3257.44600000	3257.46000000	3260.72400000	3258.02600000	3224.66780000	3224.78320000
2816321070.23411369	3206.14200000	3201.45400000	3271.03800000	3267.52200000	3297.15400000	3295.99400000	3219.84200000	3219.22400000	3288.03800000	3287.21600000	3198.00000000	3197.25000000	3194.49600000	3189.01400000	3143.43600000	3142.84800000	3163.36400000	3165.59400000	3182.26200000	3178.47600000	3216.37720000	3214.45920000
2817324414.71571922	3173.07600000	3174.23600000	3301.47400000	3305.85000000	3301.27800000	3307.68200000	3172.90600000	3173.16600000	3263.95800000	3260.21000000	3134.11600000	3134.16000000	3105.61400000	3107.66600000	3175.85400000	3170.79400000	3215.03800000	3216.16600000	3216.39600000	3218.18200000	3205.97100000	3206.81120000
2818327759.19732428	3228.67000000	3225.19200000	3277.72200000	3281.38200000	3298.97200000	3301.12400000	3235.82200000	3235.40400000	3274.39800000	3272.68800000	3167.92200000	3171.27000000	3182.71600000	3182.17400000	3133.85200000	3133.57600000	3183.71600000	3189.53000000	3196.44800000	3191.68000000	3218.02380000	3218.40200000
2819331103.67892981	3205.75800000	3206.96200000	3191.30800000	3193.23800000	3291.94400000	3289.55600000	3188.91000000	3187.75000000	3176.58800000	3175.72600000	3271.78400000	3272.05000000	3194.92400000	3191.34200000	3184.13400000	3181.99000000	3270.14200000	3268.57000000	3224.82000000	3225.26600000	3220.03120000	3219.24500000
2820334448.16053534	3201.63600000	3192.76000000	3263.04800000	3264.37800000	3257.30000000	3254.81200000	3238.94800000	3236.05400000	3276.40400000	3276.78600000	3174.82600000	3176.84200000	3102.08400000	3099.34600000	3181.51200000	3182.56200000	3142.67800000	3141.39600000	3147.42800000	3145.27000000	3198.58640000	3197.02060000
2821337792.64214039	3218.10400000	3218.95400000	3275.11200000	3277.52800000	3304.58600000	3304.61600000	3233.01400000	3233.51800000	3269.53800000	3266.26200000	3170.31400000	3167.90600000	3180.15400000	3181.92200000	3127.61800000	3126.08200000	3186.45200000	3185.50800000	3191.40600000	3190.57200000	3215.62980000	3215.28680000
2822341137.12374592	3268.20200000	3265.89200000	3316.64600000	3318.24600000	3275.22000000	3277.82800000	3260.71800000	3257.60600000	3242.63000000	3235.96200000	3221.35600000	3213.69600000	3173.51800000	3173.44200000	3136.32400000	3129.33400000	3163.99800000	3157.73800000	3200.99600000	3197.94000000	3225.96080000	3222.76840000
2823344481.60535097	3191.08400000	3195.17400000	3305.04200000	3302.06800000	3303.05000000	3301.18000000	3170.45600000	3168.45000000	3239.96800000	3239.77000000	3141.63200000	3141.49400000	3100.43800000	3102.73400000	3135.64400000	3133.86200000	3238.79800000	3238.92200000	3206.61800000	3202.89200000	3203.27300000	3202.65460000
2824347826.08695650	3252.27400000	3253.23600000	3194.84600000	3189.35600000	3281.96800000	3278.67800000	3212.82400000	3207.90000000	3205.77000000	3202.65600000	3241.24000000	3243.17800000	3179.20000000	3178.46200000	3134.25200000	3138.92200000	3287.01200000	3281.68200000	3149.01800000	3150.67000000	3213.84040000	3212.47400000
2825351170.56856203	3196.47200000	3196.77400000	3262.61200000	3265.50600000	3248.33200000	3247.03600000	3240.54200000	3244.09200000	3281.97600000	3279.12600000	3176.22400000	3170.61200000	3104.98000000	3106.50000000	3178.71200000	3178.16000000	3144.68600000	3139.55600000	3144.82000000	3142.08000000	3197.93560000	3196.94420000
2826354515.05016708	3182.58000000	3189.30200000	3196.96000000	3197.86000000	3288.50000000	3292.77400000	3211.74800000	3206.08000000	3185.77200000	3189.77400000	3259.29800000	3255.91600000	3216.23800000	3216.56200000	3187.77200000	3186.75400000	3262.03200000	3263.28600000	3259.05000000	3264.65400000	3224.99500000	3226.29620000
2827357859.53177261	3195.89200000	3193.42200000	3200.55600000	3200.11000000	3289.52800000	3287.52800000	3213.38000000	3217.98600000	3165.29000000	3166.31200000	3252.41000000	3248.54600000	3232.85000000	3234.13200000	3178.18400000	3180.86800000	3246.43000000	3245.27600000	3263.13200000	3268.52200000	3223.76520000	3224.27020000
2828361204.01337814	3202.50800000	3199.69800000	3260.73800000	3259.63600000	3242.18800000	3245.88200000	3247.40600000	3246.52000000	3278.73000000	3278.48800000	3185.36200000	3183.37600000	3122.75000000	3121.33200000	3208.45200000	3210.87200000	3123.32000000	3126.84000000	3165.78600000	3164.09400000	3203.72400000	3203.67380000
2829364548.49498320	3178.13200000	3178.06400000	3295.97200000	3297.09400000	3299.49000000	3299.74600000	3169.51200000	3170.13800000	3242.63200000	3245.67200000	3144.51800000	3148.01200000	3108.50400000	3106.17200000	3149.45400000	3147.21600000	3238.71200000	3239.96800000	3207.09600000	3208.48600000	3203.40220000	3204.05680000
2830367892.97658873	3186.05800000	3186.82000000	3209.68000000	3212.33400000	3242.60400000	3246.83000000	3233.18800000	3237.53400000	3171.64800000	3176.42000000	3179.49200000	3181.69600000	3208.34800000	3202.21200000	3125.22800000	3128.51800000	3245.41000000	3239.72000000	3245.37000000	3247.47800000	3204.70260000	3205.95620000
2831371237.45819378	3191.10600000	3189.92000000	3270.09800000	3274.55400000	3276.52600000	3286.41000000	3237.24000000	3240.85000000	3296.38600000	3295.62600000	3209.96200000	3209.96800000	3170.01600000	3174.31000000	3200.36800000	3201.55000000	3138.84000000	3144.42800000	3178.34600000	3177.72400000	3216.88880000	3219.53400000
2832374581.93979931	3201.07800000	3204.83600000	3271.37800000	3269.81000000	3253.26200000	3255.00200000	3264.87600000	3265.76200000	3286.20000000	3291.59600000	3191.82800000	3192.02800000	3141.10200000	3139.59400000	3216.69600000	3218.99000000	3133.08400000	3131.96600000	3179.58000000	3177.99000000	3213.90840000	3214.75740000
2833377926.42140484	3277.69600000	3277.60400000	3235.19800000	3233.68800000	3267.08000000	3273.50800000	3180.76600000	3185.16800000	3241.81800000	3242.55200000	3230.09600000	3230.25200000	3178.95600000	3179.02600000	3112.15200000	3114.21600000	3261.11400000	3264.37800000	3165.86800000	3165.69400000	3215.07440000	3216.60860000
2834381270.90300989	3177.81000000	3179.30000000	3185.11600000	3193.05000000	3231.11800000	3228.07600000	3235.43400000	3235.64800000	3161.56400000	3169.05600000	3208.32000000	3210.66200000	3235.19600000	3231.90800000	3133.76600000	3141.05400000	3251.30400000	3253.07200000	3238.71800000	3240.04600000	3205.83460000	3208.18720000
2835384615.38461542	3224.83800000	3224.99200000	3176.10200000	3179.76200000	3296.92800000	3296.14400000	3177.42800000	3182.38600000	3164.60400000	3170.44200000	3255.39200000	3255.42000000	3161.16800000	3168.81400000	3164.19800000	3166.19000000	3260.55800000	3260.87400000	3198.62000000	3198.15800000	3207.98360000	3210.31820000
2836387959.86622095	3180.80800000	3185.85000000	3273.15000000	3273.11800000	3275.10400000	3275.09400000	3215.18600000	3218.85600000	3197.44400000	3197.72000000	3092.21400000	3089.42600000	3102.73200000	3107.23200000	3115.21200000	3117.09600000	3193.81400000	3193.31000000	3210.70800000	3216.29600000	3185.63720000	3187.39980000
2837391304.34782600	3228.80600000	3235.93000000	3284.96200000	3289.32000000	3284.33400000	3283.12000000	3242.16000000	3243.31800000	3263.09400000	3262.62200000	3162.43000000	3170.11200000	3152.01400000	3161.47800000	3129.02600000	3130.94200000	3177.44000000	3181.77200000	3180.70000000	3181.63600000	3210.49660000	3214.02500000
2838394648.82943153	3153.01400000	3154.28200000	3268.97400000	3272.91000000	3320.71200000	3327.39200000	3172.52400000	3172.26200000	3260.85600000	3266.21400000	3147.61600000	3151.36400000	3092.19000000	3095.72200000	3174.39000000	3178.73400000	3180.76000000	3185.39000000	3205.86600000	3212.70600000	3197.69020000	3201.69760000
2839397993.31103659	3189.17000000	3194.79000000	3272.04400000	3279.88600000	3276.69000000	3280.47000000	3225.66800000	3231.64000000	3265.27600000	3271.56400000	3215.41200000	3219.97200000	3182.16600000	3183.59800000	3169.44800000	3175.67800000	3133.79200000	3138.14800000	3166.85800000	3170.58600000	3209.65240000	3214.63320000
2840401337.79264212	3191.07400000	3201.85000000	3256.45000000	3268.89600000	3247.33200000	3253.56200000	3249.26400000	3252.40000000	3279.06800000	3281.93800000	3173.69800000	3176.33800000	3104.75800000	3112.72600000	3181.23000000	3186.85800000	3140.12600000	3147.57800000	3141.83200000	3149.98800000	3196.48320000	3203.21340000
2841404682.27424765	3191.81600000	3193.64400000	3290.49800000	3296.39600000	3307.23400000	3312.63400000	3165.85800000	3171.98200000	3205.83800000	3212.44600000	3093.04400000	3100.39600000	3094.55600000	3102.44800000	3108.33200000	3115.11200000	3255.68600000	3258.34400000	3216.68600000	3223.84000000	3192.95480000	3198.72420000
2842408026.75585270	3253.52600000	3261.89400000	3302.00200000	3313.05200000	3268.00000000	3269.94000000	3253.00000000	3254.43600000	3233.88000000	3248.07600000	3201.54000000	3205.89400000	3164.18800000	3165.16800000	3121.28000000	3127.64600000	3149.52800000	3156.11800000	3186.04000000	3194.45600000	3213.29840000	3219.66800000
2843411371.23745823	3190.19200000	3201.32200000	3261.18200000	3265.99600000	3245.41200000	3246.66000000	3253.44800000	3259.18600000	3279.86400000	3288.10400000	3178.30600000	3183.83200000	3125.46400000	3132.18800000	3207.68600000	3218.85400000	3123.41400000	3124.09200000	3168.71800000	3176.81200000	3203.36860000	3209.70460000
2844414715.71906376	3239.83000000	3247.12400000	3218.84600000	3226.41000000	3262.03600000	3263.50400000	3178.41000000	3186.04600000	3207.23400000	3222.45600000	3223.83400000	3231.69400000	3145.62400000	3154.70400000	3103.72200000	3113.64400000	3268.83800000	3276.50000000	3154.83200000	3159.99600000	3200.32060000	3208.20780000
2845418060.20066881	3193.91000000	3199.41400000	3254.11200000	3264.42200000	3236.36200000	3246.44800000	3236.90400000	3250.52000000	3274.65400000	3282.04000000	3178.64600000	3184.21600000	3118.81400000	3132.08600000	3208.99200000	3217.76600000	3111.61800000	3126.76800000	3163.24200000	3170.51600000	3197.72540000	3207.41960000
2846421404.68227434	3236.05000000	3245.45800000	3179.95400000	3196.46400000	3262.02800000	3273.00200000	3197.06800000	3207.11600000	3189.34400000	3197.54600000	3226.93200000	3236.52200000	3161.04200000	3172.58000000	3124.55600000	3133.18800000	3268.92400000	3285.07800000	3138.48000000	3147.31000000	3198.43780000	3209.42640000
2847424749.16387939	3202.09400000	3206.96400000	3242.77200000	3263.01800000	3264.09400000	3278.20200000	3206.55800000	3218.66600000	3212.28800000	3220.18600000	3107.11800000	3118.03000000	3114.98600000	3119.38400000	3118.21400000	3127.14200000	3187.17800000	3197.95400000	3195.49000000	3215.02200000	3185.07920000	3196.45680000
2848428093.64548492	3158.96200000	3171.81200000	3266.99000000	3274.46400000	3293.16600000	3304.08800000	3175.37600000	3189.24800000	3255.86600000	3264.06200000	3166.53200000	3181.51800000	3106.33600000	3118.79200000	3133.56200000	3143.24400000	3124.10800000	3136.31800000	3170.69200000	3184.53800000	3185.15900000	3196.80840000
2849431438.12709045	3186.84400000	3196.79200000	3243.70400000	3257.52600000	3224.43200000	3239.79200000	3244.76000000	3261.46600000	3258.06400000	3272.84400000	3160.64200000	3177.81000000	3102.44400000	3113.06200000	3184.92200000	3201.38800000	3116.90000000	3127.51800000	3145.93000000	3157.65800000	3186.86420000	3200.58560000
2850434782.60869551	3314.88800000	3329.65800000	3289.64600000	3308.82400000	3222.49000000	3236.79200000	3231.92200000	3252.99000000	3159.76000000	3178.68000000	3222.91400000	3234.69200000	3175.14000000	3192.83200000	3131.53400000	3149.79400000	3112.42400000	3124.04800000	3238.48800000	3253.80800000	3209.92060000	3226.21180000
2851438127.09030104	3211.56600000	3225.86200000	3260.89200000	3275.47600000	3271.83600000	3288.37800000	3220.59400000	3241.09400000	3244.71600000	3264.96600000	3147.06000000	3165.69800000	3138.98200000	3160.78000000	3107.28200000	3123.08400000	3166.90600000	3186.15200000	3168.53200000	3183.92000000	3193.83660000	3211.54100000
2852441471.57190657	3160.72400000	3173.63200000	3179.15800000	3200.29400000	3220.23600000	3238.58600000	3228.74200000	3242.92400000	3151.27200000	3163.47600000	3174.14600000	3195.40200000	3202.28600000	3217.38000000	3110.93800000	3126.01400000	3237.08000000	3250.58600000	3229.92800000	3247.24000000	3189.45100000	3205.55340000
2853444816.05351162	3152.17200000	3167.35800000	3175.77200000	3187.40800000	3209.86200000	3231.51400000	3225.05600000	3244.36600000	3153.42000000	3168.42000000	3181.02000000	3200.36800000	3206.72200000	3225.10000000	3111.75800000	3129.93600000	3235.48400000	3255.41800000	3216.89600000	3237.02800000	3186.81620000	3204.69160000
2854448160.53511715	3226.14000000	3245.23200000	3207.19400000	3224.76000000	3244.44800000	3264.42400000	3163.70400000	3180.59200000	3197.56600000	3210.50200000	3208.47800000	3223.87400000	3139.81600000	3155.05800000	3095.25400000	3110.84600000	3257.90800000	3278.93400000	3141.79600000	3161.84200000	3188.23040000	3205.60640000
2855451505.01672220	3238.14400000	3258.07800000	3210.91800000	3228.27400000	3245.33800000	3262.76200000	3164.07800000	3183.09400000	3207.31600000	3228.93600000	3200.88400000	3221.64400000	3165.17800000	3184.90400000	3109.90200000	3130.10200000	3258.12400000	3277.43600000	3153.68200000	3164.20600000	3195.35640000	3213.94360000
2856454849.49832773	3281.62000000	3300.97400000	3217.30000000	3236.65000000	3254.18800000	3274.39200000	3186.55000000	3200.14200000	3227.10800000	3244.76000000	3188.47200000	3205.27800000	3141.78600000	3157.55800000	3100.21200000	3118.06200000	3229.94800000	3251.67200000	3159.79800000	3176.46400000	3198.69820000	3216.59520000
2857458193.97993326	3147.96800000	3162.50200000	3267.25000000	3285.25000000	3284.01600000	3304.10800000	3156.53400000	3172.89000000	3253.05000000	3268.79800000	3118.77000000	3137.62600000	3084.95400000	3100.46000000	3158.01000000	3182.24400000	3190.04800000	3212.50800000	3198.75000000	3215.31000000	3185.93500000	3204.16960000
2858461538.46153831	3178.40000000	3201.02600000	3256.93800000	3273.57000000	3263.25000000	3279.33800000	3225.06400000	3239.05000000	3280.32000000	3294.63400000	3200.03200000	3219.39800000	3154.17200000	3172.92000000	3183.36800000	3202.80400000	3128.74200000	3141.29400000	3164.41200000	3178.65600000	3203.46980000	3220.26900000
2859464882.94314384	3174.21600000	3182.28000000	3276.54600000	3288.31400000	3270.93000000	3287.27600000	3162.67200000	3179.43000000	3183.59000000	3200.32200000	3055.42800000	3071.39600000	3091.20400000	3105.31800000	3100.34200000	3117.13800000	3227.34200000	3243.42200000	3207.29200000	3226.05800000	3174.95620000	3190.09540000
2860468227.42474937	3184.74200000	3200.61600000	3262.83200000	3279.24200000	3251.16600000	3261.31200000	3238.50000000	3249.17400000	3267.01600000	3273.92600000	3190.71400000	3211.13000000	3133.61600000	3150.31000000	3186.43000000	3201.67800000	3111.82800000	3127.45200000	3172.82400000	3189.57200000	3199.96680000	3214.44120000
2861471571.90635443	3308.50600000	3321.28600000	3295.21400000	3310.86600000	3232.62800000	3252.80600000	3242.63200000	3256.18600000	3151.90400000	3164.68600000	3218.46200000	3228.10000000	3152.75800000	3158.59600000	3121.23200000	3127.58200000	3114.08800000	3130.40800000	3227.80000000	3249.94200000	3206.52240000	3220.04580000
2862474916.38795996	3167.61600000	3179.36000000	3254.50200000	3263.42400000	3258.70000000	3270.23200000	3183.39400000	3192.39000000	3182.50400000	3194.81600000	3071.62000000	3079.48200000	3096.32800000	3104.66200000	3100.73400000	3110.87600000	3188.98200000	3206.93200000	3188.01200000	3203.18800000	3169.23920000	3180.53620000
2863478260.86956501	3136.07000000	3149.26200000	3288.59200000	3290.04400000	3298.55200000	3310.76400000	3157.47800000	3172.90200000	3240.92800000	3252.50800000	3159.43800000	3170.01000000	3079.31000000	3088.09600000	3181.89800000	3191.21000000	3138.89800000	3152.37400000	3186.16800000	3195.14000000	3186.73320000	3197.23100000
2864481605.35117054	3168.87600000	3178.15400000	3292.79400000	3297.60400000	3294.17800000	3300.55600000	3161.17400000	3165.14200000	3239.34000000	3251.70800000	3147.75200000	3155.31000000	3104.48000000	3107.31000000	3139.87000000	3146.49400000	3228.41000000	3235.19200000	3203.60800000	3212.60400000	3198.04820000	3205.00740000
2865484949.83277607	3244.08200000	3249.96200000	3176.10600000	3187.70800000	3298.47800000	3303.69200000	3177.56000000	3188.57200000	3176.24400000	3188.03200000	3241.11800000	3248.43400000	3181.91600000	3190.58400000	3180.93400000	3187.07200000	3245.59600000	3257.21400000	3173.53400000	3182.35600000	3209.55680000	3218.36260000
2866488294.31438112	3219.87800000	3228.81800000	3267.33200000	3271.84600000	3286.13400000	3295.31000000	3228.24800000	3237.40400000	3255.52600000	3266.26200000	3158.68400000	3165.01800000	3163.13000000	3170.89600000	3123.88000000	3125.74600000	3179.05200000	3186.38600000	3181.07800000	3188.41800000	3206.29420000	3213.61040000
2867491638.79598665	3206.55200000	3211.91200000	3241.43000000	3246.23000000	3277.44000000	3287.79600000	3227.01200000	3234.11400000	3206.75000000	3217.35400000	3121.99400000	3130.34400000	3131.40000000	3139.17800000	3124.66800000	3134.13600000	3197.39000000	3209.49000000	3217.53800000	3228.12800000	3195.21740000	3203.86820000
2868494983.27759218	3183.45600000	3191.45800000	3207.04800000	3213.47000000	3234.90200000	3247.94800000	3221.83200000	3231.46600000	3169.77800000	3184.21600000	3169.31000000	3175.92400000	3196.65000000	3200.00000000	3123.88600000	3136.33200000	3236.80800000	3242.58200000	3243.46400000	3252.16800000	3198.71340000	3207.55640000
2869498327.75919724	3315.06600000	3320.07400000	3311.43600000	3319.49400000	3245.97000000	3250.16800000	3252.30200000	3260.15000000	3182.25000000	3191.27600000	3215.35400000	3215.76000000	3143.10600000	3154.25000000	3119.31000000	3123.29600000	3134.37800000	3140.97800000	3230.73200000	3241.22600000	3214.99040000	3221.66720000
2870501672.24080276	3222.10400000	3229.70400000	3174.55800000	3184.42200000	3297.18200000	3299.12600000	3172.37400000	3176.51200000	3165.63000000	3172.83600000	3246.18200000	3250.18400000	3159.19000000	3165.12400000	3161.56600000	3162.70200000	3256.36000000	3258.91400000	3187.02600000	3195.93000000	3204.21720000	3209.54540000
2871505016.72240782	3197.64200000	3203.32800000	3253.16400000	3261.35600000	3269.95200000	3277.20600000	3214.66600000	3219.36200000	3264.60200000	3267.68400000	3157.54200000	3162.35200000	3109.00800000	3115.77200000	3151.96800000	3155.86600000	3128.78000000	3131.31400000	3135.34400000	3138.62800000	3188.26680000	3193.28680000
2872508361.20401335	3207.65000000	3213.15600000	3242.49800000	3252.53000000	3279.78200000	3289.09400000	3223.17200000	3234.88600000	3217.31800000	3224.36400000	3122.77200000	3131.83200000	3124.69600000	3136.01000000	3130.07000000	3134.07800000	3200.95000000	3208.80200000	3220.66000000	3225.33400000	3196.95680000	3205.00860000
2873511705.68561888	3189.18000000	3194.34600000	3267.08800000	3277.41600000	3285.62800000	3289.66000000	3235.42400000	3240.71400000	3283.17600000	3287.41400000	3216.16800000	3227.28400000	3171.13200000	3174.97400000	3192.40800000	3196.10200000	3137.81800000	3145.11200000	3180.36000000	3181.30400000	3215.83820000	3221.43260000
2874515050.16722393	3191.50200000	3196.03800000	3182.09400000	3192.89000000	3281.82200000	3284.12400000	3201.64200000	3208.36800000	3170.46400000	3170.61000000	3242.27800000	3250.62200000	3221.65400000	3229.34000000	3173.86600000	3183.33600000	3237.58400000	3245.03000000	3252.67200000	3262.71000000	3215.55780000	3222.30680000
2875518394.64882946	3141.42600000	3149.86200000	3292.99600000	3299.37600000	3305.91400000	3316.55600000	3162.69400000	3173.22400000	3248.34400000	3255.87600000	3151.21200000	3160.98400000	3087.18000000	3097.09000000	3178.58200000	3190.49200000	3155.00400000	3159.89400000	3189.46000000	3199.19400000	3191.28120000	3200.25480000
2876521739.13043499	3284.32600000	3289.09000000	3296.93800000	3309.13600000	3244.95400000	3256.61800000	3254.31000000	3259.63800000	3213.00400000	3221.86800000	3208.33600000	3213.35200000	3141.12600000	3146.66400000	3114.97000000	3126.42600000	3154.39800000	3161.35600000	3200.49400000	3208.54400000	3211.28560000	3219.26920000
2877525083.61204004	3142.09600000	3149.01800000	3277.28200000	3287.27800000	3298.55600000	3304.97800000	3169.20200000	3174.51600000	3254.72400000	3264.89200000	3159.06200000	3176.18000000	3085.03800000	3093.26200000	3173.97200000	3184.20600000	3129.77400000	3133.13000000	3204.06200000	3210.47800000	3189.37680000	3197.79380000
2878528428.09364557	3223.83600000	3226.79400000	3189.02400000	3202.33600000	3289.90600000	3300.24800000	3167.39800000	3177.29600000	3169.01000000	3179.92800000	3243.62600000	3255.38800000	3159.89200000	3165.44200000	3158.87800000	3169.17400000	3245.21400000	3259.91600000	3179.58400000	3188.44000000	3202.63680000	3212.49620000
2879531772.57525063	3213.11400000	3221.16200000	3166.84600000	3173.48800000	3286.50000000	3298.62400000	3169.05400000	3176.89000000	3158.02200000	3169.27200000	3238.97000000	3254.11800000	3156.99600000	3167.05000000	3158.41800000	3170.16600000	3249.68800000	3262.67200000	3187.86000000	3199.49600000	3198.54680000	3209.29380000
2880535117.05685616	3237.58600000	3245.14600000	3207.41200000	3215.06000000	3255.49600000	3264.72600000	3193.26600000	3201.89200000	3195.99200000	3207.47000000	3221.05200000	3235.54800000	3145.87200000	3152.53000000	3108.65600000	3122.57200000	3271.05600000	3283.31600000	3148.02600000	3162.66000000	3198.44140000	3209.09200000
2881538461.53846169	3143.06600000	3149.45600000	3254.16200000	3266.47400000	3296.55000000	3314.10800000	3165.85600000	3177.03400000	3247.68800000	3261.74400000	3156.41800000	3169.30000000	3102.97000000	3110.99400000	3118.47400000	3132.51600000	3109.46200000	3127.74800000	3177.80400000	3189.79800000	3177.24500000	3189.91720000
2882541806.02006674	3171.80400000	3182.97200000	3173.28200000	3189.98600000	3228.28400000	3247.71600000	3212.88000000	3232.16200000	3155.54400000	3170.37200000	3205.81800000	3224.50000000	3222.09000000	3243.05200000	3135.86200000	3149.68600000	3233.02800000	3252.65400000	3212.02400000	3233.57600000	3195.06160000	3212.66760000
2883545150.50167227	3176.75000000	3188.68400000	3289.37000000	3303.81600000	3286.10600000	3299.71000000	3155.23200000	3168.59000000	3207.68600000	3224.39600000	3105.12600000	3124.78200000	3084.56600000	3096.80000000	3114.82000000	3131.64400000	3222.82000000	3239.72600000	3189.84000000	3203.42200000	3183.23160000	3198.15700000
2884548494.98327780	3176.30800000	3196.72600000	3258.06600000	3278.08200000	3274.24600000	3292.86400000	3234.07000000	3254.52600000	3280.29600000	3297.04800000	3193.63000000	3212.77800000	3151.26800000	3174.87800000	3182.68200000	3197.87800000	3124.58400000	3139.89600000	3170.12000000	3186.97600000	3204.52700000	3223.16520000
2885551839.46488285	3206.57200000	3225.86800000	3258.05800000	3271.68200000	3276.93800000	3291.60400000	3216.84400000	3238.32400000	3247.34000000	3260.88000000	3143.52600000	3160.06800000	3143.50800000	3162.73400000	3112.19800000	3127.71600000	3164.50400000	3180.90600000	3166.30600000	3185.54400000	3193.57940000	3210.53260000
2886555183.94648838	3131.51000000	3145.76400000	3261.92600000	3275.80000000	3306.10400000	3324.47200000	3154.13400000	3167.57400000	3231.92600000	3247.44600000	3140.74600000	3155.96400000	3072.84000000	3093.16800000	3156.92200000	3178.59000000	3145.46600000	3165.98200000	3195.62000000	3214.46000000	3179.71940000	3196.92200000
2887558528.42809343	3172.83800000	3195.52000000	3200.56200000	3219.77200000	3235.19800000	3245.13000000	3222.63400000	3235.79400000	3168.11400000	3184.65000000	3153.72400000	3176.23800000	3176.11000000	3196.42800000	3120.26200000	3133.36600000	3224.89800000	3246.38400000	3230.90800000	3252.52200000	3190.52480000	3208.58040000
2888561872.90969896	3178.52800000	3194.61600000	3277.37800000	3298.52000000	3291.09600000	3309.29400000	3151.31400000	3173.97000000	3191.87000000	3210.13600000	3071.03200000	3085.44400000	3079.23000000	3095.61800000	3096.98400000	3111.85000000	3234.55400000	3258.40200000	3203.75400000	3225.42400000	3177.57400000	3196.32740000
2889565217.39130449	3169.29600000	3192.52600000	3170.36000000	3185.63200000	3272.64600000	3285.61600000	3174.89800000	3189.08400000	3159.52400000	3181.29600000	3245.63000000	3254.33000000	3177.98400000	3201.24800000	3157.97600000	3175.32200000	3249.29000000	3265.37800000	3214.43800000	3231.71400000	3199.20420000	3216.21460000
2890568561.87290955	3270.40400000	3280.21600000	3296.05800000	3314.08600000	3257.11600000	3262.37400000	3248.25600000	3260.00200000	3214.98600000	3229.15600000	3199.98800000	3217.75000000	3152.04200000	3170.38000000	3117.06200000	3126.08400000	3150.40600000	3168.68600000	3192.35000000	3206.98000000	3209.86680000	3223.57140000
2891571906.35451508	3226.48800000	3243.09800000	3180.71200000	3197.75000000	3257.86200000	3272.40400000	3192.06800000	3205.84200000	3186.05000000	3200.06400000	3221.32000000	3233.08600000	3151.43200000	3168.35600000	3116.18200000	3132.59200000	3265.41800000	3281.96000000	3136.34600000	3149.53000000	3193.38780000	3208.46820000
2892575250.83612061	3246.37800000	3262.01600000	3171.11600000	3180.40600000	3280.06000000	3291.56600000	3191.55800000	3197.45400000	3180.89000000	3193.50200000	3235.29800000	3250.35400000	3173.35600000	3188.40600000	3151.52600000	3170.45800000	3257.69000000	3263.56000000	3152.44000000	3166.00000000	3204.03120000	3216.37220000
2893578595.31772566	3187.56400000	3199.39600000	3269.86600000	3274.27600000	3278.22800000	3290.92600000	3229.68400000	3239.01800000	3278.62000000	3286.94200000	3213.27200000	3222.24400000	3171.10800000	3175.49800000	3186.68400000	3192.25600000	3133.94000000	3144.00200000	3168.33000000	3179.19200000	3211.72960000	3220.37500000
2894581939.79933119	3217.63400000	3228.02000000	3174.69000000	3185.80600000	3285.47200000	3296.39200000	3180.32600000	3184.64800000	3162.36400000	3165.83200000	3247.86200000	3255.20000000	3167.32000000	3182.84600000	3161.96800000	3176.99200000	3254.46800000	3265.58800000	3197.70200000	3203.39200000	3204.98060000	3214.47160000
2895585284.28093624	3138.40200000	3150.17400000	3256.94600000	3265.63400000	3324.24800000	3327.64000000	3170.09600000	3174.08400000	3278.35800000	3282.18800000	3158.41200000	3172.07200000	3114.91600000	3125.01000000	3134.83400000	3137.91400000	3120.19000000	3126.22400000	3187.32000000	3194.64600000	3188.37220000	3195.55860000
2896588628.76254177	3196.58000000	3207.08000000	3257.79800000	3264.76200000	3254.17200000	3254.94800000	3230.03400000	3234.93800000	3269.30000000	3274.08000000	3167.38600000	3173.68400000	3096.42000000	3102.65000000	3161.77000000	3172.18800000	3140.99400000	3143.41600000	3134.86800000	3143.30400000	3190.93220000	3197.10500000
2897591973.24414730	3249.00800000	3255.90400000	3301.86800000	3311.49800000	3276.91200000	3278.21000000	3254.40000000	3252.83800000	3249.51000000	3261.10400000	3191.41600000	3201.25400000	3163.74200000	3168.39200000	3122.87000000	3126.86400000	3155.41800000	3162.06200000	3184.99600000	3187.63600000	3215.01400000	3220.57620000
2898595317.72575235	3190.55200000	3200.44600000	3252.00400000	3263.74000000	3241.83400000	3242.46600000	3255.18800000	3254.84600000	3268.92000000	3282.07400000	3173.23600000	3178.70000000	3106.93600000	3113.49200000	3192.04800000	3192.88800000	3134.51600000	3135.06000000	3151.35000000	3155.94000000	3196.65840000	3201.96520000
2899598662.20735788	3195.24600000	3201.73800000	3269.39000000	3273.70800000	3278.49000000	3282.08800000	3217.86800000	3220.75000000	3269.18000000	3270.45400000	3176.83600000	3176.04200000	3123.88600000	3129.44200000	3139.74800000	3145.71400000	3135.45800000	3140.65600000	3144.72600000	3153.49200000	3195.08280000	3199.40840000
2900602006.68896341	3201.86200000	3204.22000000	3216.84000000	3220.15400000	3256.90800000	3261.17000000	3231.63400000	3231.94000000	3197.27800000	3201.42400000	3133.65600000	3136.19800000	3156.72400000	3157.73000000	3116.19800000	3118.70600000	3216.37600000	3215.51200000	3232.62200000	3236.72400000	3196.00980000	3198.37780000
2901605351.17056847	3193.15800000	3191.70200000	3195.53000000	3192.61000000	3279.44400000	3284.86800000	3203.26800000	3202.38400000	3161.45000000	3166.71400000	3245.43600000	3252.90200000	3225.97200000	3226.51400000	3177.01000000	3180.20400000	3243.07400000	3247.69400000	3259.42800000	3266.54400000	3218.37700000	3221.21360000
2902608695.65217400	3215.62800000	3213.72400000	3266.98400000	3270.37800000	3294.32800000	3295.26200000	3227.48600000	3229.76600000	3197.07400000	3202.65000000	3104.55400000	3101.39600000	3107.43400000	3112.95600000	3138.30200000	3137.80600000	3197.90800000	3205.57200000	3222.11400000	3228.98600000	3197.18120000	3199.84960000
2903612040.13377905	3193.19000000	3196.95800000	3304.18800000	3300.27600000	3304.04800000	3309.00800000	3187.86000000	3191.10200000	3213.68800000	3213.96200000	3079.74600000	3073.76600000	3104.95400000	3109.16600000	3121.96600000	3119.63000000	3259.91200000	3262.28000000	3237.78600000	3237.20600000	3200.73380000	3201.33540000
2904615384.61538458	3299.70400000	3301.18200000	3318.63400000	3316.59400000	3251.12400000	3248.48000000	3266.10800000	3269.12200000	3209.58600000	3211.83800000	3214.72200000	3212.23000000	3144.65400000	3143.60600000	3127.86800000	3127.71000000	3150.01000000	3152.73200000	3217.26400000	3221.16800000	3219.96740000	3220.46620000
2905618729.09699011	3239.62600000	3240.02800000	3200.15000000	3198.88400000	3303.75800000	3302.72400000	3185.86200000	3186.38200000	3182.85600000	3186.26600000	3253.94000000	3253.14400000	3180.48000000	3182.21000000	3181.95200000	3185.04600000	3260.41600000	3259.64000000	3186.58600000	3190.09200000	3217.56260000	3218.44160000
2906622073.57859516	3250.15400000	3258.80200000	3185.90400000	3181.86600000	3302.27800000	3298.60800000	3192.90800000	3191.70000000	3186.63600000	3191.64200000	3248.32800000	3245.71000000	3194.08800000	3195.25600000	3184.46400000	3182.74400000	3254.59200000	3259.94800000	3174.46000000	3173.42600000	3217.38120000	3217.97020000
2907625418.06020069	3199.36400000	3200.92000000	3269.38400000	3271.29600000	3292.52600000	3293.45400000	3234.56400000	3229.68600000	3278.36600000	3279.24400000	3213.33000000	3211.90600000	3201.69600000	3199.89800000	3162.14400000	3162.22400000	3150.70600000	3149.90600000	3179.89200000	3180.83400000	3218.19720000	3217.93680000
2908628762.54180622	3217.46600000	3210.72000000	3270.16400000	3270.12400000	3303.38400000	3306.01400000	3223.50400000	3218.88400000	3284.75400000	3286.18200000	3195.05800000	3189.13400000	3192.04000000	3194.79600000	3132.42800000	3134.52200000	3173.37800000	3168.35800000	3176.27200000	3177.55000000	3216.84480000	3215.62840000
2909632107.02341127	3171.82200000	3173.40800000	3191.75400000	3192.83400000	3237.13000000	3233.55400000	3246.44400000	3239.44400000	3167.96800000	3166.04000000	3198.16600000	3197.63600000	3219.78200000	3224.01200000	3125.52600000	3129.50800000	3255.91200000	3255.51800000	3245.45000000	3245.77000000	3205.99540000	3205.77240000
2910635451.50501680	3204.93800000	3209.28600000	3274.91000000	3274.58400000	3303.81200000	3301.14000000	3231.75000000	3233.02000000	3288.80200000	3288.17200000	3204.95400000	3201.02000000	3205.21200000	3201.56000000	3159.51200000	3156.47200000	3166.53800000	3161.61000000	3180.97800000	3175.65000000	3222.14060000	3220.25140000
2911638795.98662186	3256.00600000	3256.18800000	3185.50200000	3188.75400000	3277.34400000	3277.54400000	3204.02600000	3207.25400000	3211.22400000	3205.76600000	3248.24200000	3247.29400000	3185.10400000	3182.58000000	3146.35400000	3141.78000000	3281.63800000	3284.85600000	3155.47800000	3154.75200000	3215.09180000	3214.67680000
2912642140.46822739	3239.90400000	3234.60600000	3295.23200000	3290.76600000	3284.71200000	3278.70000000	3249.06600000	3247.76800000	3266.59600000	3262.82600000	3178.35000000	3172.25400000	3157.56800000	3158.35400000	3138.47000000	3135.68600000	3182.28800000	3183.60400000	3181.83400000	3185.98400000	3217.40200000	3215.05480000
2913645484.94983292	3248.68400000	3248.12400000	3211.71400000	3214.96200000	3266.61000000	3268.96800000	3210.24400000	3207.71000000	3207.30600000	3208.88200000	3239.10800000	3238.59000000	3162.55200000	3159.26000000	3125.72800000	3123.24200000	3286.75200000	3288.98000000	3163.68000000	3162.40200000	3212.23780000	3212.11200000
2914648829.43143797	3194.09200000	3189.28800000	3191.07200000	3194.56600000	3265.33400000	3263.35800000	3220.79000000	3217.94000000	3165.50200000	3167.50800000	3246.02000000	3243.88200000	3241.79800000	3240.96600000	3182.89800000	3181.64600000	3247.70400000	3247.69400000	3240.98600000	3248.24400000	3219.61960000	3219.50920000
2915652173.91304350	3336.91200000	3332.27800000	3311.21000000	3307.44800000	3240.55800000	3237.57800000	3260.88000000	3263.09400000	3187.40800000	3184.57600000	3248.11800000	3246.61000000	3198.98800000	3199.23200000	3149.15600000	3148.45000000	3124.14600000	3122.76400000	3254.24600000	3259.68600000	3231.16220000	3230.17160000
2916655518.39464903	3173.80800000	3169.75000000	3197.94400000	3194.13400000	3231.15400000	3231.67400000	3251.01400000	3244.63600000	3170.38200000	3175.67200000	3196.87000000	3198.34800000	3228.19200000	3224.98000000	3129.15200000	3127.86400000	3258.37200000	3259.95800000	3244.62000000	3244.23400000	3208.15080000	3207.12500000
2917658862.87625408	3182.33200000	3184.01200000	3285.88200000	3279.66200000	3294.29200000	3292.71400000	3198.65400000	3194.11200000	3266.05200000	3261.85000000	3179.10000000	3178.98600000	3122.17400000	3120.10400000	3142.00800000	3139.27600000	3143.04200000	3142.32400000	3166.62800000	3163.05200000	3198.01640000	3195.60920000
2918662207.35785961	3185.77000000	3189.58400000	3189.70400000	3189.77600000	3252.82000000	3252.46800000	3225.77200000	3223.04400000	3172.00400000	3176.76800000	3226.60200000	3232.16400000	3245.82200000	3245.71400000	3163.79000000	3162.96000000	3247.68800000	3245.92200000	3240.18200000	3236.85800000	3215.01540000	3215.52580000
2919665551.83946514	3199.28800000	3197.26200000	3192.82600000	3191.51600000	3288.98000000	3293.79400000	3197.51000000	3189.79200000	3183.21400000	3184.57200000	3273.14800000	3265.04400000	3198.23600000	3193.99800000	3182.12400000	3183.30400000	3276.48000000	3273.69600000	3228.51600000	3230.67400000	3222.03220000	3220.36520000
2920668896.32107019	3206.94400000	3200.62400000	3267.49000000	3266.29000000	3284.12600000	3275.97200000	3220.97400000	3217.24400000	3271.65200000	3274.42400000	3166.33600000	3162.02800000	3121.14600000	3122.50800000	3148.96000000	3149.11000000	3133.49400000	3132.69400000	3150.11000000	3144.62200000	3197.12320000	3194.55160000
2921672240.80267572	3226.78600000	3222.15600000	3277.04800000	3274.65800000	3296.91600000	3296.45800000	3230.25000000	3230.40000000	3211.25400000	3211.74600000	3114.45400000	3112.55200000	3117.69600000	3115.05200000	3131.69400000	3137.72000000	3208.41600000	3210.53000000	3225.37000000	3223.31600000	3203.98840000	3203.45880000
2922675585.28428078	3192.92400000	3187.36600000	3311.68400000	3306.42600000	3309.63600000	3313.36200000	3177.59200000	3174.65000000	3222.71600000	3220.92800000	3123.82800000	3128.12400000	3103.44600000	3101.47000000	3139.05200000	3132.51800000	3241.46600000	3244.24600000	3216.32800000	3216.01200000	3203.86720000	3202.51020000
2923678929.76588631	3198.49800000	3192.08400000	3224.41000000	3218.84000000	3258.42800000	3257.57000000	3242.74800000	3240.42400000	3190.54800000	3189.46200000	3180.01800000	3177.35400000	3194.49000000	3194.52600000	3137.51800000	3138.35600000	3253.98000000	3250.68200000	3254.04800000	3252.48400000	3213.46860000	3211.17820000
2924682274.24749184	3161.88200000	3163.49800000	3283.57200000	3284.45200000	3307.11200000	3310.02400000	3175.23000000	3174.03800000	3269.73000000	3271.66400000	3138.41800000	3140.83400000	3101.34200000	3100.31600000	3186.34200000	3188.62400000	3204.25200000	3203.58800000	3215.65400000	3218.92600000	3204.35340000	3205.59640000
2925685618.72909689	3194.70800000	3189.76200000	3188.68200000	3188.71800000	3261.54000000	3257.43400000	3221.51400000	3215.29800000	3169.73000000	3168.62800000	3240.53200000	3235.90200000	3240.83600000	3244.10400000	3177.81800000	3178.88000000	3249.41800000	3250.76800000	3240.34000000	3237.31200000	3218.51180000	3216.68060000
2926688963.21070242	3199.14400000	3194.49800000	3283.89600000	3282.83200000	3285.95200000	3286.56000000	3269.07600000	3267.04000000	3293.92600000	3294.89200000	3213.25400000	3215.77200000	3170.97600000	3167.67600000	3206.42600000	3204.23400000	3144.16200000	3139.52800000	3192.60800000	3189.27800000	3225.94200000	3224.23100000
2927692307.69230747	3179.20600000	3179.37600000	3284.78000000	3281.11600000	3302.92200000	3299.85800000	3205.72400000	3194.81400000	3265.95000000	3266.46800000	3188.14000000	3186.02600000	3122.35800000	3118.71400000	3149.33800000	3144.07000000	3137.43600000	3138.37200000	3176.69800000	3176.88800000	3201.25520000	3198.57020000
2928695652.17391300	3195.25800000	3196.57000000	3280.49400000	3276.46400000	3291.35600000	3287.95000000	3235.20400000	3233.39800000	3283.36200000	3283.45600000	3223.26400000	3219.27400000	3178.00800000	3177.70400000	3192.90200000	3191.07200000	3146.42400000	3141.51200000	3183.51800000	3178.40200000	3220.97900000	3218.58020000
2929698996.65551853	3329.46400000	3325.48600000	3294.35800000	3296.52200000	3229.71000000	3232.21200000	3264.78200000	3262.93400000	3183.27200000	3184.64800000	3244.00600000	3243.73000000	3195.80200000	3195.37800000	3145.77000000	3149.20400000	3117.20400000	3118.11400000	3248.78000000	3245.70800000	3225.31480000	3225.39360000
2930702341.13712358	3152.03200000	3149.03600000	3301.36400000	3301.40600000	3309.41800000	3308.88800000	3170.99600000	3169.33400000	3257.98000000	3254.26800000	3166.72600000	3166.09200000	3092.64600000	3093.73400000	3194.87200000	3191.42200000	3155.34600000	3157.51200000	3199.15600000	3198.36600000	3200.05360000	3199.00580000
2931705685.61872911	3261.30800000	3256.50400000	3183.80600000	3181.85200000	3278.03200000	3275.42000000	3204.17400000	3203.51600000	3208.07400000	3204.73200000	3247.50600000	3248.95000000	3181.16600000	3181.63200000	3150.50200000	3146.08200000	3278.04200000	3278.56600000	3152.85400000	3155.50000000	3214.54640000	3213.27540000
2932709030.10033464	3140.56400000	3145.68800000	3258.71400000	3258.70800000	3330.76000000	3330.59400000	3176.22400000	3176.23200000	3293.21600000	3291.74400000	3167.08000000	3167.80600000	3132.64000000	3130.16200000	3139.74000000	3135.09200000	3127.10000000	3123.70200000	3197.04800000	3200.67800000	3196.30860000	3196.04060000
2933712374.58193970	3181.10600000	3181.14800000	3190.66800000	3191.77800000	3234.45600000	3234.09600000	3245.01800000	3240.92400000	3167.21400000	3170.74000000	3209.07000000	3208.21000000	3233.21800000	3230.08200000	3139.46400000	3137.78200000	3259.65000000	3261.06800000	3248.26400000	3244.15400000	3210.81280000	3209.99820000
2934715719.06354523	3256.34600000	3256.27800000	3232.03000000	3230.13800000	3271.27000000	3273.72600000	3190.02200000	3186.06000000	3233.76600000	3232.10200000	3223.02600000	3220.15400000	3195.32000000	3190.53400000	3133.85200000	3128.05000000	3277.95400000	3277.30000000	3175.53000000	3174.63000000	3218.91160000	3216.89720000
2935719063.54515076	3185.58600000	3181.54200000	3190.77600000	3189.55600000	3237.97600000	3238.96800000	3234.85600000	3235.08800000	3170.07000000	3170.81800000	3220.76800000	3216.11800000	3241.38600000	3240.48400000	3145.13200000	3143.75200000	3250.61200000	3252.67400000	3245.08200000	3241.07200000	3212.22440000	3211.00720000
2936722408.02675581	3184.29600000	3185.01800000	3296.87600000	3299.75400000	3302.80600000	3302.52200000	3172.40200000	3170.92000000	3246.81600000	3247.02800000	3147.33000000	3148.84600000	3107.50400000	3107.10800000	3142.97200000	3139.69400000	3236.78200000	3236.39600000	3206.53000000	3208.66400000	3204.43140000	3204.59500000
2937725752.50836134	3220.08200000	3220.72400000	3277.97600000	3273.46800000	3318.86400000	3317.65800000	3234.26200000	3231.89800000	3281.99200000	3279.10200000	3176.32000000	3179.14600000	3197.38400000	3200.71200000	3133.77600000	3130.88200000	3188.91200000	3193.94200000	3187.47600000	3186.29800000	3221.70440000	3221.38300000
2938729096.98996639	3206.97000000	3203.02000000	3277.41200000	3272.98000000	3265.11800000	3267.43800000	3275.70400000	3271.80000000	3287.29000000	3284.41000000	3200.61800000	3199.04200000	3149.72800000	3144.96400000	3221.10000000	3216.45800000	3137.44400000	3129.40600000	3188.64400000	3183.86600000	3221.00280000	3217.33840000
2939732441.47157192	3152.80200000	3147.59000000	3304.75400000	3301.96200000	3323.24000000	3317.64200000	3172.35800000	3175.16600000	3260.88800000	3258.68200000	3168.59600000	3165.59000000	3091.92000000	3090.44000000	3190.97800000	3191.03000000	3159.94800000	3154.89400000	3197.97400000	3195.85200000	3202.34580000	3199.88480000
2940735785.95317745	3229.19600000	3227.47600000	3193.50200000	3193.70600000	3300.91000000	3300.95200000	3178.05600000	3173.44600000	3177.46800000	3176.06400000	3252.86400000	3247.47600000	3168.69200000	3159.72200000	3168.26800000	3168.40600000	3259.98000000	3257.60600000	3198.14000000	3192.93400000	3212.70760000	3209.77880000
2941739130.43478251	3201.19200000	3196.50400000	3287.88200000	3282.27000000	3281.63000000	3282.86800000	3265.55200000	3264.44000000	3298.99200000	3288.98200000	3212.66800000	3216.79400000	3168.17600000	3165.00200000	3204.05400000	3208.08400000	3140.10400000	3142.64600000	3191.52400000	3187.11200000	3225.17740000	3223.47020000
2942742474.91638803	3249.65800000	3245.83400000	3198.55400000	3196.31000000	3307.08600000	3309.28800000	3188.33200000	3189.79800000	3190.75000000	3190.55000000	3258.59600000	3253.02400000	3189.55600000	3187.40600000	3188.99800000	3186.16400000	3262.10400000	3256.23400000	3188.17400000	3188.62600000	3222.18080000	3220.32340000
2943745819.39799309	3261.26400000	3263.86800000	3184.26600000	3187.60400000	3299.35600000	3297.47200000	3195.80800000	3191.84200000	3195.08800000	3193.26800000	3252.90600000	3250.97600000	3198.39200000	3196.02400000	3174.76200000	3178.27600000	3261.90800000	3260.45400000	3175.76000000	3176.05600000	3219.95100000	3219.58400000
2944749163.87959862	3181.54400000	3182.21200000	3273.26400000	3265.98200000	3275.56800000	3271.90000000	3211.45400000	3206.56600000	3195.37200000	3189.60600000	3088.80200000	3084.79000000	3111.31400000	3107.91600000	3113.90600000	3109.18800000	3196.12600000	3193.49200000	3206.19400000	3207.97600000	3185.35440000	3181.96280000
2945752508.36120415	3272.79600000	3272.48000000	3243.80600000	3241.84800000	3279.84000000	3272.57400000	3193.87600000	3185.99800000	3245.66800000	3239.52400000	3228.80400000	3229.89200000	3204.87600000	3199.20800000	3128.08600000	3128.10400000	3281.75000000	3276.26800000	3174.66400000	3174.78200000	3225.41660000	3222.06780000
2946755852.84280920	3248.90600000	3250.05400000	3227.80400000	3223.32000000	3268.01800000	3266.40400000	3191.63200000	3191.65000000	3218.56600000	3216.23800000	3236.14400000	3233.30000000	3149.73000000	3145.94800000	3123.85600000	3121.22600000	3285.72600000	3289.33600000	3169.40800000	3164.43000000	3211.97900000	3210.19060000
2947759197.32441473	3293.11600000	3290.41800000	3319.44400000	3315.02200000	3264.93400000	3262.63400000	3263.10200000	3257.23200000	3230.73000000	3230.21600000	3217.42800000	3218.41000000	3160.00000000	3158.56200000	3131.35400000	3130.51800000	3169.87400000	3170.60800000	3211.95400000	3210.71200000	3226.19360000	3224.43320000
2948762541.80602026	3254.92400000	3255.21400000	3313.10800000	3307.29600000	3281.59800000	3282.16800000	3261.29000000	3258.63000000	3261.39000000	3260.25200000	3199.88600000	3196.96000000	3172.18800000	3169.13200000	3137.02800000	3132.16000000	3171.90200000	3166.73000000	3190.05400000	3189.87200000	3224.33680000	3221.84140000
2949765886.28762531	3205.65800000	3198.85000000	3260.12200000	3255.54000000	3279.15600000	3276.88200000	3220.86800000	3218.32800000	3271.75000000	3268.42600000	3171.23800000	3167.40000000	3111.93400000	3107.80200000	3156.88000000	3154.03800000	3127.12600000	3129.45600000	3144.22400000	3138.89800000	3194.89560000	3191.56200000
2950769230.76923084	3193.82200000	3194.52200000	3192.14400000	3197.91200000	3287.77600000	3290.44400000	3209.55400000	3206.47400000	3178.88800000	3176.82800000	3254.90800000	3253.07400000	3232.83400000	3228.72800000	3187.97000000	3189.74000000	3252.82800000	3251.76000000	3265.76400000	3261.46400000	3225.64880000	3225.09460000
2951772575.25083637	3143.87400000	3141.81200000	3288.08400000	3283.78800000	3324.66400000	3322.19600000	3167.68400000	3167.51400000	3256.61600000	3254.38600000	3155.75600000	3153.05400000	3089.95200000	3093.53200000	3173.12000000	3176.47000000	3157.63400000	3161.49800000	3214.00000000	3208.47000000	3197.13840000	3196.27200000
2952775919.73244143	3264.35800000	3267.07200000	3182.40400000	3185.00000000	3300.89200000	3297.98200000	3202.25000000	3201.04400000	3195.63600000	3191.35600000	3256.90600000	3252.19000000	3190.78000000	3190.58400000	3179.63600000	3177.09200000	3270.23800000	3264.61800000	3170.70600000	3171.46000000	3221.38060000	3219.83980000
2953779264.21404696	3206.66600000	3202.94600000	3268.07600000	3264.74600000	3251.37800000	3254.06200000	3260.18000000	3262.39600000	3286.79600000	3281.73000000	3179.47400000	3175.46400000	3113.19000000	3110.94400000	3197.23400000	3195.02000000	3146.88800000	3142.16400000	3155.06600000	3153.74000000	3206.49480000	3204.32120000
2954782608.69565201	3188.39400000	3184.22000000	3202.14800000	3200.07000000	3287.34600000	3285.49200000	3205.73200000	3201.05800000	3190.58000000	3182.20400000	3258.58200000	3256.50800000	3222.51400000	3219.32800000	3188.99400000	3181.40000000	3261.98400000	3260.64000000	3260.47400000	3257.10000000	3226.67480000	3222.80200000
2955785953.17725754	3190.13600000	3188.85800000	3205.60800000	3201.83800000	3289.10600000	3285.06600000	3227.19200000	3222.75400000	3164.54800000	3165.03800000	3251.99000000	3249.79200000	3234.68800000	3237.27000000	3178.10200000	3178.52600000	3241.89600000	3238.81200000	3263.36200000	3262.32800000	3224.66280000	3223.02820000
2956789297.65886307	3207.33800000	3197.04000000	3275.07600000	3273.58600000	3281.10600000	3279.28000000	3226.04400000	3223.88600000	3274.03000000	3270.00800000	3169.36400000	3167.52800000	3128.93000000	3130.57400000	3148.49200000	3145.69800000	3138.23400000	3138.30000000	3151.56400000	3146.98200000	3200.01780000	3197.28820000
2957792642.14046812	3210.08000000	3202.40200000	3271.17200000	3273.36200000	3297.04200000	3294.47200000	3231.64400000	3230.31400000	3210.57600000	3201.79800000	3101.93200000	3100.37000000	3110.99800000	3118.24000000	3136.99000000	3135.50200000	3206.12000000	3199.46400000	3229.25000000	3227.95000000	3200.58040000	3198.38740000
2958795986.62207365	3280.28800000	3275.44200000	3238.94200000	3239.84200000	3266.62600000	3268.75600000	3185.33600000	3179.90800000	3244.52200000	3241.48800000	3236.11400000	3231.52800000	3187.86400000	3188.10200000	3117.35800000	3115.59200000	3265.64200000	3264.31200000	3163.79400000	3164.18400000	3218.64860000	3216.91540000
2959799331.10367870	3324.74000000	3321.52000000	3313.68800000	3309.15000000	3253.09800000	3245.07600000	3255.41200000	3255.42400000	3191.19800000	3189.01000000	3224.51000000	3224.91400000	3156.28200000	3155.46200000	3130.89600000	3126.09200000	3139.69600000	3131.68400000	3238.68000000	3243.10000000	3222.82000000	3220.14320000
2960802675.58528423	3249.43400000	3246.54800000	3211.42600000	3204.27800000	3276.97200000	3270.34400000	3207.47400000	3208.03600000	3205.51200000	3204.25000000	3246.23600000	3247.82200000	3171.84200000	3171.50400000	3131.70000000	3134.35600000	3287.92200000	3288.53800000	3166.20800000	3165.81800000	3215.47260000	3214.14940000
2961806020.06688976	3153.32000000	3148.35200000	3274.70000000	3273.32800000	3312.61600000	3314.44000000	3168.44000000	3169.63200000	3271.60200000	3267.18600000	3141.26400000	3138.54000000	3100.67000000	3097.06200000	3177.38200000	3181.16000000	3195.47800000	3191.21400000	3212.49600000	3210.04600000	3200.79680000	3199.09600000
2962809364.54849482	3187.12200000	3180.79400000	3274.02200000	3269.40600000	3279.00000000	3276.72400000	3202.30200000	3200.85400000	3192.13600000	3192.50000000	3088.63600000	3086.72200000	3110.02000000	3109.87800000	3114.08600000	3116.89800000	3206.94400000	3200.30200000	3208.00800000	3204.13000000	3186.22760000	3183.82080000
2963812709.03010035	3286.00600000	3280.58800000	3233.07600000	3230.92600000	3272.47000000	3270.89800000	3207.17200000	3198.36800000	3241.49400000	3241.36200000	3220.65000000	3214.13000000	3163.55800000	3165.64600000	3120.23800000	3112.01400000	3258.66000000	3258.59600000	3171.08000000	3168.47600000	3217.44040000	3214.10040000
2964816053.51170588	3150.30000000	3146.04000000	3299.55000000	3293.16800000	3305.91800000	3302.31600000	3170.02600000	3167.50200000	3263.06400000	3259.67400000	3174.68200000	3175.76600000	3085.99600000	3081.91400000	3196.76000000	3189.95400000	3151.96400000	3145.68200000	3206.09400000	3199.75800000	3200.43540000	3196.17740000
2965819397.99331093	3214.17000000	3206.75600000	3229.02000000	3225.71200000	3267.49200000	3263.53200000	3245.31200000	3244.92400000	3204.47000000	3205.96200000	3159.95000000	3156.60000000	3182.70000000	3181.40600000	3130.08000000	3127.90800000	3235.94200000	3233.22200000	3249.39400000	3245.55000000	3211.85300000	3209.15720000
2966822742.47491646	3155.25000000	3157.26200000	3283.72000000	3279.19400000	3328.63200000	3325.44000000	3173.66200000	3169.89200000	3254.57600000	3255.18600000	3160.80800000	3152.20400000	3094.53600000	3096.84800000	3180.22600000	3177.07400000	3174.95400000	3175.62000000	3216.45000000	3211.81200000	3202.28140000	3200.05320000
2967826086.95652199	3200.86400000	3197.96200000	3224.04600000	3216.97000000	3261.10400000	3260.58000000	3240.07600000	3233.21200000	3193.48600000	3187.80400000	3172.98000000	3171.90200000	3190.57200000	3184.47000000	3138.32400000	3130.91000000	3244.94600000	3243.57800000	3254.61000000	3248.81600000	3212.10080000	3207.62040000
2968829431.43812704	3196.84200000	3189.46200000	3310.57800000	3307.26400000	3316.71000000	3313.50400000	3176.85800000	3173.44000000	3217.47000000	3217.00800000	3117.85400000	3114.87200000	3100.37000000	3094.91000000	3128.98200000	3125.85600000	3254.12000000	3249.76800000	3224.99200000	3224.00200000	3204.47760000	3201.00860000
2969832775.91973257	3173.60400000	3174.29600000	3305.56600000	3304.01200000	3299.49400000	3297.28000000	3167.50000000	3176.23400000	3258.85400000	3257.93800000	3142.83200000	3138.91200000	3114.65600000	3104.54000000	3167.84800000	3161.41600000	3230.43600000	3221.39000000	3214.41400000	3213.27000000	3207.52040000	3204.92880000
2970836120.40133762	3159.96800000	3158.80400000	3279.76600000	3283.47800000	3331.22600000	3328.01000000	3176.47000000	3175.04800000	3262.19800000	3261.61000000	3156.43800000	3156.20800000	3104.16800000	3096.09600000	3185.62600000	3181.40200000	3179.67600000	3179.50200000	3211.34800000	3211.47400000	3204.68840000	3203.16320000
2971839464.88294315	3143.46000000	3143.91200000	3262.22400000	3259.01200000	3333.36000000	3330.21000000	3182.22200000	3176.83200000	3291.05600000	3281.12000000	3174.22600000	3175.20400000	3130.62400000	3127.49000000	3143.96400000	3141.69800000	3122.32600000	3122.23200000	3208.43800000	3201.78400000	3199.19000000	3195.94940000
2972842809.36454868	3221.40800000	3219.59200000	3274.77000000	3271.07400000	3319.37800000	3318.37600000	3224.30200000	3220.66000000	3286.62200000	3282.02000000	3187.90600000	3182.12200000	3198.70800000	3198.24200000	3137.16600000	3129.38600000	3192.09000000	3189.11800000	3186.39600000	3185.61600000	3222.87460000	3219.62060000
2973846153.84615374	3228.83400000	3225.99200000	3279.79400000	3277.71200000	3282.79600000	3279.97600000	3229.13200000	3228.72000000	3222.24000000	3217.93600000	3120.81000000	3121.83000000	3124.90400000	3117.64600000	3133.98200000	3136.30000000	3196.85400000	3197.49000000	3225.07800000	3227.34200000	3204.44240000	3203.09440000
2974849498.32775927	3178.51600000	3172.50000000	3192.22800000	3184.16600000	3227.24200000	3227.70000000	3247.71000000	3247.80400000	3174.72800000	3171.79200000	3202.73000000	3203.07000000	3230.85200000	3229.62800000	3135.94000000	3132.79200000	3259.73600000	3256.10800000	3245.57200000	3246.18000000	3209.52540000	3207.17400000
2975852842.80936432	3220.74600000	3218.58200000	3274.37800000	3272.47000000	3316.19800000	3310.20800000	3233.52000000	3229.75600000	3275.47800000	3272.85800000	3174.27600000	3171.81800000	3194.53000000	3190.44800000	3138.25200000	3130.41200000	3190.94400000	3189.32000000	3187.49400000	3190.91200000	3220.58160000	3217.67840000
2976856187.29096985	3153.18000000	3150.82000000	3269.27200000	3270.70400000	3329.44600000	3325.61800000	3177.07200000	3172.27400000	3281.71000000	3277.22800000	3168.10000000	3164.81800000	3123.70200000	3117.83600000	3140.40400000	3137.97400000	3132.13800000	3132.36600000	3200.61400000	3197.53400000	3197.56380000	3194.71720000
2977859531.77257538	3147.90400000	3147.58800000	3263.21200000	3263.27800000	3331.66400000	3328.47200000	3186.60800000	3180.47000000	3293.14600000	3287.18600000	3171.85200000	3168.39400000	3132.97000000	3126.30200000	3153.66800000	3149.35200000	3126.75800000	3126.19400000	3221.91000000	3210.76000000	3202.96920000	3198.79960000
2978862876.25418043	3199.58400000	3199.07600000	3267.05000000	3264.47400000	3252.49800000	3248.02000000	3242.25600000	3242.22600000	3281.58400000	3283.12800000	3181.52800000	3172.26000000	3103.67600000	3100.38000000	3184.07600000	3187.17200000	3147.28800000	3144.75200000	3149.71000000	3148.78200000	3200.92500000	3199.02700000
2979866220.73578596	3271.64000000	3264.59800000	3239.45400000	3237.99400000	3280.82000000	3274.62000000	3194.72600000	3193.60600000	3241.58400000	3237.12800000	3230.97000000	3225.88800000	3204.00600000	3194.43400000	3131.56800000	3128.13200000	3281.73400000	3276.98200000	3178.41800000	3173.52200000	3225.49200000	3220.69040000
2980869565.21739149	3193.02600000	3185.58400000	3202.36000000	3195.18800000	3279.58000000	3276.93400000	3222.79800000	3222.81200000	3167.55000000	3165.19600000	3251.10600000	3245.00200000	3233.48200000	3230.87800000	3183.57800000	3178.67400000	3242.10400000	3242.06200000	3250.90800000	3251.28200000	3222.64920000	3219.36120000
2981872909.69899654	3313.02200000	3311.88800000	3319.98600000	3322.57400000	3245.68000000	3246.18600000	3275.72600000	3270.27200000	3199.53400000	3197.67600000	3211.95200000	3212.29200000	3152.73200000	3151.32600000	3130.14800000	3131.84400000	3141.60200000	3141.90400000	3240.34400000	3235.98400000	3223.07260000	3222.19460000
2982876254.18060207	3260.87200000	3257.37600000	3315.99000000	3311.03400000	3283.84400000	3276.91000000	3262.03800000	3255.58600000	3253.09600000	3254.65200000	3209.29800000	3210.60000000	3169.06000000	3168.17000000	3133.46800000	3124.58200000	3158.81200000	3157.52600000	3192.37200000	3189.74200000	3223.88500000	3220.61780000
2983879598.66220760	3200.71600000	3196.86800000	3312.00000000	3309.67400000	3320.30400000	3317.56200000	3179.02400000	3173.45400000	3213.35200000	3215.43400000	3115.95600000	3111.72800000	3106.67600000	3100.72400000	3129.54000000	3129.69400000	3253.76600000	3253.14800000	3225.53400000	3226.45400000	3205.68680000	3203.47400000
2984882943.14381266	3198.27400000	3197.08400000	3274.19800000	3272.06800000	3295.12600000	3288.77400000	3236.56400000	3228.06200000	3205.40600000	3203.22200000	3100.26400000	3098.26400000	3116.42800000	3115.58200000	3139.65200000	3130.40000000	3195.22600000	3198.51600000	3221.26400000	3217.65800000	3198.24020000	3194.96300000
2985886287.62541819	3179.33600000	3182.27000000	3193.54000000	3190.53600000	3292.42600000	3286.61800000	3200.89200000	3192.78200000	3181.64400000	3184.08600000	3261.47200000	3260.60600000	3199.58600000	3197.37400000	3184.24600000	3176.84000000	3273.61400000	3269.35600000	3243.95600000	3236.19400000	3221.07120000	3217.66620000
2986889632.10702324	3326.57400000	3323.91200000	3321.28200000	3318.71400000	3248.57800000	3245.27000000	3269.30000000	3265.89000000	3202.14600000	3195.88600000	3222.99400000	3221.88800000	3159.33200000	3154.78200000	3132.68800000	3129.41200000	3144.97400000	3142.99600000	3244.56800000	3239.73400000	3227.24360000	3223.84840000
2987892976.58862877	3339.61200000	3334.74000000	3306.54200000	3297.34600000	3229.28400000	3224.43000000	3264.83200000	3263.70400000	3188.94400000	3183.44000000	3249.14600000	3241.92600000	3203.96400000	3199.86200000	3148.09800000	3146.63600000	3124.61600000	3122.31200000	3254.29800000	3249.89600000	3230.93360000	3226.42920000
2988896321.07023430	3187.58200000	3184.99000000	3209.01200000	3209.49000000	3244.22600000	3246.56000000	3243.03800000	3243.74400000	3177.09400000	3177.92200000	3192.05400000	3193.41200000	3219.79800000	3217.89600000	3133.85000000	3128.08800000	3259.20000000	3255.76800000	3253.22200000	3256.37600000	3211.90760000	3211.42460000
2989899665.55183935	3184.19200000	3184.94800000	3287.69400000	3286.85400000	3290.40600000	3284.51400000	3177.94600000	3176.59800000	3198.44800000	3196.40600000	3084.80800000	3079.83400000	3110.27200000	3106.42600000	3120.18200000	3117.37200000	3233.80400000	3235.95400000	3216.91800000	3220.50200000	3190.46700000	3188.94080000
2990903010.03344488	3197.94000000	3194.69000000	3306.08800000	3304.09000000	3301.99600000	3298.22000000	3193.80600000	3188.82200000	3217.80800000	3209.54600000	3078.49400000	3077.12800000	3117.49000000	3114.80000000	3125.18200000	3120.46200000	3267.11800000	3262.44600000	3241.87600000	3236.11400000	3204.77980000	3200.63180000
2991906354.51504993	3250.39200000	3243.48000000	3228.34200000	3223.44800000	3264.52200000	3264.43800000	3187.96800000	3191.04000000	3215.73600000	3212.59800000	3238.59600000	3238.04800000	3145.72000000	3140.36400000	3118.90800000	3118.89000000	3281.94400000	3277.15600000	3161.06000000	3163.67800000	3209.31880000	3207.31400000
2992909698.99665546	3203.48800000	3203.66200000	3270.98400000	3269.84400000	3301.78600000	3299.91800000	3226.83000000	3225.90200000	3290.30600000	3283.94600000	3202.94600000	3200.19600000	3194.45600000	3191.39200000	3151.17400000	3148.32400000	3166.90800000	3164.89200000	3177.25000000	3176.76800000	3218.61280000	3216.48440000
2993913043.47826099	3188.43800000	3181.58600000	3295.12600000	3293.73200000	3289.88800000	3285.92600000	3186.05000000	3181.08200000	3202.51400000	3199.38200000	3071.81600000	3072.81800000	3105.69000000	3102.48000000	3112.94800000	3113.55000000	3249.16400000	3244.35600000	3223.49800000	3222.24000000	3192.51320000	3189.71520000
2994916387.95986605	3197.64800000	3192.98800000	3301.72600000	3297.25400000	3305.85400000	3304.70400000	3190.09600000	3188.73400000	3212.11600000	3211.43200000	3079.73200000	3079.92000000	3111.78600000	3110.02800000	3125.33000000	3119.67400000	3263.52000000	3263.11000000	3242.57200000	3242.95600000	3203.03800000	3201.08000000
2995919732.44147158	3217.10000000	3213.94400000	3257.15800000	3254.07800000	3289.80200000	3285.39600000	3229.81400000	3226.82400000	3224.45000000	3224.02600000	3130.39000000	3120.55200000	3128.10000000	3126.92200000	3139.81800000	3133.53200000	3209.10200000	3208.76600000	3221.21800000	3220.63000000	3204.69520000	3201.46700000
2996923076.92307711	3207.49400000	3204.24200000	3275.20000000	3273.01000000	3262.76000000	3261.61600000	3262.91800000	3259.73000000	3283.92800000	3278.18800000	3202.51600000	3204.67000000	3147.55400000	3140.87600000	3214.94000000	3218.73000000	3131.68400000	3131.23400000	3184.61200000	3186.53400000	3217.36060000	3215.88300000
2997926421.40468216	3293.92600000	3292.42800000	3238.50400000	3233.98200000	3283.01600000	3281.53200000	3212.03000000	3211.43400000	3247.95600000	3246.43400000	3221.65200000	3213.34600000	3172.80800000	3166.78200000	3120.80400000	3121.54600000	3260.08400000	3256.11800000	3175.62000000	3172.40200000	3222.64000000	3219.60040000
2998929765.88628769	3298.98200000	3297.68600000	3237.08400000	3231.69800000	3275.38000000	3275.21000000	3211.38600000	3210.51600000	3247.37400000	3246.90000000	3210.33400000	3207.00800000	3163.25800000	3162.36600000	3123.87200000	3120.80200000	3250.99800000	3244.50000000	3179.34000000	3175.91600000	3219.80080000	3217.26020000
2999933110.36789322	3231.98800000	3229.64400000	3280.42800000	3277.72400000	3303.60000000	3298.72800000	3241.26400000	3236.32600000	3271.93200000	3269.07600000	3168.40000000	3164.62600000	3179.32800000	3181.02800000	3134.62600000	3127.03800000	3185.72200000	3183.23400000	3195.12600000	3191.05000000	3219.24140000	3215.84740000
3000936454.84949827	3183.71800000	3179.55200000	3307.98400000	3303.32000000	3305.23600000	3301.78600000	3175.31000000	3170.97000000	3260.27200000	3257.88000000	3154.98200000	3156.15400000	3117.61800000	3117.90000000	3160.45600000	3158.63800000	3234.08800000	3233.20800000	3221.72400000	3219.71400000	3212.13880000	3209.91220000
3001939799.33110380	3273.79600000	3274.11400000	3318.60600000	3311.77000000	3277.50600000	3271.76800000	3266.33600000	3260.69000000	3237.32200000	3234.51000000	3218.51200000	3216.52400000	3176.77000000	3174.55400000	3127.93400000	3128.97200000	3166.30000000	3163.58000000	3202.93800000	3197.25600000	3226.60200000	3223.37380000
3002943143.81270885	3192.51000000	3192.03600000	3271.88600000	3272.68400000	3283.59800000	3280.69400000	3224.61000000	3223.11800000	3196.96800000	3194.38400000	3089.37000000	3091.24200000	3112.55600000	3109.29800000	3128.30200000	3124.73600000	3195.04200000	3196.49000000	3220.28000000	3218.35800000	3191.51220000	3190.30400000
3003946488.29431438	3196.13600000	3196.07600000	3276.01800000	3279.08600000	3293.45200000	3293.83400000	3261.61000000	3258.67800000	3298.11000000	3294.19600000	3214.00200000	3212.94400000	3175.10600000	3180.15400000	3207.18600000	3208.54800000	3142.86200000	3142.61400000	3195.87600000	3194.40400000	3226.03580000	3226.05340000
3004949832.77591991	3240.07800000	3243.87600000	3205.12000000	3203.77400000	3306.44200000	3306.10400000	3184.40200000	3178.42800000	3186.90800000	3185.70800000	3258.27400000	3252.76200000	3179.82600000	3179.15600000	3180.22200000	3178.41600000	3261.80200000	3258.84200000	3189.63200000	3190.10800000	3219.27060000	3217.71740000
3005953177.25752497	3339.18600000	3332.25400000	3307.09600000	3306.34600000	3231.66200000	3227.92800000	3267.57800000	3262.63200000	3190.06800000	3188.12400000	3246.38600000	3240.06800000	3204.04400000	3201.57400000	3156.16400000	3148.67600000	3124.13600000	3119.37800000	3255.63000000	3254.01600000	3232.19500000	3228.09960000
3006956521.73913050	3196.96800000	3188.18600000	3202.36400000	3204.19400000	3290.84600000	3290.94600000	3224.53400000	3221.64000000	3172.57600000	3167.80600000	3252.65400000	3246.76000000	3242.43600000	3235.47800000	3183.28600000	3184.86800000	3245.56200000	3243.28000000	3268.92200000	3265.05200000	3228.01480000	3224.82100000
3007959866.22073555	3223.33400000	3219.75200000	3275.69200000	3272.17800000	3299.50000000	3296.45200000	3232.91800000	3228.99400000	3206.91400000	3203.90800000	3110.75200000	3110.64000000	3117.50800000	3113.32200000	3140.48600000	3141.44000000	3203.75000000	3203.89600000	3231.33200000	3223.54000000	3204.21860000	3201.41220000
3008963210.70234108	3211.78000000	3206.27400000	3238.68200000	3237.89600000	3292.62000000	3288.68200000	3234.92600000	3229.38000000	3211.35000000	3207.65200000	3134.12600000	3133.29800000	3150.69400000	3145.88200000	3138.05800000	3127.95200000	3210.02800000	3204.13800000	3229.15200000	3223.00800000	3205.14160000	3200.41620000
3009966555.18394661	3199.53600000	3196.57600000	3303.04800000	3300.50000000	3313.35000000	3312.71600000	3184.84400000	3180.35000000	3219.71600000	3219.87600000	3091.30200000	3090.75600000	3105.51400000	3102.11200000	3119.82600000	3116.60200000	3265.27000000	3264.73200000	3236.17600000	3233.77000000	3203.85820000	3201.79900000
3010969899.66555166	3186.58200000	3181.75000000	3213.24200000	3212.37800000	3251.01400000	3244.73800000	3238.24600000	3233.03600000	3180.29400000	3177.94400000	3188.07800000	3185.80800000	3214.17400000	3209.06000000	3132.25200000	3125.71600000	3250.66400000	3250.54400000	3250.33000000	3243.60600000	3210.48760000	3206.45800000
3011973244.14715719	3207.17000000	3209.48800000	3223.66200000	3225.88000000	3264.99400000	3266.41400000	3239.75600000	3240.50600000	3208.17400000	3207.98000000	3147.04400000	3148.39600000	3167.06400000	3169.98000000	3124.56400000	3122.23200000	3234.18200000	3226.89600000	3240.48800000	3241.70600000	3205.70980000	3205.94780000
3012976588.62876272	3162.21000000	3157.45200000	3282.61200000	3281.72000000	3326.67000000	3317.36600000	3178.84600000	3178.98200000	3285.88200000	3280.46000000	3173.75000000	3165.23400000	3106.72600000	3112.88800000	3170.17600000	3170.27600000	3132.51600000	3130.45200000	3225.83400000	3226.14600000	3204.52220000	3202.09760000
3013979933.11036777	3252.65200000	3251.05200000	3231.38600000	3230.86000000	3268.85800000	3265.06800000	3184.42400000	3182.34200000	3225.28600000	3219.91600000	3225.49600000	3223.00200000	3181.20400000	3179.79200000	3125.73200000	3120.91200000	3281.98000000	3282.73800000	3168.46600000	3164.53800000	3214.54840000	3212.02200000
3014983277.59197330	3195.68400000	3196.94200000	3279.84800000	3279.94800000	3285.86000000	3285.24600000	3254.50600000	3251.53800000	3305.01400000	3301.36600000	3218.15800000	3214.39600000	3166.63800000	3168.02800000	3208.73400000	3207.02800000	3144.03000000	3139.96200000	3188.97000000	3184.70000000	3224.74420000	3222.91540000
3015986622.07357883	3233.07400000	3226.29000000	3280.33200000	3281.78400000	3294.55200000	3293.61200000	3235.65200000	3232.87000000	3219.10800000	3215.63600000	3114.47800000	3113.68000000	3117.82800000	3119.87200000	3142.51800000	3134.87400000	3207.78400000	3200.89000000	3231.46000000	3228.29600000	3207.67860000	3204.78040000
3016989966.55518389	3186.67200000	3184.17600000	3279.89400000	3274.76200000	3276.15000000	3269.10800000	3220.69200000	3221.50400000	3196.97200000	3194.86200000	3092.58000000	3087.56800000	3110.68000000	3110.95400000	3123.90400000	3121.59600000	3196.28800000	3197.10800000	3217.60600000	3214.30000000	3190.14380000	3187.59380000
3017993311.03678942	3198.60600000	3195.26000000	3301.69600000	3292.69000000	3312.35400000	3308.33000000	3190.64200000	3182.99000000	3215.01800000	3214.40600000	3083.42800000	3079.75800000	3106.68000000	3104.88200000	3117.99200000	3112.34200000	3261.38400000	3256.82200000	3237.38200000	3234.04000000	3202.51820000	3198.15200000
3018996655.51839447	3179.30200000	3176.96400000	3299.30000000	3296.10200000	3306.18200000	3304.44200000	3173.14200000	3171.50600000	3269.64000000	3264.01800000	3137.25400000	3134.15200000	3108.09600000	3102.56000000	3177.80200000	3173.04800000	3215.73800000	3213.52800000	3224.32400000	3218.34400000	3209.07800000	3205.46640000
3020000000.00000000	3157.01600000	3158.81000000	3270.37800000	3268.66200000	3334.61400000	3332.11000000	3189.40600000	3184.16600000	3294.16200000	3288.72800000	3171.56200000	3174.27200000	3128.00600000	3124.48800000	3159.46000000	3159.51800000	3133.95400000	3130.48000000	3222.32400000	3222.15400000	3206.08820000	3204.33880000
