freq	PL_sig1	PL_ref1	PL_sig2	PL_ref2	PL_sig3	PL_ref3	PL_sig4	PL_ref4	PL_sig5	PL_ref5	PL_sig6	PL_ref6	PL_sig7	PL_ref7	PL_sig8	PL_ref8	PL_sig9	PL_ref9	PL_sig10	PL_ref10	avgPL_sig	avgPL_ref
2720000000.00000000	2640.91600000	2642.78800000	2654.64200000	2656.31800000	2601.40200000	2602.86200000	2612.73600000	2610.33400000	2614.90600000	2617.46200000	2609.81400000	2605.65000000	2615.12800000	2619.23400000	2589.42400000	2589.37800000	2616.98200000	2616.93200000	2598.94200000	2597.21800000	2615.48920000	2615.81760000
2721003344.48160553	2626.09200000	2624.18800000	2699.56200000	2700.26000000	2628.42600000	2631.78800000	2614.05000000	2614.52000000	2613.68800000	2612.99600000	2619.43800000	2621.51200000	2615.64600000	2613.88600000	2661.19600000	2654.38200000	2604.87800000	2600.32200000	2607.30000000	2609.15800000	2629.02760000	2628.30120000
2722006688.96321058	2667.35200000	2670.51800000	2628.95600000	2626.72600000	2608.59800000	2606.18600000	2606.71800000	2608.49000000	2619.80600000	2616.01400000	2610.76800000	2610.61000000	2614.27000000	2612.28400000	2600.73000000	2601.10800000	2599.70200000	2600.15800000	2595.54000000	2597.98400000	2615.24400000	2615.00780000
2723010033.44481611	2641.63800000	2634.28000000	2656.10400000	2650.38200000	2611.04600000	2606.48000000	2612.20800000	2613.48000000	2617.61000000	2618.08600000	2604.84400000	2605.05800000	2613.62600000	2611.45800000	2590.18800000	2590.13600000	2613.37600000	2615.89800000	2598.80800000	2593.64800000	2615.94480000	2613.89060000
2724013377.92642164	2629.34000000	2630.26200000	2633.80800000	2632.53800000	2671.58600000	2673.11600000	2626.11200000	2617.13600000	2639.31200000	2633.12400000	2656.52000000	2657.47600000	2617.20000000	2614.65600000	2637.71600000	2635.71800000	2572.72600000	2575.87800000	2602.69400000	2603.86200000	2628.70140000	2627.37660000
2725016722.40802670	2622.37800000	2622.02200000	2682.12600000	2674.17200000	2603.71600000	2601.95600000	2612.87600000	2613.28200000	2619.34200000	2626.49600000	2613.79400000	2609.04200000	2599.51600000	2600.90400000	2640.19800000	2634.63600000	2605.29800000	2601.53400000	2609.84200000	2609.17800000	2620.90860000	2619.32220000
2726020066.88963223	2617.01000000	2611.01200000	2647.20000000	2649.49000000	2680.33600000	2679.94000000	2606.84600000	2602.54400000	2609.73600000	2606.49800000	2660.67400000	2654.78000000	2608.20200000	2611.02400000	2634.57200000	2630.85000000	2560.99400000	2560.85400000	2575.62800000	2577.92200000	2620.11980000	2618.49140000
2727023411.37123728	2623.71600000	2623.47400000	2692.07600000	2683.82200000	2674.69800000	2672.60600000	2603.71200000	2601.42000000	2613.77400000	2615.09800000	2639.25000000	2635.33800000	2618.81200000	2617.75800000	2645.97000000	2646.36400000	2575.25200000	2573.34600000	2604.27000000	2599.53400000	2629.15300000	2626.87600000
2728026755.85284281	2616.80200000	2612.49600000	2645.74800000	2643.10200000	2680.94400000	2678.50200000	2601.86200000	2601.14400000	2610.84200000	2607.37800000	2650.71600000	2652.47400000	2604.04600000	2604.46400000	2630.44800000	2637.18200000	2557.80800000	2556.94000000	2582.06600000	2582.88600000	2618.12820000	2617.65680000
2729030100.33444834	2668.21800000	2665.63800000	2631.04600000	2627.13800000	2605.62400000	2606.02600000	2612.33800000	2611.29400000	2605.86200000	2603.88400000	2626.67600000	2625.81000000	2598.28600000	2598.95600000	2608.31200000	2603.93800000	2600.82200000	2601.40200000	2599.60600000	2596.77400000	2615.67900000	2614.08600000
2730033444.81605339	2631.67200000	2627.97800000	2708.73600000	2708.03800000	2643.31400000	2641.09000000	2617.48800000	2618.77000000	2628.65800000	2625.66600000	2617.75600000	2620.34200000	2635.14200000	2630.19400000	2659.89000000	2659.64400000	2592.98200000	2597.49800000	2611.68400000	2611.91800000	2634.73220000	2634.11380000
2731036789.29765892	2661.81800000	2664.05600000	2631.36800000	2624.29200000	2615.83200000	2610.60800000	2606.63600000	2602.55200000	2621.34200000	2614.44600000	2607.31600000	2608.02000000	2613.77800000	2606.17600000	2600.35600000	2603.56000000	2587.53600000	2584.85000000	2597.53000000	2595.33800000	2614.35120000	2611.38980000
2732040133.77926445	2651.36800000	2650.17200000	2623.84200000	2620.58400000	2603.74000000	2602.99600000	2625.19000000	2623.41000000	2675.65400000	2677.33200000	2644.06800000	2641.81200000	2634.28400000	2629.71600000	2617.90200000	2610.93200000	2591.85800000	2588.53800000	2604.50200000	2603.33000000	2627.24080000	2624.88220000
2733043478.26086950	2623.30800000	2621.09800000	2671.19400000	2667.55600000	2606.78400000	2601.49800000	2611.22000000	2610.68400000	2626.73200000	2626.35800000	2606.65200000	2609.40200000	2597.18800000	2596.83200000	2638.87800000	2637.73400000	2607.12600000	2604.38800000	2609.40200000	2608.35600000	2619.84840000	2618.39060000
2734046822.74247503	2651.74200000	2650.87200000	2615.21800000	2610.22000000	2607.21600000	2603.12000000	2608.97600000	2610.42000000	2646.18600000	2643.01800000	2608.12400000	2606.29200000	2619.08200000	2620.20200000	2613.58800000	2611.16800000	2582.93000000	2582.78200000	2609.47000000	2607.02200000	2616.25320000	2614.51160000
2735050167.22408009	2629.51600000	2626.82600000	2704.79800000	2697.60000000	2627.27200000	2630.15800000	2616.12600000	2616.43400000	2616.53600000	2612.22200000	2623.76200000	2625.75800000	2613.16600000	2612.93200000	2660.80600000	2660.86200000	2607.20600000	2604.89800000	2616.53800000	2611.36400000	2631.57260000	2629.90540000
2736053511.70568562	2650.04400000	2650.19400000	2616.32200000	2613.84000000	2603.36600000	2604.82400000	2610.79200000	2605.14400000	2652.06800000	2650.46800000	2622.97200000	2624.87000000	2619.08200000	2618.85600000	2616.07000000	2619.68600000	2579.77000000	2578.98000000	2599.64000000	2596.13000000	2617.01260000	2616.29920000
2737056856.18729115	2635.62000000	2633.51600000	2617.10400000	2619.75800000	2643.16800000	2637.84800000	2642.87800000	2641.67800000	2628.18800000	2624.90600000	2670.97200000	2670.27800000	2681.76400000	2671.36200000	2625.64400000	2623.09200000	2596.48200000	2599.66200000	2608.63400000	2610.42400000	2635.04540000	2633.25240000
2738060200.66889620	2665.10400000	2663.83000000	2622.56400000	2620.65400000	2612.39600000	2608.94600000	2606.12000000	2608.50200000	2615.62000000	2615.17600000	2611.83800000	2608.60000000	2610.26400000	2609.66200000	2600.98600000	2602.01600000	2604.88800000	2601.75000000	2593.98400000	2592.14200000	2614.37640000	2613.12780000
2739063545.15050173	2649.26600000	2646.38000000	2620.56400000	2619.57200000	2604.44000000	2607.73600000	2614.94200000	2612.88400000	2663.10600000	2662.70800000	2635.83400000	2634.37200000	2622.23800000	2620.55800000	2618.23200000	2614.11000000	2580.38800000	2585.72200000	2603.37200000	2605.89800000	2621.23820000	2620.99400000
2740066889.63210726	2640.98200000	2638.08200000	2658.69600000	2657.10400000	2607.22200000	2604.02600000	2616.58000000	2610.92400000	2618.37800000	2618.57600000	2603.77400000	2604.52000000	2619.78600000	2611.86000000	2594.10400000	2593.55400000	2613.88800000	2615.90600000	2595.55800000	2588.52800000	2616.89680000	2614.30800000
2741070234.11371231	2658.86200000	2655.99200000	2621.46800000	2619.83400000	2607.82400000	2603.25600000	2600.55200000	2599.60200000	2609.54800000	2608.09400000	2618.17000000	2618.49800000	2605.47800000	2601.64600000	2596.58600000	2591.70800000	2602.69200000	2598.32800000	2591.55000000	2586.60400000	2611.27300000	2608.35620000
2742073578.59531784	2626.22400000	2630.23000000	2633.86400000	2632.16400000	2676.55000000	2674.11200000	2614.32000000	2615.95400000	2643.72600000	2642.38800000	2657.88200000	2654.75000000	2610.38600000	2605.27000000	2626.11600000	2628.27800000	2572.94600000	2574.40600000	2604.30400000	2601.59000000	2626.63180000	2625.91420000
2743076923.07692289	2627.14000000	2626.25600000	2668.35000000	2662.12800000	2602.52000000	2601.78800000	2625.93800000	2622.40400000	2622.52000000	2622.46400000	2595.10400000	2600.34800000	2600.68000000	2602.59000000	2660.04400000	2658.66400000	2622.90800000	2623.82800000	2596.42400000	2598.20000000	2622.16280000	2621.86700000
2744080267.55852842	2631.39800000	2629.88200000	2669.57400000	2669.42800000	2606.45000000	2606.89000000	2625.52800000	2621.63400000	2629.17600000	2626.97000000	2607.94600000	2612.45000000	2602.98200000	2604.98200000	2639.43000000	2642.61600000	2617.65400000	2613.75800000	2610.07800000	2610.66600000	2624.02160000	2623.92760000
2745083612.04013395	2643.84800000	2639.05200000	2659.49000000	2654.80800000	2613.67000000	2612.91600000	2612.32200000	2610.27600000	2617.45600000	2618.86400000	2606.14000000	2602.88400000	2614.92200000	2615.87200000	2594.05600000	2595.23000000	2616.47200000	2612.78000000	2592.72200000	2587.83600000	2617.10980000	2615.05180000
2746086956.52173901	2617.19600000	2616.32800000	2639.72000000	2637.01200000	2676.15600000	2675.14600000	2609.66800000	2605.37600000	2618.87800000	2618.80600000	2649.28200000	2647.76000000	2598.14600000	2602.24200000	2637.21200000	2636.32000000	2563.77200000	2561.86400000	2586.05600000	2585.13400000	2619.60860000	2618.59880000
2747090301.00334454	2625.83200000	2622.64400000	2678.43400000	2680.41600000	2680.25800000	2678.28600000	2603.78400000	2603.19200000	2626.31000000	2620.25600000	2634.57000000	2631.18200000	2616.42000000	2614.18200000	2654.16200000	2650.79400000	2576.67000000	2572.59000000	2602.36600000	2602.38800000	2629.88060000	2627.59300000
2748093645.48495007	2644.18600000	2638.10600000	2611.91800000	2614.27600000	2615.96800000	2619.64000000	2627.18000000	2624.52800000	2660.63000000	2658.94800000	2673.38600000	2675.31800000	2660.57400000	2663.04000000	2613.52600000	2615.49200000	2601.48800000	2597.87400000	2599.18400000	2598.12400000	2630.80400000	2630.53460000
2749096989.96655512	2625.37200000	2627.01400000	2690.51000000	2689.79800000	2615.94000000	2616.35400000	2617.72000000	2618.45600000	2619.91000000	2623.67600000	2618.04000000	2618.01200000	2603.05800000	2603.61000000	2640.15000000	2641.04800000	2614.73400000	2609.40800000	2619.09400000	2616.25400000	2626.45280000	2626.36300000
2750100334.44816065	2652.88600000	2654.79400000	2618.46200000	2619.07600000	2607.43000000	2604.28000000	2594.53000000	2598.40800000	2613.41200000	2613.36400000	2611.21000000	2607.69600000	2604.33400000	2598.21400000	2595.97600000	2595.17400000	2599.27600000	2597.73400000	2588.49000000	2584.67000000	2608.60060000	2607.34100000
2751103678.92976570	2634.44400000	2633.66400000	2655.40400000	2653.10000000	2600.52600000	2596.28600000	2603.37400000	2607.16200000	2622.23000000	2616.66400000	2616.70400000	2616.68800000	2627.73000000	2627.45000000	2595.40000000	2596.36200000	2611.75800000	2612.25600000	2602.28200000	2603.89800000	2616.98520000	2616.35300000
2752107023.41137123	2620.59800000	2619.92800000	2673.61000000	2676.61400000	2667.10200000	2663.47200000	2606.88000000	2606.48800000	2616.62000000	2616.75400000	2636.86200000	2635.14200000	2604.46400000	2609.83800000	2659.10000000	2655.44200000	2565.86000000	2570.88600000	2604.71600000	2604.37600000	2625.58120000	2625.89400000
2753110367.89297676	2633.83400000	2635.72200000	2644.14400000	2639.27200000	2593.79800000	2588.54600000	2611.59400000	2608.23400000	2619.97200000	2622.42600000	2639.30800000	2639.22600000	2626.42000000	2624.97800000	2607.72000000	2606.49600000	2623.07800000	2624.46600000	2605.82600000	2600.62600000	2620.56940000	2618.99920000
2754113712.37458181	2623.80600000	2623.80600000	2675.97800000	2671.41000000	2677.35000000	2676.40800000	2611.63000000	2612.69800000	2612.44800000	2611.65000000	2652.58800000	2648.53000000	2609.54200000	2608.94400000	2645.58200000	2646.93000000	2565.80400000	2562.90000000	2586.08400000	2586.98400000	2626.08120000	2625.02600000
2755117056.85618734	2655.48200000	2652.77200000	2621.07800000	2617.99000000	2603.03800000	2596.94400000	2597.06200000	2598.38800000	2611.46400000	2612.35600000	2613.02600000	2610.95800000	2605.73800000	2602.44400000	2597.51600000	2595.41200000	2598.85200000	2600.85600000	2590.49600000	2587.78200000	2609.37520000	2607.59020000
2756120401.33779287	2655.03600000	2654.79800000	2617.30600000	2617.78400000	2606.32800000	2601.99600000	2625.30200000	2620.67800000	2681.40600000	2678.36200000	2650.94400000	2648.44800000	2636.69600000	2635.07200000	2614.12000000	2615.10000000	2596.63200000	2591.65800000	2607.69000000	2606.97200000	2629.14600000	2627.08680000
2757123745.81939793	2622.40600000	2620.30000000	2673.71400000	2670.22000000	2669.42600000	2662.54200000	2606.27800000	2603.51200000	2612.12600000	2612.29200000	2637.22600000	2632.86800000	2603.35000000	2602.36200000	2655.36400000	2655.32800000	2562.67800000	2560.38400000	2602.32000000	2600.70400000	2624.48880000	2622.05120000
2758127090.30100346	2655.43400000	2654.22000000	2620.25000000	2622.87400000	2606.31600000	2605.65600000	2600.52400000	2603.19600000	2607.96000000	2604.70800000	2616.93200000	2614.98000000	2606.88600000	2601.73400000	2594.70400000	2593.98000000	2599.44800000	2597.83800000	2589.61000000	2589.64400000	2609.80640000	2608.88300000
2759130434.78260851	2644.43600000	2641.27000000	2658.11600000	2651.88800000	2598.93400000	2595.01000000	2616.35000000	2612.44200000	2624.99200000	2617.45200000	2630.84400000	2630.90000000	2646.49200000	2644.36600000	2611.08400000	2609.48800000	2623.05000000	2621.65600000	2609.62400000	2605.47000000	2626.39220000	2622.99420000
2760133779.26421404	2636.10600000	2632.40000000	2627.13000000	2622.82200000	2610.33800000	2602.43200000	2620.58600000	2619.77600000	2635.46400000	2634.36400000	2609.08600000	2607.54200000	2612.07400000	2611.95600000	2595.34400000	2597.37200000	2618.44600000	2612.22400000	2599.57800000	2601.03800000	2616.41520000	2614.19260000
2761137123.74581957	2627.28800000	2628.41400000	2660.50200000	2657.05000000	2611.04200000	2604.34800000	2618.58400000	2621.00800000	2620.87200000	2619.39400000	2595.78800000	2597.03000000	2600.24600000	2598.20800000	2663.62400000	2661.88600000	2629.65000000	2631.51400000	2607.02200000	2603.95400000	2623.46180000	2622.28060000
2762140468.22742462	2630.94400000	2627.67000000	2693.46000000	2694.49800000	2676.47800000	2677.66800000	2606.08800000	2604.15400000	2610.81400000	2615.40600000	2635.22400000	2634.00200000	2622.03400000	2619.35600000	2646.39000000	2648.31800000	2579.82000000	2578.14600000	2607.22200000	2606.53400000	2630.84740000	2630.57520000
2763143812.70903015	2626.67000000	2625.56000000	2648.65000000	2646.01400000	2609.31000000	2600.02800000	2619.47600000	2621.36600000	2634.58800000	2633.42000000	2601.99800000	2605.01800000	2599.63400000	2599.68400000	2644.65600000	2648.09600000	2625.83000000	2625.86800000	2612.86200000	2607.31400000	2622.36740000	2621.23680000
2764147157.19063568	2659.26200000	2655.25600000	2634.87600000	2631.90600000	2615.69400000	2615.50200000	2612.60000000	2608.70200000	2616.41600000	2614.24600000	2626.01000000	2623.23600000	2600.04200000	2599.12200000	2612.63600000	2606.88800000	2594.70400000	2598.52000000	2600.93400000	2597.64200000	2617.31740000	2615.10200000
2765150501.67224073	2626.51400000	2626.11200000	2697.34400000	2696.08600000	2620.73400000	2623.21600000	2612.72800000	2615.82200000	2617.90600000	2620.90600000	2627.53000000	2624.96600000	2605.33200000	2604.66400000	2654.91800000	2652.31200000	2609.21400000	2606.84200000	2615.22800000	2607.00200000	2628.74480000	2627.79280000
2766153846.15384626	2633.83000000	2629.89200000	2639.01800000	2634.71600000	2603.95000000	2599.55000000	2619.25000000	2616.07000000	2633.27600000	2632.04600000	2621.51600000	2620.89800000	2618.93800000	2615.21800000	2597.81000000	2591.96200000	2618.34200000	2617.78400000	2605.58400000	2604.29200000	2619.15140000	2616.24280000
2767157190.63545132	2651.42000000	2650.30600000	2626.49800000	2630.67200000	2606.10800000	2603.61600000	2607.75800000	2605.11000000	2606.51200000	2609.44000000	2624.06000000	2627.35200000	2595.26000000	2595.05400000	2612.89800000	2610.16400000	2587.23400000	2590.22200000	2596.34200000	2593.39800000	2611.40900000	2611.53340000
2768160535.11705685	2645.78200000	2646.80600000	2621.71000000	2622.19000000	2601.55600000	2597.70600000	2612.99600000	2610.57800000	2655.54600000	2652.32200000	2626.08600000	2625.23600000	2618.26800000	2617.58600000	2622.64000000	2621.85000000	2583.95200000	2582.78400000	2596.65800000	2597.52200000	2618.51940000	2617.45800000
2769163879.59866238	2663.65800000	2660.50000000	2634.99400000	2629.78600000	2605.73000000	2606.79600000	2616.71000000	2610.04800000	2611.38400000	2607.24400000	2628.07800000	2629.25400000	2600.77600000	2598.84600000	2611.07000000	2608.54800000	2598.23200000	2601.19800000	2596.71800000	2594.17800000	2616.73500000	2614.63980000
2770167224.08026743	2619.27800000	2618.75600000	2678.37600000	2679.32200000	2608.73600000	2607.18800000	2610.98200000	2615.04200000	2623.10600000	2620.65800000	2611.07200000	2609.75800000	2596.20000000	2595.38600000	2636.57400000	2635.40800000	2606.64200000	2606.77800000	2607.67800000	2605.76200000	2619.86440000	2619.40580000
2771170568.56187296	2625.88000000	2620.51400000	2629.56000000	2636.01200000	2610.66200000	2610.63600000	2622.55400000	2620.11000000	2634.73400000	2631.33600000	2606.57800000	2607.58000000	2614.34000000	2616.93800000	2610.59400000	2610.63400000	2628.53800000	2632.19400000	2591.26000000	2591.06200000	2617.47000000	2617.70160000
2772173913.04347849	2645.00400000	2643.19000000	2614.07800000	2617.47800000	2634.20400000	2629.77800000	2630.97200000	2628.79400000	2647.16400000	2645.83200000	2678.29000000	2675.10600000	2677.33600000	2673.18400000	2619.04400000	2619.84000000	2603.31400000	2605.55800000	2591.49200000	2594.39200000	2634.08980000	2633.31520000
2773177257.52508354	2640.18400000	2637.72200000	2661.04200000	2662.47800000	2606.90000000	2601.84600000	2607.50200000	2608.27600000	2629.78800000	2624.06600000	2618.01800000	2618.18000000	2628.35800000	2627.72400000	2596.33800000	2597.96000000	2616.07200000	2617.44600000	2608.99600000	2605.50200000	2621.31980000	2620.12000000
2774180602.00668907	2646.69400000	2645.55000000	2614.06800000	2612.14400000	2606.98800000	2606.77800000	2610.44000000	2603.56000000	2650.25200000	2650.26600000	2619.65000000	2616.36600000	2618.01400000	2618.09000000	2617.29200000	2615.43200000	2584.49400000	2579.29000000	2599.40600000	2603.46800000	2616.72980000	2615.09440000
2775183946.48829412	2635.65800000	2632.78800000	2638.88000000	2640.35000000	2592.91600000	2585.65400000	2614.06600000	2610.11800000	2616.43400000	2612.91000000	2627.46200000	2629.12600000	2630.11000000	2626.54000000	2605.53600000	2605.87400000	2623.24000000	2620.62000000	2598.73000000	2598.61400000	2618.30320000	2616.25940000
2776187290.96989965	2656.92600000	2657.92600000	2618.64600000	2612.80800000	2609.34000000	2614.05600000	2602.00200000	2602.15400000	2636.36000000	2633.56200000	2611.97400000	2611.61200000	2620.50800000	2620.13800000	2609.81600000	2610.91400000	2584.67000000	2586.05200000	2601.65200000	2601.96800000	2615.18940000	2615.11900000
2777190635.45150518	2644.35800000	2643.72000000	2656.83000000	2660.18200000	2615.75800000	2610.30600000	2607.65000000	2608.95400000	2628.37000000	2621.43600000	2602.48400000	2596.89000000	2621.54400000	2622.34800000	2598.74400000	2595.84000000	2612.56400000	2608.86000000	2589.58000000	2584.72000000	2617.78820000	2615.32560000
2778193979.93311024	2627.73200000	2627.12600000	2670.61000000	2673.21200000	2603.06800000	2605.07800000	2619.10800000	2613.33200000	2633.34200000	2625.37200000	2611.11200000	2611.13200000	2597.17000000	2594.36400000	2639.47600000	2637.09400000	2610.99200000	2608.10000000	2610.05000000	2609.52800000	2622.26600000	2620.43380000
2779197324.41471577	2655.02400000	2652.06400000	2611.08400000	2613.30000000	2607.83400000	2605.83800000	2604.51800000	2603.04200000	2633.65200000	2633.37000000	2612.67800000	2610.53800000	2617.50000000	2617.65200000	2607.12400000	2604.72600000	2585.88800000	2581.36400000	2597.51000000	2599.14400000	2613.28120000	2612.10380000
2780200668.89632130	2628.35400000	2626.08400000	2635.14600000	2636.98200000	2669.35200000	2664.56800000	2634.00200000	2630.68000000	2630.47600000	2624.89200000	2650.27400000	2652.54000000	2621.80200000	2625.09000000	2629.33400000	2632.59000000	2572.92600000	2569.40000000	2600.69800000	2600.80800000	2627.23640000	2626.36340000
2781204013.37792635	2627.45200000	2626.35200000	2653.56800000	2653.71600000	2606.94000000	2604.03000000	2619.86200000	2619.89000000	2621.95600000	2623.92800000	2598.02400000	2597.97400000	2602.31600000	2604.01400000	2652.63200000	2653.66400000	2637.98800000	2633.01800000	2612.22600000	2607.56600000	2623.29640000	2622.41520000
2782207357.85953188	2664.26800000	2661.60800000	2622.30800000	2618.72800000	2619.87400000	2621.94200000	2599.19600000	2598.02200000	2629.65600000	2629.02000000	2606.86000000	2606.45200000	2615.72200000	2615.62800000	2601.45000000	2601.80400000	2595.29800000	2590.80800000	2604.16200000	2602.26000000	2615.87940000	2614.62720000
2783210702.34113693	2624.70800000	2621.88000000	2676.73600000	2671.31800000	2603.13000000	2604.59000000	2614.10000000	2611.50600000	2623.15200000	2623.48400000	2612.22400000	2607.57000000	2596.42600000	2597.83600000	2633.90400000	2635.64000000	2602.91400000	2606.16000000	2605.56400000	2600.54000000	2619.28580000	2618.05240000
2784214046.82274246	2640.62600000	2636.23200000	2629.25400000	2628.59200000	2603.58800000	2605.82000000	2618.89400000	2622.10800000	2633.59600000	2635.55600000	2612.11200000	2613.27000000	2614.32400000	2616.05000000	2593.67800000	2594.58000000	2616.27000000	2612.63800000	2605.77000000	2603.83200000	2616.81120000	2616.86780000
2785217391.30434799	2626.24400000	2619.03600000	2697.78000000	2691.63200000	2650.55800000	2647.76600000	2605.72400000	2605.49600000	2614.81800000	2614.34200000	2617.40800000	2615.56400000	2631.56400000	2630.09200000	2645.23800000	2641.74400000	2582.63400000	2583.89000000	2612.04000000	2606.31000000	2628.40080000	2625.58720000
2786220735.78595304	2630.59400000	2624.27800000	2636.59000000	2635.70000000	2666.48600000	2661.69200000	2654.93400000	2647.61200000	2634.82400000	2635.56200000	2653.86800000	2650.43600000	2632.74400000	2637.98800000	2626.02600000	2624.36600000	2586.92800000	2584.46800000	2612.05000000	2605.78600000	2633.50440000	2630.78880000
2787224080.26755857	2659.16400000	2656.41600000	2621.89800000	2619.56600000	2603.87400000	2598.38000000	2603.47400000	2603.45200000	2613.84000000	2614.62400000	2608.94000000	2606.18000000	2606.28800000	2606.23600000	2599.13400000	2599.70600000	2599.15000000	2594.94000000	2592.33600000	2592.62600000	2610.80980000	2609.21260000
2788227424.74916410	2638.56600000	2635.29600000	2643.09000000	2643.44000000	2588.34000000	2588.38600000	2616.29600000	2612.23400000	2622.33200000	2618.72600000	2631.56400000	2637.40000000	2634.99200000	2634.65400000	2605.62600000	2606.59800000	2628.80800000	2629.43600000	2605.91400000	2605.91000000	2621.55280000	2621.20800000
2789230769.23076916	2621.95200000	2620.11000000	2701.69000000	2699.50800000	2645.30600000	2646.02400000	2610.59000000	2608.07800000	2623.69800000	2614.97200000	2621.85800000	2617.06800000	2633.45800000	2628.97000000	2649.57000000	2646.07000000	2583.67800000	2583.23600000	2609.94400000	2607.61000000	2630.17440000	2627.16460000
2790234113.71237469	2655.38000000	2648.72600000	2621.26600000	2620.40400000	2607.71200000	2605.22200000	2597.97000000	2598.03000000	2609.15000000	2607.87800000	2612.14200000	2610.20200000	2601.24000000	2596.37200000	2596.16800000	2593.64600000	2601.99400000	2597.87000000	2584.02200000	2583.90800000	2608.70440000	2606.22580000
2791237458.19397974	2618.14400000	2615.70200000	2661.00800000	2659.77400000	2678.20200000	2676.11000000	2606.02200000	2602.42000000	2609.14000000	2608.28000000	2649.97000000	2650.76000000	2603.40200000	2605.18600000	2641.19400000	2638.03200000	2556.69400000	2555.75000000	2581.75800000	2575.53600000	2620.55340000	2618.75500000
2792240802.67558527	2617.60200000	2617.28200000	2671.52000000	2671.42200000	2674.91000000	2678.31400000	2607.19200000	2612.24600000	2608.60000000	2605.18600000	2651.57400000	2650.40600000	2607.59600000	2607.86800000	2644.47600000	2641.08400000	2559.82000000	2554.27800000	2582.01800000	2586.44400000	2622.53080000	2622.45300000
2793244147.15719080	2621.60400000	2623.98600000	2693.05000000	2692.33600000	2650.20600000	2650.20200000	2606.48800000	2602.03200000	2613.12600000	2610.98600000	2621.06000000	2618.10800000	2624.59200000	2623.96600000	2637.99800000	2638.16800000	2579.80800000	2582.58200000	2604.16400000	2604.38000000	2625.20960000	2624.67460000
2794247491.63879585	2642.88000000	2640.19400000	2615.60400000	2607.57400000	2604.02000000	2604.84800000	2615.51200000	2615.70000000	2671.33400000	2669.86400000	2653.33200000	2652.10200000	2639.95800000	2634.79000000	2612.37000000	2608.61200000	2593.65800000	2593.62000000	2599.90000000	2600.71000000	2624.85680000	2622.80140000
2795250836.12040138	2626.02800000	2621.32000000	2694.18600000	2691.67000000	2649.41600000	2647.74400000	2607.80200000	2603.02200000	2609.00000000	2611.95000000	2617.92000000	2615.66400000	2625.08600000	2626.86200000	2639.67800000	2641.41000000	2583.22800000	2583.53600000	2606.65400000	2605.85200000	2625.89980000	2624.90300000
2796254180.60200691	2661.10600000	2662.87200000	2629.43200000	2627.93800000	2613.76000000	2611.50000000	2607.22200000	2607.81400000	2626.26200000	2622.06800000	2608.07000000	2604.30200000	2615.76800000	2614.84800000	2598.81800000	2602.40200000	2592.72400000	2588.07600000	2602.33200000	2599.30400000	2615.54940000	2614.11240000
2797257525.08361197	2651.34000000	2652.18000000	2650.36400000	2647.05000000	2626.73000000	2624.15000000	2608.49800000	2606.64600000	2611.34800000	2614.13400000	2602.39000000	2605.63400000	2626.16200000	2622.00800000	2590.55800000	2592.23800000	2618.97200000	2615.28000000	2581.09000000	2583.43400000	2616.74520000	2616.27540000
2798260869.56521749	2634.54400000	2632.22800000	2614.40800000	2609.31800000	2638.33800000	2636.58400000	2639.33200000	2635.31400000	2628.07800000	2628.54200000	2673.01000000	2667.86600000	2673.38400000	2672.47800000	2620.05800000	2615.94800000	2597.65400000	2598.14400000	2600.07400000	2598.17200000	2631.88800000	2629.45940000
2799264214.04682255	2628.13000000	2626.16600000	2704.40000000	2705.52000000	2648.37800000	2648.13800000	2615.87200000	2616.34200000	2624.56400000	2627.72000000	2619.63000000	2620.22200000	2640.34000000	2638.33200000	2655.26400000	2651.21200000	2588.85800000	2585.80400000	2611.64200000	2610.41600000	2633.70780000	2632.98720000
2800267558.52842808	2645.92400000	2642.49400000	2615.35400000	2608.36600000	2608.51600000	2607.82200000	2616.78400000	2617.64200000	2674.61200000	2677.55600000	2656.72800000	2656.38000000	2646.57400000	2643.80600000	2614.55400000	2612.35400000	2597.73200000	2592.84400000	2599.32000000	2597.93000000	2627.60980000	2625.71940000
2801270903.01003361	2645.87000000	2642.29800000	2660.21600000	2657.96000000	2612.33000000	2614.04200000	2612.70000000	2612.47800000	2627.50600000	2623.54200000	2603.66000000	2605.60000000	2613.32200000	2616.40000000	2596.61600000	2589.89000000	2616.17400000	2613.61600000	2592.02400000	2585.12200000	2618.04180000	2616.09480000
2802274247.49163866	2648.90600000	2647.41000000	2610.05600000	2605.01600000	2603.79000000	2600.79600000	2608.13800000	2604.80800000	2641.96200000	2643.79800000	2606.87600000	2607.10200000	2617.44200000	2619.11400000	2612.55600000	2611.55800000	2580.44200000	2578.37600000	2610.76600000	2606.00200000	2614.09340000	2612.39800000
2803277591.97324419	2607.26400000	2609.97000000	2637.74200000	2639.34800000	2685.60400000	2683.96800000	2601.58800000	2602.31200000	2608.62000000	2613.15400000	2650.24800000	2651.50800000	2598.28800000	2601.54600000	2636.09600000	2630.22400000	2556.30200000	2559.50600000	2580.67000000	2581.59000000	2616.24220000	2617.31260000
2804280936.45484972	2625.85400000	2626.89800000	2701.63200000	2702.28400000	2628.71800000	2629.14000000	2618.30200000	2616.06400000	2613.46400000	2616.01200000	2615.92800000	2613.11400000	2620.71000000	2618.97200000	2655.31800000	2657.46000000	2592.91400000	2594.40400000	2609.53600000	2606.19200000	2628.23760000	2628.05400000
2805284280.93645477	2622.00600000	2622.94800000	2668.37600000	2674.57400000	2604.22000000	2606.76200000	2613.66200000	2613.82000000	2624.25600000	2626.89600000	2609.59400000	2604.46200000	2598.06200000	2597.94400000	2636.64400000	2637.28200000	2603.98400000	2603.29000000	2605.07800000	2604.92400000	2618.58820000	2619.29020000
2806287625.41806030	2634.73800000	2630.53200000	2626.51800000	2626.58400000	2613.33800000	2609.86600000	2629.26600000	2625.16800000	2637.59400000	2638.33400000	2612.21000000	2608.46000000	2606.97800000	2605.01200000	2605.51600000	2599.23800000	2613.55600000	2615.01200000	2597.40200000	2595.13200000	2617.71160000	2615.33380000
2807290969.89966536	2628.57800000	2627.15600000	2664.18600000	2664.30000000	2604.73600000	2602.47800000	2624.02200000	2625.67000000	2631.36600000	2629.70600000	2606.55400000	2605.22400000	2608.85000000	2601.92800000	2639.34200000	2640.31200000	2611.92600000	2611.75400000	2600.30600000	2604.50200000	2621.98660000	2621.30300000
2808294314.38127089	2647.65400000	2648.94600000	2632.92800000	2629.71200000	2604.42400000	2601.91800000	2606.99000000	2605.83600000	2606.57000000	2604.74600000	2621.98600000	2621.56400000	2590.82000000	2591.38000000	2609.03200000	2609.84600000	2585.84600000	2586.85200000	2595.52800000	2594.27000000	2610.17780000	2609.50700000
2809297658.86287642	2666.93200000	2658.46600000	2628.55600000	2625.55200000	2616.92000000	2616.65200000	2605.79800000	2605.75200000	2625.12800000	2624.70200000	2608.61400000	2605.15600000	2618.12000000	2620.55400000	2602.88800000	2600.83200000	2591.04000000	2592.62400000	2605.92400000	2606.78200000	2616.99200000	2615.70720000
2810301003.34448147	2640.17800000	2640.22200000	2650.64600000	2644.18200000	2591.76800000	2590.89800000	2610.69800000	2608.01800000	2622.71200000	2619.62000000	2631.56000000	2633.42800000	2636.20800000	2637.39000000	2601.59000000	2600.59800000	2622.67800000	2621.85800000	2603.00600000	2606.74600000	2621.10440000	2620.29600000
2811304347.82608700	2649.33200000	2647.63200000	2649.87000000	2648.76400000	2620.87200000	2620.22400000	2604.05400000	2603.65800000	2612.86800000	2606.41600000	2600.36800000	2596.86200000	2620.32200000	2618.49000000	2591.18800000	2590.86600000	2618.36400000	2616.84000000	2581.24400000	2576.28000000	2614.84820000	2612.60320000
2812307692.30769253	2641.19600000	2639.55000000	2613.28800000	2612.25600000	2619.40800000	2615.08000000	2629.92200000	2627.62400000	2659.39600000	2656.76000000	2674.33800000	2672.89400000	2665.25800000	2665.70400000	2620.49800000	2616.87800000	2600.99600000	2598.86200000	2596.35800000	2596.37000000	2632.06580000	2630.19780000
2813311036.78929758	2621.61400000	2619.99400000	2635.16200000	2627.98200000	2608.41800000	2603.11400000	2619.21000000	2620.79200000	2634.07400000	2630.94800000	2612.12400000	2608.84200000	2603.90200000	2602.63600000	2612.73000000	2609.46800000	2624.55800000	2624.91200000	2590.19600000	2587.70400000	2616.19880000	2613.63920000
2814314381.27090311	2633.36400000	2628.93200000	2643.78000000	2636.67800000	2603.54400000	2596.16600000	2623.77400000	2623.05600000	2634.22000000	2632.33800000	2629.27600000	2626.39000000	2618.77000000	2617.79200000	2599.09400000	2598.71400000	2624.08400000	2623.05600000	2611.19400000	2609.95800000	2622.11000000	2619.30800000
2815317725.75250816	2642.33600000	2640.65200000	2612.72200000	2614.19600000	2615.71800000	2612.93800000	2620.37200000	2619.52800000	2667.64800000	2667.68200000	2671.70400000	2665.92000000	2654.33400000	2654.40600000	2610.65200000	2615.06000000	2593.95600000	2595.41400000	2598.79600000	2599.83000000	2628.82380000	2628.56260000
2816321070.23411369	2631.71000000	2630.90800000	2698.24000000	2695.53600000	2628.05000000	2633.28000000	2619.65400000	2617.12600000	2616.59400000	2613.52000000	2618.64800000	2615.95800000	2620.36600000	2617.45000000	2654.11400000	2657.77400000	2598.00200000	2593.44000000	2610.71800000	2608.81800000	2629.60960000	2628.38100000
2817324414.71571922	2642.80000000	2647.41600000	2610.53200000	2608.14400000	2602.63400000	2603.60000000	2607.49400000	2605.71600000	2649.15600000	2649.24600000	2612.69000000	2612.65200000	2620.84400000	2617.32400000	2616.93400000	2610.71200000	2583.48800000	2581.52000000	2605.35200000	2610.90600000	2615.19240000	2614.72360000
2818327759.19732428	2657.57200000	2657.81600000	2615.56200000	2614.92600000	2614.70000000	2614.38400000	2604.83000000	2603.29400000	2636.11600000	2635.29600000	2607.70000000	2609.70200000	2619.31800000	2614.38000000	2611.03000000	2604.65600000	2595.62400000	2592.72200000	2609.37800000	2601.53000000	2617.18300000	2614.87060000
2819331103.67892981	2625.10600000	2627.47400000	2633.01600000	2632.00600000	2668.10800000	2667.44000000	2625.64600000	2619.64200000	2629.14600000	2631.12400000	2656.57200000	2654.01400000	2612.57800000	2616.86600000	2633.19800000	2632.71200000	2569.88200000	2571.00400000	2603.93000000	2601.04000000	2625.71820000	2625.33220000
2820334448.16053534	2625.74000000	2632.70800000	2651.51400000	2651.49600000	2607.63600000	2608.54600000	2624.71200000	2621.99800000	2632.44400000	2633.69400000	2603.10600000	2601.63400000	2605.16600000	2600.99200000	2649.22600000	2644.42200000	2630.96800000	2626.66600000	2611.91200000	2608.82000000	2624.24240000	2623.09760000
2821337792.64214039	2626.88400000	2626.12200000	2664.49600000	2666.49400000	2600.69600000	2602.16600000	2626.68000000	2622.92400000	2632.70000000	2634.24400000	2602.86600000	2602.39200000	2600.84800000	2603.09800000	2660.63000000	2651.98800000	2621.30800000	2621.33200000	2605.15000000	2604.85200000	2624.22580000	2623.56120000
2822341137.12374592	2642.23000000	2642.16400000	2610.98600000	2612.69600000	2611.34200000	2611.70600000	2616.79200000	2615.03600000	2677.41600000	2671.90200000	2662.35200000	2661.07000000	2647.73200000	2650.84200000	2614.60200000	2611.11400000	2598.30600000	2589.10000000	2601.83600000	2599.29600000	2628.35940000	2626.49260000
2823344481.60535097	2632.35200000	2629.39800000	2635.39800000	2630.89600000	2661.81800000	2664.01800000	2632.88200000	2637.27400000	2632.05800000	2632.43800000	2644.22600000	2654.83200000	2633.11200000	2631.90400000	2632.57400000	2628.55400000	2583.64000000	2585.99000000	2601.95600000	2598.50600000	2629.00160000	2629.38100000
2824347826.08695650	2637.98000000	2643.30000000	2610.23600000	2609.94200000	2624.79200000	2622.86200000	2623.96000000	2627.48000000	2650.72400000	2650.31200000	2674.79600000	2672.82600000	2668.51000000	2668.00800000	2616.78800000	2615.36600000	2609.32600000	2604.60000000	2590.78200000	2597.17600000	2630.78940000	2631.18720000
2825351170.56856203	2649.09600000	2644.75800000	2652.86200000	2656.23800000	2616.12000000	2611.12600000	2613.10200000	2612.36400000	2627.67800000	2626.31000000	2599.04600000	2597.12400000	2630.19000000	2627.35600000	2603.59400000	2602.49200000	2615.29600000	2618.15800000	2586.04000000	2585.85800000	2619.30240000	2618.17840000
2826354515.05016708	2642.11400000	2646.22400000	2630.59400000	2629.41600000	2603.61400000	2602.14600000	2604.69800000	2605.71800000	2604.22400000	2606.27200000	2622.68800000	2623.29600000	2592.11000000	2591.60200000	2611.69200000	2613.07200000	2583.63000000	2585.29600000	2599.31800000	2595.92600000	2609.46820000	2609.89680000
2827357859.53177261	2656.31600000	2655.50400000	2632.57000000	2631.87000000	2602.16000000	2605.80600000	2608.99400000	2609.81200000	2606.04000000	2610.20800000	2628.73200000	2624.52400000	2597.54600000	2598.95800000	2612.54800000	2610.79400000	2594.33200000	2596.28000000	2587.78400000	2589.56000000	2612.70220000	2613.33160000
2828361204.01337814	2657.70800000	2654.14800000	2621.58800000	2622.26200000	2602.62800000	2599.26200000	2603.86200000	2599.38600000	2602.95400000	2601.11200000	2618.97000000	2616.68400000	2602.51600000	2604.33600000	2595.15200000	2593.77400000	2599.18800000	2599.51400000	2592.27000000	2585.89800000	2609.68360000	2607.63760000
2829364548.49498320	2637.20400000	2632.79800000	2642.60400000	2634.18600000	2661.09000000	2653.68000000	2642.06400000	2641.21200000	2639.08400000	2638.88000000	2647.53600000	2642.47200000	2634.10200000	2632.54600000	2629.87600000	2625.92200000	2584.99600000	2585.31000000	2598.87200000	2600.21400000	2631.74280000	2628.72200000
2830367892.97658873	2634.21200000	2634.26600000	2659.19000000	2661.41600000	2598.73800000	2601.19200000	2603.67200000	2604.96000000	2610.47400000	2613.08800000	2618.78800000	2619.83200000	2631.64200000	2631.32200000	2602.12600000	2600.61000000	2608.11600000	2609.64400000	2599.35600000	2603.67800000	2616.63140000	2618.00080000
2831371237.45819378	2613.77400000	2614.13200000	2635.74400000	2635.09400000	2680.85800000	2681.68000000	2603.12400000	2608.37600000	2619.44200000	2618.79200000	2652.26200000	2652.82800000	2600.45600000	2598.65800000	2633.74600000	2632.44400000	2561.94800000	2559.78800000	2584.17600000	2586.58200000	2618.55300000	2618.83740000
2832374581.93979931	2624.08800000	2625.46800000	2690.96600000	2692.65400000	2611.37400000	2615.01000000	2613.11400000	2614.63200000	2618.25000000	2622.80000000	2617.89000000	2619.48800000	2598.21400000	2598.31600000	2634.26800000	2635.82200000	2616.33200000	2613.54800000	2609.41600000	2616.04800000	2623.39120000	2625.37860000
2833377926.42140484	2655.88200000	2658.54200000	2618.82400000	2615.45800000	2611.59200000	2607.98000000	2599.67000000	2599.45800000	2638.73800000	2633.18000000	2610.02800000	2613.07000000	2617.19000000	2617.73000000	2609.24200000	2609.64000000	2581.35800000	2581.68200000	2602.52600000	2602.20400000	2614.50500000	2613.89440000
2834381270.90300989	2611.75200000	2612.62600000	2629.10600000	2639.91000000	2676.12000000	2680.56200000	2607.61800000	2601.70200000	2606.43000000	2604.25400000	2652.34200000	2652.04800000	2600.21600000	2601.18000000	2627.79800000	2634.49400000	2558.08200000	2556.50200000	2580.06800000	2577.94600000	2614.95320000	2616.12240000
2835384615.38461542	2665.91400000	2665.17200000	2627.55600000	2629.05800000	2604.46000000	2606.10800000	2613.25000000	2615.52000000	2602.73800000	2602.72200000	2625.48200000	2623.55800000	2599.11800000	2599.11200000	2600.95600000	2606.19800000	2596.20600000	2597.29800000	2601.08000000	2595.18800000	2613.67600000	2613.99340000
2836387959.86622095	2629.18200000	2632.56200000	2660.73000000	2663.56000000	2601.81600000	2603.45000000	2627.42600000	2627.64600000	2638.22000000	2634.86800000	2605.71400000	2607.22200000	2607.18600000	2606.94800000	2645.78200000	2648.54800000	2620.06000000	2617.45800000	2605.39400000	2611.15600000	2624.15100000	2625.34180000
2837391304.34782600	2629.76000000	2635.20600000	2617.97200000	2621.79800000	2605.74600000	2607.59800000	2623.91800000	2617.33000000	2627.13200000	2629.93400000	2607.16200000	2609.89000000	2606.24200000	2607.20600000	2594.28000000	2594.60400000	2611.08800000	2612.39600000	2595.87400000	2597.67000000	2611.91740000	2613.36320000
2838394648.82943153	2659.13800000	2659.64000000	2618.07200000	2621.13400000	2616.51200000	2615.53200000	2597.47000000	2598.16600000	2632.41400000	2630.57000000	2605.72600000	2604.39800000	2621.32600000	2617.23000000	2604.61200000	2604.30800000	2594.67600000	2591.56600000	2603.29800000	2603.78800000	2615.32440000	2614.63320000
2839397993.31103659	2616.25600000	2616.73400000	2654.05000000	2652.09400000	2683.48000000	2683.10800000	2607.95400000	2607.80800000	2610.92400000	2611.66600000	2662.84000000	2663.13600000	2606.64600000	2606.39600000	2634.98400000	2638.94600000	2561.92200000	2559.89000000	2578.73600000	2584.49000000	2621.77920000	2622.42680000
2840401337.79264212	2649.83600000	2644.68600000	2618.53200000	2623.05000000	2604.37200000	2602.20200000	2618.52800000	2620.29200000	2664.00400000	2664.42800000	2638.63400000	2631.17400000	2632.25200000	2629.74200000	2614.48000000	2615.67400000	2584.66800000	2584.35200000	2605.83400000	2608.95200000	2623.11400000	2622.45520000
2841404682.27424765	2622.90800000	2625.48400000	2678.02600000	2682.38600000	2670.37200000	2671.67200000	2606.11400000	2606.46000000	2617.29800000	2618.11000000	2637.96200000	2635.27600000	2613.39600000	2612.48400000	2658.35400000	2657.67600000	2566.64800000	2569.92200000	2601.95800000	2599.08200000	2627.30360000	2627.85520000
2842408026.75585270	2651.12400000	2644.44200000	2649.01200000	2649.39000000	2618.30000000	2619.24800000	2608.14800000	2605.32800000	2623.23800000	2620.00800000	2599.19400000	2600.98600000	2621.67200000	2622.79400000	2593.28400000	2595.99000000	2625.92000000	2621.67200000	2581.36200000	2583.26800000	2617.12540000	2616.31260000
2843411371.23745823	2641.32400000	2639.51000000	2607.53600000	2611.14400000	2612.96600000	2614.51000000	2618.68800000	2620.39400000	2666.99800000	2662.00600000	2668.01800000	2668.44400000	2656.15800000	2655.63000000	2612.97800000	2611.72600000	2598.82200000	2599.79600000	2590.18600000	2593.46000000	2627.36740000	2627.66200000
2844414715.71906376	2621.25600000	2624.42400000	2632.71400000	2635.13200000	2606.97400000	2606.78800000	2623.01200000	2626.57400000	2631.70000000	2629.28800000	2614.12000000	2614.68800000	2600.39600000	2607.26000000	2619.61000000	2627.04800000	2620.96800000	2626.31200000	2601.75200000	2600.00000000	2617.25020000	2619.75140000
2845418060.20066881	2624.87200000	2627.70000000	2633.22600000	2629.16600000	2659.17800000	2660.19600000	2635.16800000	2634.28000000	2630.17400000	2634.89200000	2646.07600000	2643.11600000	2627.37400000	2630.12000000	2625.44800000	2627.74600000	2581.07000000	2580.91800000	2596.20600000	2597.41800000	2625.87920000	2626.55520000
2846421404.68227434	2623.68400000	2627.84400000	2700.10400000	2701.48000000	2677.73400000	2679.78000000	2603.68400000	2606.55600000	2611.69200000	2609.39600000	2637.16600000	2635.24400000	2622.91600000	2625.62000000	2648.59800000	2649.09600000	2579.10800000	2580.65800000	2603.78400000	2607.32400000	2630.84700000	2632.29980000
2847424749.16387939	2632.07200000	2636.70200000	2611.37200000	2615.06200000	2636.58600000	2636.23400000	2636.96600000	2638.52400000	2633.54000000	2635.24600000	2670.99400000	2675.12400000	2666.35400000	2668.64200000	2619.57800000	2622.34000000	2597.13600000	2601.12400000	2592.39800000	2597.35400000	2629.69960000	2632.63520000
2848428093.64548492	2641.14200000	2642.75800000	2618.94400000	2618.85000000	2600.05200000	2605.42200000	2613.31800000	2613.44000000	2655.72400000	2660.07200000	2629.48200000	2628.04600000	2616.18000000	2619.54400000	2619.99800000	2618.67800000	2580.07400000	2585.85400000	2596.40000000	2597.00600000	2617.13140000	2618.96700000
2849431438.12709045	2636.98200000	2638.69600000	2645.16400000	2647.79400000	2589.12400000	2591.64600000	2607.39000000	2610.66800000	2615.42200000	2621.02800000	2626.68800000	2626.66600000	2637.46800000	2636.90400000	2596.65600000	2600.49400000	2622.32400000	2621.33400000	2605.40200000	2602.13400000	2618.26200000	2619.73640000
2850434782.60869551	2633.80200000	2636.37600000	2660.83400000	2666.65200000	2597.93000000	2602.45200000	2604.31800000	2608.83000000	2611.02600000	2618.46600000	2618.96000000	2620.13200000	2631.58800000	2639.05000000	2607.18800000	2605.57400000	2606.79400000	2612.68000000	2597.24200000	2601.76200000	2616.96820000	2621.19740000
2851438127.09030104	2642.27000000	2644.93200000	2641.61800000	2646.79800000	2612.97200000	2614.51400000	2603.45600000	2605.83600000	2618.83800000	2619.27200000	2593.19000000	2602.68400000	2623.43000000	2626.82400000	2594.20600000	2599.44200000	2615.87600000	2620.51800000	2573.71000000	2575.50200000	2611.95660000	2615.63220000
2852441471.57190657	2623.35400000	2624.74000000	2629.92200000	2629.97800000	2679.10200000	2678.14800000	2609.97200000	2613.23600000	2633.93600000	2642.62400000	2647.29000000	2654.14800000	2606.23400000	2608.15400000	2626.80400000	2629.30400000	2565.19800000	2570.08200000	2601.60600000	2600.74600000	2622.34180000	2625.11600000
2853444816.05351162	2625.02800000	2628.88400000	2629.53600000	2633.22600000	2593.70200000	2594.89400000	2615.15200000	2614.21400000	2628.37000000	2629.67600000	2617.54200000	2620.94400000	2612.28200000	2619.32000000	2590.65400000	2595.25800000	2615.07600000	2614.59800000	2602.55600000	2605.27400000	2612.98980000	2615.62880000
2854448160.53511715	2652.65600000	2656.01000000	2614.76400000	2623.11200000	2601.58200000	2602.75600000	2598.74600000	2601.40800000	2604.62000000	2611.75600000	2614.48200000	2617.06000000	2597.49200000	2602.12200000	2590.74000000	2594.09400000	2596.83800000	2603.93400000	2582.16600000	2584.26800000	2605.40860000	2609.65200000
2855451505.01672220	2629.74600000	2634.58200000	2631.60400000	2635.76400000	2586.01400000	2587.26800000	2605.95000000	2611.47200000	2604.69000000	2615.94600000	2623.19800000	2630.94800000	2618.24200000	2626.23000000	2600.16000000	2600.87600000	2618.43400000	2620.99600000	2591.46600000	2596.12800000	2610.95040000	2616.02100000
2856454849.49832773	2617.56000000	2624.71000000	2651.77600000	2656.78400000	2594.86800000	2602.99600000	2611.35400000	2615.98400000	2607.44800000	2614.12600000	2587.38800000	2595.20400000	2587.64000000	2597.80800000	2651.56400000	2657.54200000	2613.62800000	2619.94600000	2592.34200000	2596.87000000	2611.55680000	2618.19700000
2857458193.97993326	2638.38600000	2644.05800000	2654.89200000	2664.98400000	2606.46400000	2613.81200000	2600.00400000	2615.91200000	2616.42400000	2623.93800000	2594.92200000	2603.82800000	2609.42800000	2616.69400000	2589.16200000	2594.58800000	2609.75200000	2614.25800000	2581.57400000	2589.14000000	2610.10080000	2618.12120000
2858461538.46153831	2641.69600000	2643.36600000	2602.47600000	2609.52600000	2588.85600000	2599.74200000	2600.03000000	2611.46600000	2634.23600000	2645.46600000	2600.39600000	2605.74600000	2605.33400000	2618.57200000	2605.98800000	2607.97000000	2573.58800000	2578.80200000	2599.55400000	2608.20000000	2605.21540000	2612.88560000
2859464882.94314384	2627.46800000	2639.00200000	2635.62400000	2650.09400000	2583.64600000	2595.15800000	2599.84000000	2609.28000000	2606.38800000	2614.87200000	2619.52400000	2633.70200000	2629.53800000	2641.76400000	2592.67600000	2603.12200000	2608.41000000	2615.61800000	2590.65800000	2602.58800000	2609.37720000	2620.52000000
2860468227.42474937	2614.57400000	2627.14600000	2621.37200000	2633.42600000	2637.89400000	2654.65600000	2629.07600000	2636.08400000	2626.45000000	2634.16800000	2634.43200000	2643.01200000	2615.05400000	2629.09200000	2610.45600000	2625.27400000	2569.92200000	2578.40000000	2582.32200000	2597.74800000	2614.15520000	2625.90060000
2861471571.90635443	2614.91400000	2624.60200000	2623.92800000	2637.94800000	2594.47600000	2602.21000000	2606.22400000	2617.62600000	2617.62600000	2628.00800000	2601.21000000	2618.93400000	2584.93000000	2598.35400000	2618.00600000	2626.32400000	2609.99400000	2622.72400000	2589.40000000	2595.51600000	2606.07080000	2617.22460000
2862474916.38795996	2651.43800000	2662.62000000	2616.05600000	2629.68000000	2590.71000000	2604.46800000	2603.80600000	2616.48800000	2587.39000000	2602.18800000	2606.57400000	2620.66000000	2594.47400000	2604.50200000	2587.03800000	2599.05000000	2586.52200000	2602.38600000	2587.80800000	2595.47200000	2601.18160000	2613.75140000
2863478260.86956501	2622.54400000	2633.21800000	2640.81200000	2652.90800000	2589.09600000	2601.53200000	2599.06600000	2612.54200000	2605.12000000	2614.34600000	2591.29000000	2601.27600000	2605.47200000	2612.93800000	2574.79600000	2586.24200000	2602.63400000	2612.11800000	2576.40400000	2595.54800000	2600.72340000	2612.26680000
2864481605.35117054	2615.65600000	2627.54000000	2621.68400000	2630.70000000	2640.38000000	2649.97400000	2617.16400000	2630.95600000	2617.48600000	2628.57400000	2627.33800000	2637.92800000	2615.71000000	2629.41200000	2608.62600000	2624.41600000	2565.44000000	2577.90400000	2578.75200000	2593.74600000	2610.82360000	2623.11500000
2865484949.83277607	2631.79800000	2645.68800000	2603.90000000	2621.16600000	2590.12200000	2604.42200000	2606.57000000	2622.12600000	2656.57000000	2664.37600000	2621.16200000	2636.70800000	2620.22200000	2629.97200000	2596.35600000	2606.72000000	2571.07600000	2582.98600000	2594.09200000	2602.82800000	2609.18680000	2621.69920000
2866488294.31438112	2639.71200000	2650.93200000	2616.25000000	2624.88200000	2592.06200000	2605.51200000	2590.59000000	2603.82200000	2595.72800000	2610.30600000	2611.53600000	2621.46800000	2585.99600000	2596.65600000	2593.40200000	2605.08600000	2580.43200000	2589.12800000	2579.31600000	2596.76800000	2598.50240000	2610.45600000
2867491638.79598665	2620.01600000	2629.36200000	2620.12800000	2631.86000000	2662.07400000	2677.26600000	2601.69600000	2618.97600000	2625.25400000	2639.17600000	2645.16000000	2657.21600000	2603.76800000	2615.31800000	2618.88000000	2635.40000000	2562.15800000	2568.85800000	2588.74200000	2602.99200000	2614.78760000	2627.64240000
2868494983.27759218	2636.27200000	2644.31800000	2646.40200000	2654.03200000	2600.29000000	2609.96200000	2596.22000000	2609.46200000	2611.28200000	2628.16200000	2587.79600000	2599.57200000	2611.44000000	2625.28400000	2587.45600000	2599.12400000	2601.25400000	2614.13000000	2579.24000000	2584.93200000	2605.76520000	2616.89780000
2869498327.75919724	2617.26000000	2624.40600000	2678.14200000	2689.00400000	2600.14800000	2612.27200000	2603.23200000	2613.27400000	2606.88800000	2613.94000000	2608.43600000	2620.64200000	2582.77600000	2599.01600000	2623.58200000	2641.56400000	2597.98600000	2610.11600000	2596.10400000	2605.54000000	2611.45540000	2622.97740000
2870501672.24080276	2641.78200000	2657.45000000	2615.21600000	2622.62400000	2588.25000000	2600.38000000	2597.69600000	2610.47800000	2593.05600000	2601.94400000	2609.00400000	2625.01800000	2584.19800000	2596.01200000	2598.50000000	2610.95200000	2581.91600000	2598.69000000	2579.20800000	2590.22600000	2598.88260000	2611.37740000
2871505016.72240782	2615.87200000	2624.70000000	2616.49600000	2623.71000000	2595.70400000	2610.64000000	2608.16200000	2618.12800000	2625.67400000	2639.52600000	2594.03200000	2605.98000000	2593.43800000	2605.74800000	2587.03400000	2595.14200000	2600.54200000	2616.90200000	2573.69200000	2591.77800000	2601.06460000	2613.22540000
2872508361.20401335	2614.20400000	2629.74000000	2618.60200000	2628.05200000	2597.28200000	2609.75000000	2609.02600000	2618.88400000	2621.27200000	2632.84800000	2592.69000000	2605.74000000	2594.63200000	2608.12600000	2600.34400000	2607.26600000	2614.17800000	2627.30200000	2578.54400000	2593.38200000	2604.07740000	2616.10900000
2873511705.68561888	2622.26800000	2635.70600000	2640.71400000	2654.53200000	2588.14200000	2599.90600000	2589.30600000	2597.74600000	2601.90400000	2616.68400000	2604.12000000	2612.75200000	2614.91800000	2629.48800000	2579.35200000	2596.08400000	2597.60800000	2611.81400000	2585.72400000	2596.98800000	2602.40560000	2615.17000000
2874515050.16722393	2626.41800000	2637.11800000	2638.72000000	2655.03800000	2587.45000000	2601.99400000	2597.95200000	2610.20000000	2600.47200000	2612.96200000	2590.48000000	2600.70400000	2603.05200000	2618.48600000	2579.47600000	2591.47400000	2600.74600000	2611.38800000	2582.91400000	2593.11000000	2600.76800000	2613.24740000
2875518394.64882946	2629.49200000	2640.97800000	2601.44600000	2616.69400000	2621.79000000	2631.00400000	2618.50000000	2630.46600000	2630.31600000	2642.47200000	2662.49800000	2678.51200000	2656.69200000	2670.43400000	2605.62200000	2618.17400000	2591.25600000	2604.60000000	2581.12600000	2595.27200000	2619.87380000	2632.86060000
2876521739.13043499	2611.53200000	2622.82800000	2668.02400000	2686.47600000	2666.71600000	2680.29400000	2589.37200000	2604.43800000	2602.62800000	2618.88800000	2618.91600000	2635.36200000	2602.63400000	2612.66400000	2634.12400000	2648.42600000	2565.96800000	2579.82400000	2587.77400000	2605.21200000	2614.76880000	2629.44120000
2877525083.61204004	2626.63200000	2634.96400000	2638.39400000	2649.09800000	2588.00400000	2601.58200000	2594.65400000	2608.34000000	2599.52200000	2614.26200000	2592.53400000	2608.77400000	2605.23600000	2615.08800000	2579.57000000	2589.81000000	2605.15400000	2616.59000000	2584.84600000	2598.45400000	2601.45460000	2613.69620000
2878528428.09364557	2633.25200000	2649.72800000	2598.38200000	2611.38400000	2588.50600000	2603.15000000	2601.74800000	2613.43400000	2656.65200000	2676.60600000	2638.33400000	2649.16600000	2619.68200000	2634.87200000	2596.22800000	2608.18800000	2579.49000000	2593.26000000	2588.22200000	2603.36800000	2610.04960000	2624.31560000
2879531772.57525063	2634.05800000	2643.61800000	2600.03600000	2609.02400000	2589.18000000	2605.20200000	2592.73000000	2600.23200000	2635.08000000	2647.29000000	2599.65400000	2614.09000000	2604.41000000	2612.50400000	2599.77400000	2612.29800000	2565.39200000	2581.42000000	2590.60000000	2601.10400000	2601.09140000	2612.67820000
2880535117.05685616	2615.22400000	2626.81800000	2618.59400000	2631.51000000	2648.02600000	2656.93400000	2619.66600000	2632.40000000	2608.68200000	2619.64000000	2633.41200000	2645.57400000	2607.99400000	2623.39200000	2616.10600000	2628.06400000	2562.74200000	2574.13600000	2589.36000000	2595.93400000	2611.98060000	2623.44020000
2881538461.53846169	2617.05400000	2624.87200000	2639.96200000	2646.26400000	2591.56400000	2603.38200000	2609.60600000	2622.99400000	2618.19800000	2628.26200000	2588.11600000	2597.51200000	2587.26600000	2600.43400000	2634.78000000	2646.11000000	2618.12200000	2627.83000000	2601.31600000	2613.60600000	2610.59840000	2621.12660000
2882541806.02006674	2646.94000000	2653.27000000	2611.02000000	2613.58600000	2589.52200000	2603.50800000	2587.41800000	2599.96200000	2599.00400000	2604.56400000	2605.05200000	2614.24200000	2588.49200000	2599.06200000	2586.11200000	2592.13600000	2587.13800000	2598.72600000	2574.44000000	2582.50400000	2597.51380000	2606.15600000
2883545150.50167227	2625.74600000	2629.49200000	2620.86000000	2628.58600000	2600.80800000	2610.82000000	2610.26800000	2617.71400000	2630.62600000	2636.31400000	2601.78200000	2611.32800000	2602.09400000	2606.36600000	2597.74600000	2607.92200000	2608.90200000	2621.62000000	2590.39800000	2592.61000000	2608.92300000	2616.27720000
2884548494.98327780	2616.05200000	2624.19400000	2665.99000000	2672.09400000	2671.43000000	2675.78600000	2598.34400000	2607.48400000	2611.19200000	2612.81600000	2641.59000000	2649.95000000	2600.41600000	2608.66600000	2643.27400000	2652.91400000	2560.30400000	2565.31400000	2587.02400000	2592.41800000	2619.56160000	2626.16360000
2885551839.46488285	2621.91400000	2628.78800000	2622.18400000	2627.66000000	2648.79000000	2651.00000000	2649.24200000	2656.71600000	2622.81400000	2631.86800000	2650.53000000	2656.23600000	2644.14200000	2650.72400000	2622.99400000	2626.86400000	2580.86600000	2587.87600000	2602.03600000	2608.51400000	2626.55120000	2632.62460000
2886555183.94648838	2621.50600000	2625.69200000	2628.91200000	2630.20200000	2656.68200000	2658.43000000	2627.19600000	2634.81400000	2616.16600000	2625.46600000	2637.38400000	2647.37800000	2620.31800000	2625.69000000	2625.10800000	2627.02000000	2568.65800000	2574.41400000	2593.67800000	2600.29000000	2619.56080000	2624.93960000
2887558528.42809343	2619.59400000	2619.80400000	2626.12800000	2633.43200000	2603.22400000	2608.92000000	2614.61400000	2618.35800000	2627.99400000	2630.15400000	2607.83400000	2605.80000000	2602.93200000	2605.45800000	2605.71000000	2611.12200000	2621.47600000	2621.25600000	2582.84200000	2589.47600000	2611.23480000	2614.37800000
2888561872.90969896	2649.84000000	2649.83400000	2613.30600000	2618.32600000	2598.11400000	2604.13600000	2615.09200000	2617.49200000	2671.90800000	2679.71400000	2641.49400000	2643.95200000	2624.95800000	2634.04400000	2607.02600000	2609.50200000	2585.34000000	2588.60200000	2593.44400000	2599.95000000	2620.05220000	2624.55520000
2889565217.39130449	2628.60400000	2630.12400000	2706.57600000	2704.63600000	2641.07200000	2648.22800000	2610.52200000	2614.14000000	2618.62600000	2625.20200000	2620.40000000	2620.90400000	2635.99800000	2638.95600000	2653.36200000	2652.50400000	2585.21200000	2592.21000000	2613.91000000	2612.32200000	2631.42820000	2633.92260000
2890568561.87290955	2621.12600000	2624.32200000	2649.82600000	2657.16800000	2602.42600000	2603.43600000	2615.42000000	2614.35000000	2618.27000000	2621.40400000	2598.82800000	2595.34800000	2593.43200000	2600.21000000	2651.30200000	2656.32600000	2629.01600000	2633.78200000	2604.34400000	2611.09000000	2618.39900000	2621.74360000
2891571906.35451508	2630.27000000	2629.04200000	2640.72600000	2640.88200000	2586.62000000	2590.39400000	2606.40000000	2611.51400000	2620.02600000	2618.74400000	2632.44000000	2634.57800000	2616.95800000	2624.78800000	2600.69200000	2604.93200000	2618.35000000	2622.59000000	2600.00200000	2601.07000000	2615.24840000	2617.85340000
2892575250.83612061	2621.22000000	2629.22800000	2631.59000000	2632.89200000	2650.89600000	2653.91600000	2634.13800000	2637.94200000	2636.85800000	2632.81200000	2642.37200000	2646.45600000	2628.96600000	2629.65400000	2621.16400000	2620.02800000	2581.31000000	2585.38800000	2598.01200000	2600.31600000	2624.65260000	2626.86320000
2893578595.31772566	2623.35200000	2627.92600000	2624.04200000	2625.24800000	2651.77800000	2649.22800000	2656.73600000	2655.22400000	2630.88400000	2630.22600000	2650.92200000	2653.89000000	2658.48800000	2661.78000000	2628.73400000	2629.00400000	2585.33400000	2590.47400000	2602.57200000	2606.99000000	2631.28420000	2632.99900000
2894581939.79933119	2622.18400000	2627.91000000	2635.13600000	2627.15600000	2654.74600000	2655.38800000	2639.43000000	2642.33800000	2632.72200000	2636.94400000	2644.36800000	2646.88800000	2630.40800000	2630.51200000	2617.53600000	2620.62400000	2586.21800000	2585.27000000	2597.18200000	2599.01600000	2625.99300000	2627.20460000
2895585284.28093624	2626.23200000	2627.37000000	2680.37600000	2678.61200000	2679.97800000	2681.71400000	2604.63200000	2603.98000000	2624.05200000	2623.87400000	2632.03400000	2631.12400000	2614.20800000	2613.20200000	2655.80600000	2653.47000000	2577.83200000	2579.54400000	2602.34200000	2603.74000000	2629.74920000	2629.66300000
2896588628.76254177	2617.29800000	2618.48800000	2671.66800000	2671.36800000	2663.49800000	2664.63000000	2604.88200000	2603.77600000	2608.78800000	2610.67000000	2638.70800000	2636.94600000	2605.24400000	2603.96600000	2651.57000000	2651.38800000	2556.20400000	2563.78200000	2593.97400000	2596.17200000	2621.18340000	2622.11860000
2897591973.24414730	2629.91000000	2633.08600000	2639.74200000	2640.62400000	2601.04800000	2599.50800000	2620.94000000	2624.66200000	2627.91400000	2635.35400000	2630.41000000	2627.22800000	2620.57800000	2620.71000000	2599.86400000	2599.97600000	2626.35600000	2628.08800000	2611.00600000	2610.19200000	2620.77680000	2621.94280000
2898595317.72575235	2624.73200000	2628.35200000	2647.96400000	2647.75000000	2604.81800000	2603.21400000	2616.06200000	2618.80800000	2630.05200000	2630.89400000	2599.99600000	2600.37600000	2597.28200000	2598.21000000	2649.17200000	2647.39200000	2626.45000000	2628.34200000	2611.66800000	2610.36200000	2620.81960000	2621.37000000
2899598662.20735788	2653.97800000	2652.96800000	2609.63000000	2609.66800000	2602.89200000	2607.01400000	2604.32400000	2601.76000000	2636.38200000	2635.43400000	2608.89800000	2610.00600000	2618.01200000	2620.06800000	2613.04000000	2614.96800000	2582.44800000	2583.05200000	2605.76400000	2604.14800000	2613.53680000	2613.90860000
2900602006.68896341	2637.12400000	2641.32000000	2658.23400000	2656.79400000	2611.31600000	2607.02400000	2608.04400000	2608.91200000	2617.07600000	2614.24600000	2601.03600000	2605.66000000	2612.33000000	2611.58000000	2593.36600000	2595.31800000	2616.23400000	2611.58400000	2590.33600000	2587.57600000	2614.50960000	2614.00140000
2901605351.17056847	2623.60800000	2623.78800000	2632.83400000	2628.72600000	2612.12800000	2614.47600000	2628.13400000	2626.04400000	2637.83600000	2633.67600000	2607.54600000	2614.58600000	2617.96600000	2613.26600000	2612.12200000	2612.29600000	2635.99200000	2632.46000000	2594.16200000	2595.00800000	2620.23280000	2619.43260000
2902608695.65217400	2658.68000000	2662.15800000	2612.57000000	2609.05600000	2608.99800000	2612.02600000	2603.95000000	2607.62400000	2638.49000000	2639.98400000	2611.75200000	2611.62600000	2620.97400000	2619.78800000	2617.53200000	2613.83200000	2584.65400000	2582.38400000	2611.01000000	2602.25200000	2616.86100000	2616.07300000
2903612040.13377905	2635.51600000	2631.45400000	2713.92200000	2714.79800000	2640.31400000	2642.53400000	2627.94800000	2620.10000000	2625.02000000	2623.62400000	2622.51800000	2623.69600000	2633.03000000	2624.97400000	2665.32800000	2664.30400000	2594.73400000	2595.36200000	2614.33400000	2612.05000000	2637.26640000	2635.28960000
2904615384.61538458	2623.13800000	2623.57000000	2680.18400000	2682.91000000	2676.37400000	2676.19800000	2614.96800000	2607.41000000	2622.27800000	2620.72600000	2634.20400000	2630.11200000	2609.38200000	2610.68200000	2661.18000000	2655.66000000	2577.84000000	2575.56400000	2604.52200000	2602.07000000	2630.40700000	2628.49020000
2905618729.09699011	2630.99600000	2626.04000000	2617.70800000	2619.42000000	2648.00400000	2647.44400000	2652.29400000	2657.46600000	2629.85600000	2628.09000000	2656.64200000	2655.53600000	2661.83600000	2660.95400000	2628.89600000	2630.12800000	2592.70800000	2590.56600000	2607.69600000	2610.39000000	2632.66360000	2632.60340000
2906622073.57859516	2633.95000000	2629.06400000	2642.22800000	2640.86200000	2597.08800000	2593.77800000	2619.95800000	2619.42800000	2626.96400000	2628.00800000	2630.14200000	2631.58000000	2621.76600000	2620.09800000	2603.54800000	2601.98000000	2626.74600000	2629.54200000	2610.31200000	2608.07800000	2621.27020000	2620.24180000
2907625418.06020069	2633.38200000	2629.95200000	2709.96600000	2704.76800000	2679.94400000	2680.99600000	2610.97200000	2605.11600000	2616.82400000	2612.13800000	2638.61800000	2638.61800000	2630.84000000	2623.84600000	2648.47400000	2649.36000000	2586.65200000	2587.03800000	2610.89400000	2607.94000000	2636.65660000	2633.97720000
2908628762.54180622	2667.47800000	2666.65400000	2629.14000000	2630.90400000	2606.73800000	2604.74800000	2615.17000000	2612.96600000	2607.45800000	2607.20800000	2625.10000000	2620.13800000	2609.14600000	2609.55200000	2603.36600000	2604.72800000	2604.91000000	2600.61600000	2598.01600000	2597.52200000	2616.65220000	2615.50360000
2909632107.02341127	2627.72800000	2628.35400000	2710.46400000	2710.28600000	2676.18600000	2671.73600000	2608.49600000	2605.43400000	2620.00600000	2614.58800000	2636.28000000	2634.71600000	2626.57600000	2625.23800000	2648.91000000	2650.54000000	2586.81800000	2588.79400000	2613.57800000	2610.78800000	2635.50420000	2634.04740000
2910635451.50501680	2659.00400000	2655.35600000	2648.56400000	2646.34600000	2626.22200000	2627.06600000	2602.93800000	2601.72000000	2608.02800000	2606.18000000	2602.04600000	2604.84800000	2621.56200000	2623.34400000	2591.26000000	2588.58200000	2617.47800000	2614.84200000	2581.85400000	2580.44800000	2615.89560000	2614.87320000
2911638795.98662186	2627.28200000	2630.85200000	2701.64400000	2704.03000000	2660.68000000	2661.24800000	2605.80600000	2605.76200000	2622.25400000	2622.07600000	2630.10000000	2627.37400000	2622.59600000	2627.56000000	2645.20600000	2644.95600000	2584.55200000	2585.06200000	2610.75400000	2614.66400000	2631.08740000	2632.35840000
2912642140.46822739	2627.83600000	2629.72400000	2632.75800000	2629.37400000	2658.09200000	2655.61400000	2660.65600000	2663.21600000	2630.90000000	2629.13800000	2652.04800000	2655.26800000	2649.02200000	2650.64200000	2632.02200000	2627.09600000	2587.82400000	2588.25800000	2611.07000000	2609.06000000	2634.22280000	2633.73900000
2913645484.94983292	2630.45200000	2629.25000000	2636.69200000	2640.99800000	2661.60200000	2663.71000000	2648.27600000	2645.26200000	2642.46600000	2639.91200000	2652.15800000	2652.30600000	2639.49800000	2636.65600000	2622.87400000	2622.19000000	2587.31200000	2587.76600000	2609.80000000	2605.00000000	2633.11300000	2632.30500000
2914648829.43143797	2635.44200000	2633.74800000	2620.94400000	2621.71200000	2641.17400000	2645.24600000	2645.38000000	2647.22600000	2626.61800000	2629.09400000	2672.55000000	2666.56400000	2675.95200000	2678.96000000	2628.49000000	2633.06000000	2600.74200000	2597.83400000	2610.19400000	2610.18400000	2635.74860000	2636.36280000
2915652173.91304350	2630.81400000	2631.00800000	2615.08800000	2618.95600000	2649.89000000	2649.30600000	2652.35400000	2652.07800000	2626.97600000	2629.36600000	2659.02200000	2662.66800000	2674.38800000	2668.93800000	2631.20000000	2629.08400000	2596.83600000	2593.22600000	2607.46800000	2605.64800000	2634.40360000	2634.02780000
2916655518.39464903	2647.54000000	2643.49800000	2652.61000000	2650.87800000	2614.51000000	2612.43400000	2612.42600000	2610.19600000	2624.54000000	2622.55600000	2602.83600000	2595.32400000	2627.36600000	2625.31000000	2602.67600000	2600.27800000	2618.17800000	2615.83800000	2590.23400000	2586.57000000	2619.29160000	2616.28820000
2917658862.87625408	2625.01200000	2626.66200000	2682.72800000	2681.91200000	2679.39200000	2678.13200000	2608.49600000	2608.22600000	2627.26000000	2623.62400000	2640.11600000	2634.81200000	2611.47200000	2609.80800000	2655.95800000	2656.57400000	2581.96000000	2577.79600000	2606.23600000	2605.29000000	2631.86300000	2630.28360000
2918662207.35785961	2662.20800000	2657.93000000	2613.70400000	2613.55800000	2610.01200000	2605.25600000	2605.81800000	2604.54800000	2631.84400000	2631.49800000	2610.03200000	2609.47000000	2618.11400000	2618.94200000	2608.56600000	2605.74800000	2583.31600000	2580.40000000	2599.87400000	2599.84200000	2614.34880000	2612.71920000
2919665551.83946514	2627.85200000	2628.37600000	2652.29400000	2654.60400000	2600.24800000	2603.79600000	2618.45400000	2616.74800000	2617.31600000	2617.32000000	2597.02400000	2594.92400000	2603.40400000	2597.49400000	2656.23600000	2656.76600000	2632.70200000	2629.37000000	2608.78400000	2606.64000000	2621.43140000	2620.60380000
2920668896.32107019	2632.72800000	2628.64600000	2650.61800000	2649.85000000	2611.77400000	2614.28000000	2623.91400000	2624.23600000	2638.34800000	2636.96600000	2608.65200000	2609.76800000	2607.76600000	2604.67800000	2648.04200000	2644.98400000	2626.29400000	2631.42800000	2608.02200000	2607.68000000	2625.61580000	2625.25160000
2921672240.80267572	2629.26200000	2625.57800000	2631.10400000	2632.37600000	2660.40200000	2660.46400000	2650.58000000	2649.09000000	2631.99600000	2634.29200000	2654.45200000	2654.33600000	2642.88400000	2640.35400000	2624.37200000	2622.41000000	2587.50200000	2586.29400000	2604.92200000	2607.02200000	2631.74760000	2631.22160000
2922675585.28428078	2656.97600000	2651.47800000	2620.02000000	2622.80200000	2603.66200000	2604.07200000	2622.80800000	2625.37200000	2680.82200000	2679.30800000	2646.95600000	2644.85000000	2635.58800000	2638.37200000	2614.12000000	2612.19000000	2594.83600000	2590.23200000	2602.86400000	2606.78600000	2627.86520000	2627.54620000
2923678929.76588631	2628.19600000	2628.02800000	2690.38200000	2694.95400000	2622.98400000	2622.15000000	2613.09400000	2611.46800000	2619.93200000	2617.82800000	2626.68400000	2621.76400000	2604.02400000	2602.69000000	2645.90400000	2646.36400000	2608.64800000	2613.13800000	2611.64200000	2611.45200000	2627.14900000	2626.98360000
2924682274.24749184	2615.64600000	2614.93600000	2641.14200000	2636.33200000	2680.32600000	2675.03600000	2607.07200000	2602.35000000	2622.65400000	2620.93400000	2650.10000000	2649.00000000	2601.28400000	2596.68600000	2635.41600000	2635.72200000	2567.30400000	2564.61600000	2586.90400000	2585.42200000	2620.78480000	2618.10340000
2925685618.72909689	2661.23400000	2658.55400000	2617.22000000	2616.50600000	2613.41400000	2613.65000000	2604.41600000	2604.32400000	2636.10800000	2632.39200000	2611.27000000	2606.94400000	2616.78800000	2616.01200000	2610.81200000	2606.23400000	2593.93600000	2592.73200000	2603.73000000	2598.71600000	2616.89280000	2614.60640000
2926688963.21070242	2635.87000000	2635.21000000	2635.30600000	2640.81000000	2589.07200000	2588.40200000	2616.92200000	2613.96400000	2622.14400000	2619.18800000	2631.49000000	2632.45600000	2626.73600000	2626.64200000	2605.32800000	2604.52800000	2624.92400000	2623.20600000	2600.25200000	2602.44400000	2618.80440000	2618.68500000
2927692307.69230747	2638.56400000	2639.51600000	2645.53400000	2642.49600000	2594.51600000	2589.65800000	2615.25400000	2609.82000000	2623.20600000	2621.03000000	2635.41200000	2636.99200000	2633.69200000	2632.54600000	2603.11600000	2604.32000000	2626.03000000	2626.15400000	2604.49600000	2606.40000000	2621.98200000	2620.89320000
2928695652.17391300	2612.92800000	2613.60000000	2637.28600000	2635.93000000	2681.90600000	2685.91200000	2605.38600000	2603.86600000	2616.08400000	2612.20400000	2650.95800000	2650.44600000	2605.10600000	2603.62800000	2632.75600000	2633.04200000	2559.83200000	2561.99200000	2582.91600000	2580.50200000	2618.51580000	2618.11220000
2929698996.65551853	2633.53600000	2637.28800000	2625.55600000	2627.02200000	2612.33000000	2612.65000000	2626.41200000	2621.73200000	2636.81200000	2633.34200000	2609.37800000	2612.56600000	2606.74600000	2606.40400000	2601.54400000	2599.73000000	2612.84800000	2616.11600000	2598.29000000	2598.05000000	2616.34520000	2616.49000000
2930702341.13712358	2665.87600000	2666.31400000	2626.63600000	2623.43000000	2609.89400000	2607.10600000	2606.34400000	2603.89600000	2613.38600000	2613.41800000	2613.62000000	2608.66400000	2610.86400000	2611.04600000	2598.51200000	2596.19800000	2601.60800000	2600.32000000	2597.67200000	2597.12600000	2614.44120000	2612.75180000
2931705685.61872911	2646.35200000	2641.02400000	2655.80000000	2658.31600000	2603.02400000	2600.72200000	2616.88600000	2620.83200000	2626.60000000	2622.93800000	2635.07400000	2634.79200000	2645.97200000	2650.52200000	2612.98000000	2614.09800000	2628.66800000	2625.43800000	2611.11600000	2611.55800000	2628.24720000	2628.02400000
2932709030.10033464	2663.52200000	2660.21400000	2624.97400000	2622.15000000	2618.02600000	2615.83400000	2600.10800000	2599.03600000	2632.42400000	2631.02800000	2603.67400000	2602.93600000	2615.98600000	2614.34400000	2608.51400000	2600.86800000	2596.01200000	2595.33800000	2611.20400000	2605.60600000	2617.44440000	2614.73540000
2933712374.58193970	2657.19600000	2656.43000000	2629.28200000	2629.12400000	2604.75600000	2605.40800000	2610.01000000	2606.19600000	2606.65000000	2605.28200000	2617.74400000	2616.25000000	2605.66200000	2604.50600000	2595.81000000	2594.59600000	2598.80400000	2595.03400000	2592.44400000	2589.07200000	2611.83580000	2610.18980000
2934715719.06354523	2637.87800000	2632.11000000	2662.14000000	2661.61000000	2603.26800000	2599.06200000	2605.70000000	2609.38600000	2616.96600000	2615.92000000	2622.30200000	2624.24600000	2634.55000000	2634.19600000	2610.37600000	2606.49600000	2610.70800000	2610.57000000	2600.05800000	2603.25800000	2620.39460000	2619.68540000
2935719063.54515076	2639.18400000	2640.37400000	2617.40400000	2618.85200000	2633.98600000	2634.71400000	2637.45200000	2636.59800000	2637.89400000	2638.53400000	2677.04400000	2675.68800000	2677.14000000	2669.30000000	2621.28600000	2621.09600000	2610.01400000	2604.90400000	2598.17600000	2598.47800000	2634.95800000	2633.85380000
2936722408.02675581	2628.16800000	2625.10600000	2637.99600000	2635.69800000	2609.49000000	2613.73000000	2623.19600000	2620.99400000	2631.75600000	2632.47000000	2621.88400000	2618.90600000	2605.48600000	2609.40600000	2623.59400000	2619.81600000	2625.16200000	2625.32000000	2595.49600000	2596.55800000	2620.22280000	2619.80040000
2937725752.50836134	2631.12600000	2630.85800000	2654.02600000	2652.51800000	2613.25600000	2607.71200000	2629.34000000	2627.25200000	2640.52200000	2635.63000000	2608.45200000	2609.27600000	2609.41000000	2601.91000000	2645.85400000	2645.04800000	2626.05800000	2625.30200000	2608.96000000	2610.28200000	2626.70040000	2624.57880000
2938729096.98996639	2624.41400000	2619.75200000	2635.92400000	2639.53000000	2688.20400000	2685.95000000	2613.18800000	2611.80000000	2632.69800000	2628.11200000	2648.79800000	2655.72000000	2610.29200000	2608.40800000	2636.86200000	2636.27400000	2578.01000000	2571.28600000	2598.38000000	2599.46800000	2626.67700000	2625.63000000
2939732441.47157192	2628.38400000	2629.04600000	2642.66800000	2643.44400000	2607.39000000	2607.94600000	2625.58200000	2624.94600000	2635.64800000	2631.63000000	2620.63800000	2618.60400000	2604.10400000	2597.16600000	2636.07800000	2637.93600000	2625.26400000	2623.89600000	2602.05400000	2604.80200000	2622.78100000	2621.94160000
2940735785.95317745	2632.64600000	2631.88200000	2620.62600000	2623.42600000	2653.75600000	2650.65400000	2654.02800000	2650.30200000	2629.39400000	2629.34000000	2661.88400000	2657.68400000	2667.38800000	2665.32800000	2631.66800000	2634.39800000	2590.61200000	2586.91000000	2602.89800000	2604.11800000	2634.49000000	2633.40420000
2941739130.43478251	2628.54400000	2629.77200000	2710.19600000	2706.45000000	2670.12600000	2666.13200000	2609.53400000	2603.28200000	2621.31000000	2618.52000000	2631.14600000	2626.39800000	2622.79800000	2623.59800000	2649.28000000	2644.56400000	2588.98200000	2587.49200000	2615.03200000	2607.39600000	2634.69480000	2631.36040000
2942742474.91638803	2626.25400000	2623.72200000	2636.71000000	2639.39600000	2688.70000000	2686.65000000	2613.81800000	2610.82000000	2639.16800000	2635.76400000	2651.89600000	2651.38000000	2612.72800000	2608.26800000	2636.29400000	2635.07400000	2575.28800000	2573.49200000	2602.14800000	2599.78400000	2628.30040000	2626.43500000
2943745819.39799309	2634.85400000	2627.63800000	2638.56400000	2637.53600000	2602.25200000	2597.84600000	2618.58800000	2619.63800000	2631.06800000	2628.79200000	2625.75200000	2621.29200000	2619.33400000	2617.06000000	2594.71200000	2592.81000000	2618.39600000	2617.23000000	2609.41400000	2608.38400000	2619.29340000	2616.82260000
2944749163.87959862	2659.09600000	2658.53000000	2618.57200000	2618.51400000	2606.98400000	2604.38400000	2624.03600000	2622.37200000	2681.78800000	2676.20200000	2649.91400000	2652.93400000	2640.93400000	2636.13400000	2612.00800000	2612.62400000	2600.51400000	2599.40800000	2609.03800000	2609.95400000	2630.28840000	2629.10560000
2945752508.36120415	2618.20600000	2612.92400000	2636.53800000	2632.67000000	2683.31800000	2676.62000000	2605.57800000	2608.34600000	2621.70400000	2622.50800000	2651.11600000	2649.30800000	2603.85800000	2602.51200000	2638.22000000	2634.84000000	2565.30000000	2562.84800000	2588.46200000	2581.58200000	2621.23000000	2618.41580000
2946755852.84280920	2630.37800000	2628.99400000	2629.33800000	2630.35000000	2613.30200000	2612.34600000	2622.03400000	2621.12200000	2636.53200000	2637.06000000	2609.72600000	2611.35800000	2614.42400000	2611.05800000	2608.24000000	2608.43400000	2629.48400000	2625.48600000	2597.19400000	2595.79000000	2619.06520000	2618.19980000
2947759197.32441473	2638.43000000	2638.17800000	2661.69400000	2651.09400000	2603.57800000	2607.41400000	2613.24200000	2608.80600000	2617.23800000	2619.89600000	2614.70400000	2612.97800000	2626.19200000	2621.11600000	2594.67400000	2590.43200000	2618.25600000	2617.46000000	2605.65200000	2603.39800000	2619.36600000	2617.07720000
2948762541.80602026	2628.33400000	2629.51200000	2710.15000000	2708.02200000	2638.70800000	2641.91000000	2613.03000000	2619.58600000	2628.43000000	2626.89000000	2625.04800000	2621.17000000	2632.57800000	2632.53600000	2658.77800000	2656.42600000	2594.47000000	2589.29000000	2614.71400000	2610.98400000	2634.42400000	2633.63260000
2949765886.28762531	2635.55200000	2632.49000000	2644.20200000	2643.27200000	2592.09200000	2595.19600000	2613.77800000	2617.00200000	2629.03200000	2625.77000000	2639.55000000	2636.39600000	2622.54400000	2622.96000000	2604.86200000	2603.59800000	2627.71000000	2626.51000000	2604.99000000	2605.27400000	2621.43120000	2620.84680000
2950769230.76923084	2672.02600000	2667.08600000	2625.54000000	2626.22600000	2605.26400000	2607.23200000	2607.50800000	2604.77600000	2620.95200000	2616.17200000	2609.77000000	2611.92200000	2612.31000000	2610.83200000	2601.71000000	2596.76400000	2590.04600000	2590.14400000	2594.08000000	2596.58400000	2613.92060000	2612.77380000
2951772575.25083637	2627.90200000	2626.71800000	2622.72600000	2621.82600000	2645.10600000	2647.40800000	2647.22800000	2647.66400000	2626.44200000	2627.06800000	2664.57000000	2664.10200000	2673.28600000	2672.14400000	2629.64800000	2628.93200000	2596.90000000	2600.21000000	2610.20200000	2610.73800000	2634.40100000	2634.68100000
2952775919.73244143	2635.20000000	2634.29800000	2643.34600000	2639.99800000	2600.06800000	2598.14200000	2622.70800000	2620.00000000	2627.09600000	2626.86800000	2634.54400000	2636.25400000	2624.79000000	2624.77400000	2605.44400000	2600.41000000	2629.15800000	2627.87000000	2611.75400000	2616.56200000	2623.41080000	2622.51760000
2953779264.21404696	2621.59400000	2617.29600000	2663.33200000	2656.91800000	2687.89600000	2686.81400000	2610.67400000	2608.71400000	2613.80400000	2611.28600000	2663.52600000	2661.60200000	2612.88000000	2613.43800000	2637.87800000	2641.22200000	2564.13200000	2563.85800000	2582.18000000	2586.30000000	2625.78960000	2624.74480000
2954782608.69565201	2630.90400000	2628.79800000	2697.15200000	2700.03600000	2622.81400000	2630.74600000	2613.94800000	2610.05000000	2617.14400000	2615.33200000	2629.96200000	2624.04800000	2609.84000000	2608.09800000	2658.99400000	2654.15000000	2603.79000000	2609.80000000	2613.40000000	2611.99200000	2629.79480000	2629.30500000
2955785953.17725754	2633.06600000	2628.26800000	2635.13400000	2630.92200000	2658.41400000	2657.51600000	2661.39000000	2656.60600000	2635.13200000	2635.38000000	2650.51200000	2655.08000000	2645.07800000	2646.91600000	2627.88600000	2623.55800000	2584.92400000	2585.23000000	2607.42200000	2608.29000000	2633.89580000	2632.77660000
2956789297.65886307	2635.85000000	2632.23600000	2649.65600000	2647.79400000	2609.00000000	2608.21600000	2627.25800000	2623.98400000	2636.97000000	2634.84400000	2619.35400000	2616.23400000	2601.62200000	2602.76200000	2636.82600000	2641.77400000	2621.89400000	2624.35400000	2604.38000000	2605.84200000	2624.28100000	2623.80400000
2957792642.14046812	2657.25800000	2657.71800000	2633.65000000	2635.14800000	2608.27000000	2608.25200000	2611.20600000	2611.36200000	2612.21000000	2607.91400000	2623.79200000	2627.34000000	2599.50400000	2599.86400000	2611.77000000	2609.99400000	2594.33600000	2593.16400000	2596.93200000	2592.50800000	2614.89280000	2614.32640000
2958795986.62207365	2674.04400000	2672.12600000	2630.11200000	2627.66600000	2611.67400000	2609.76600000	2610.95000000	2611.74800000	2617.87000000	2618.07600000	2611.39800000	2610.08000000	2615.21400000	2611.51000000	2604.13800000	2602.24400000	2595.49400000	2597.10600000	2600.71400000	2598.94800000	2617.16080000	2615.92700000
2959799331.10367870	2635.62200000	2637.33600000	2614.92400000	2610.60600000	2639.52200000	2634.02400000	2637.44400000	2635.12200000	2636.35200000	2631.22200000	2670.54000000	2670.26400000	2675.36000000	2669.79200000	2620.70600000	2621.21600000	2602.68800000	2603.05200000	2602.58600000	2595.65600000	2633.57440000	2630.82900000
2960802675.58528423	2636.51200000	2637.59800000	2661.99000000	2665.31800000	2601.03600000	2602.00600000	2610.55400000	2608.57600000	2616.21800000	2619.14200000	2626.33000000	2621.73000000	2642.80000000	2638.69800000	2613.46800000	2610.98000000	2617.63600000	2614.82400000	2608.05000000	2605.15600000	2623.45940000	2622.40280000
2961806020.06688976	2633.59400000	2634.14600000	2652.53400000	2648.07600000	2611.93400000	2610.88400000	2630.34200000	2627.00800000	2638.54400000	2633.79000000	2615.42600000	2614.12000000	2605.58800000	2605.26800000	2642.55200000	2640.54200000	2627.60200000	2624.82200000	2612.58200000	2604.12600000	2627.06980000	2624.27820000
2962809364.54849482	2623.01200000	2619.92200000	2679.98400000	2684.06600000	2609.80800000	2607.80600000	2616.89800000	2612.52000000	2622.11200000	2622.48800000	2609.89200000	2614.18400000	2605.72200000	2602.89200000	2637.91400000	2634.39800000	2609.42800000	2607.55400000	2611.04600000	2612.93400000	2622.58160000	2621.87640000
2963812709.03010035	2625.90200000	2629.14200000	2667.50600000	2665.73600000	2600.09800000	2602.85800000	2626.11600000	2626.49000000	2630.20400000	2627.57400000	2604.70800000	2599.62400000	2605.57000000	2605.02800000	2659.57800000	2657.51600000	2626.30600000	2620.52000000	2607.89600000	2604.01600000	2625.38840000	2623.85040000
2964816053.51170588	2627.59600000	2628.77000000	2679.60400000	2680.61800000	2674.04600000	2672.75200000	2615.74400000	2609.50200000	2615.41000000	2610.67800000	2649.61600000	2645.70600000	2612.05600000	2610.28800000	2655.18800000	2657.10200000	2569.95400000	2563.71400000	2598.72400000	2594.44600000	2629.79380000	2627.35760000
2965819397.99331093	2659.20600000	2659.23200000	2624.78800000	2619.74400000	2606.18400000	2606.09800000	2607.75800000	2600.24600000	2611.55000000	2613.32200000	2619.97000000	2622.01000000	2602.57400000	2600.58000000	2599.27400000	2598.52600000	2602.41400000	2602.09400000	2589.03200000	2590.58600000	2612.27500000	2611.24380000
2966822742.47491646	2621.20800000	2623.12600000	2675.90400000	2675.36200000	2672.57000000	2670.71400000	2606.50400000	2608.18600000	2614.35000000	2614.29600000	2641.87200000	2641.96800000	2608.92200000	2606.33000000	2653.31000000	2651.97800000	2565.20800000	2566.15600000	2597.39600000	2595.06800000	2625.72440000	2625.31840000
2967826086.95652199	2628.92000000	2623.82000000	2698.36000000	2694.10200000	2659.59200000	2657.58200000	2609.06400000	2602.83600000	2616.29000000	2612.83000000	2621.41400000	2623.61200000	2622.09400000	2622.09000000	2642.28400000	2639.23400000	2585.52800000	2582.77200000	2609.95600000	2607.44400000	2629.35020000	2626.63220000
2968829431.43812704	2626.87800000	2624.71600000	2665.95600000	2664.37600000	2602.25000000	2601.31600000	2626.36800000	2620.84800000	2622.96000000	2617.56200000	2599.41600000	2599.40400000	2595.92400000	2599.55600000	2660.31200000	2660.74200000	2627.27400000	2619.16800000	2601.15600000	2604.10000000	2622.84940000	2621.17880000
2969832775.91973257	2637.10600000	2640.23200000	2663.82000000	2661.38200000	2602.90200000	2600.10200000	2616.89000000	2613.91000000	2619.22800000	2619.50600000	2629.74200000	2628.66400000	2644.18400000	2640.79800000	2614.79400000	2613.22800000	2617.26200000	2615.23000000	2612.29200000	2613.11200000	2625.82200000	2624.61640000
2970836120.40133762	2664.02600000	2661.59200000	2624.15000000	2625.49800000	2621.91200000	2618.27400000	2605.75200000	2597.91600000	2626.07000000	2621.41400000	2609.17800000	2605.98000000	2620.23800000	2614.67400000	2603.82200000	2601.95800000	2597.19600000	2592.11000000	2606.27800000	2603.37400000	2617.86220000	2614.27900000
2971839464.88294315	2657.04000000	2657.31800000	2636.45400000	2636.33000000	2612.25400000	2608.44800000	2617.93600000	2613.23400000	2614.95600000	2610.62800000	2629.32800000	2630.12200000	2608.89200000	2598.87200000	2615.01200000	2612.56000000	2597.54400000	2597.07400000	2597.94600000	2597.21600000	2618.73620000	2616.18020000
2972842809.36454868	2630.40000000	2627.58800000	2666.64200000	2663.40400000	2600.94800000	2601.77200000	2631.17800000	2626.50800000	2634.87400000	2633.61000000	2600.93200000	2602.05000000	2604.50800000	2607.41200000	2654.53400000	2652.92200000	2620.56800000	2616.20200000	2608.13400000	2600.21400000	2625.27180000	2623.16820000
2973846153.84615374	2642.92000000	2643.70600000	2665.57000000	2659.81200000	2611.00400000	2606.13200000	2612.00800000	2610.75800000	2626.79400000	2625.72800000	2618.43800000	2616.03200000	2630.19200000	2625.97600000	2596.58400000	2597.88800000	2617.94600000	2619.40600000	2608.91200000	2607.12200000	2623.03680000	2621.25600000
2974849498.32775927	2632.39600000	2633.35000000	2631.48800000	2627.17400000	2616.14000000	2615.42800000	2623.42600000	2621.14400000	2640.55800000	2639.00200000	2609.56600000	2612.96400000	2615.06000000	2604.87800000	2610.97600000	2605.53200000	2623.54400000	2618.44400000	2595.82400000	2593.72800000	2619.89780000	2617.16440000
2975852842.80936432	2626.86600000	2628.24200000	2684.34600000	2679.82600000	2678.53200000	2683.24600000	2607.32000000	2602.98200000	2631.38400000	2625.10600000	2635.73000000	2633.62800000	2614.97000000	2617.31000000	2655.60000000	2654.21800000	2581.60000000	2577.20000000	2607.02600000	2604.79000000	2632.33740000	2630.65480000
2976856187.29096985	2635.62000000	2631.55400000	2711.23000000	2707.43200000	2679.46800000	2672.67600000	2608.32400000	2607.16600000	2616.24400000	2613.99600000	2636.71200000	2638.10600000	2628.60400000	2625.70000000	2647.85000000	2648.08600000	2592.02600000	2589.59000000	2613.28600000	2610.28800000	2636.93640000	2634.45940000
2977859531.77257538	2663.88400000	2665.81400000	2629.24000000	2628.46600000	2607.56400000	2608.98800000	2615.55800000	2612.16200000	2608.18000000	2602.45600000	2618.92400000	2622.25800000	2605.33000000	2603.40800000	2601.57600000	2602.24400000	2602.29200000	2603.95000000	2598.15000000	2598.36400000	2615.06980000	2614.81100000
2978862876.25418043	2621.26800000	2619.08400000	2638.40000000	2636.24600000	2687.00600000	2679.40000000	2607.76000000	2606.99000000	2629.79600000	2624.41400000	2650.39000000	2652.41000000	2604.47000000	2604.01000000	2637.83000000	2632.44600000	2569.76600000	2571.95400000	2594.72600000	2591.95400000	2624.14120000	2621.89080000
2979866220.73578596	2648.70200000	2647.61200000	2650.74600000	2648.21800000	2620.92200000	2620.12600000	2609.13000000	2607.10000000	2619.22800000	2618.20000000	2602.91200000	2600.89200000	2629.50600000	2623.69600000	2595.59400000	2596.51000000	2623.65800000	2622.51000000	2581.24200000	2580.84000000	2618.16400000	2616.57040000
2980869565.21739149	2626.44200000	2619.62400000	2636.50800000	2632.46000000	2608.48400000	2608.65400000	2620.91600000	2616.68200000	2632.46400000	2631.81600000	2613.82000000	2614.16800000	2606.40200000	2603.82800000	2620.70400000	2615.76400000	2628.27800000	2625.74200000	2593.86000000	2592.56800000	2618.78780000	2616.13060000
2981872909.69899654	2639.87600000	2633.82800000	2627.94000000	2623.60800000	2646.07000000	2641.84200000	2648.82000000	2648.14400000	2630.16400000	2629.25200000	2669.23600000	2670.65400000	2675.72400000	2672.93600000	2634.46800000	2631.01000000	2602.68600000	2598.66000000	2608.77600000	2612.10000000	2638.37600000	2636.20340000
2982876254.18060207	2637.53400000	2634.61600000	2630.70800000	2628.79000000	2605.83600000	2604.30400000	2621.55600000	2620.16200000	2635.89800000	2630.77400000	2613.80400000	2612.86600000	2614.54400000	2613.04400000	2598.73600000	2592.79400000	2614.67600000	2617.00800000	2600.64400000	2601.70000000	2617.39360000	2615.60580000
2983879598.66220760	2626.44600000	2628.90400000	2635.85600000	2638.89200000	2665.27600000	2660.60400000	2641.48600000	2634.20000000	2629.86000000	2627.40800000	2649.26600000	2652.38000000	2634.35600000	2631.74000000	2630.77400000	2628.78600000	2582.67200000	2579.67800000	2602.57200000	2600.21600000	2629.85640000	2628.28080000
2984882943.14381266	2659.89400000	2657.75600000	2620.76800000	2616.64400000	2612.04400000	2608.75000000	2604.38200000	2601.41200000	2634.63400000	2637.74600000	2613.32800000	2612.48600000	2618.10400000	2618.36600000	2608.23000000	2608.21800000	2590.56200000	2585.05600000	2603.39600000	2599.99200000	2616.53420000	2614.64260000
2985886287.62541819	2626.66200000	2630.19000000	2634.78600000	2628.75800000	2685.60800000	2684.16800000	2614.84000000	2613.82400000	2645.75800000	2641.73400000	2655.03600000	2654.17400000	2609.12400000	2610.51400000	2634.82000000	2632.18800000	2578.62000000	2576.50000000	2602.86800000	2603.35400000	2628.81220000	2627.54040000
2986889632.10702324	2630.20000000	2628.71800000	2665.46600000	2669.70200000	2604.99000000	2604.80600000	2626.23000000	2622.12000000	2632.26200000	2629.20800000	2612.80800000	2608.37200000	2606.06600000	2604.99000000	2641.65800000	2640.40800000	2613.65400000	2608.54000000	2612.33200000	2609.69400000	2624.56660000	2622.65580000
2987892976.58862877	2632.19600000	2628.59000000	2628.94200000	2622.00000000	2607.64000000	2607.47200000	2620.25200000	2618.58600000	2630.72200000	2632.53800000	2607.88000000	2609.92800000	2608.64600000	2608.32600000	2602.21000000	2592.36800000	2609.26000000	2613.55200000	2598.72200000	2594.99000000	2614.64700000	2612.83500000
2988896321.07023430	2639.57400000	2638.20000000	2665.63200000	2663.60600000	2606.86600000	2601.85400000	2602.34800000	2605.20000000	2612.65400000	2611.03200000	2620.65800000	2619.69400000	2636.51400000	2630.63200000	2605.51000000	2603.31000000	2613.36400000	2612.23800000	2599.77200000	2601.86800000	2620.28920000	2618.76340000
2989899665.55183935	2644.42200000	2642.87000000	2657.71400000	2656.49600000	2600.94600000	2601.59400000	2617.26600000	2620.19000000	2628.14000000	2622.94400000	2634.52400000	2630.87200000	2648.14400000	2646.50800000	2616.53200000	2616.08200000	2621.89800000	2618.28200000	2610.13200000	2610.73400000	2627.97180000	2626.65720000
2990903010.03344488	2633.67000000	2629.06200000	2628.27400000	2630.46400000	2616.80200000	2613.76800000	2620.00200000	2621.91200000	2643.17000000	2639.39000000	2612.38200000	2610.61800000	2606.92600000	2603.02600000	2608.79400000	2602.02000000	2616.73000000	2616.04600000	2592.47800000	2594.76800000	2617.92280000	2616.10740000
2991906354.51504993	2634.11600000	2632.69600000	2623.37800000	2618.96600000	2642.75400000	2642.56600000	2648.71600000	2645.41000000	2632.02800000	2625.37200000	2673.31600000	2668.41200000	2678.77800000	2679.03800000	2629.18400000	2628.45600000	2603.47200000	2605.51000000	2611.69000000	2606.16000000	2637.74320000	2635.25860000
2992909698.99665546	2634.67800000	2630.64400000	2715.40200000	2710.22400000	2641.55400000	2637.12600000	2627.56200000	2620.18800000	2622.16400000	2621.70400000	2622.43200000	2613.74600000	2627.85400000	2625.06600000	2663.87600000	2665.25000000	2599.94200000	2597.89800000	2615.29400000	2617.46200000	2637.07580000	2633.93080000
2993913043.47826099	2626.51000000	2622.68000000	2690.20800000	2686.86400000	2614.00000000	2612.53600000	2622.90000000	2618.24800000	2624.46000000	2621.24400000	2619.23800000	2615.71600000	2607.68000000	2605.38800000	2642.05600000	2644.24200000	2614.29600000	2612.34600000	2614.04600000	2620.27800000	2627.53940000	2625.95420000
2994916387.95986605	2661.15600000	2654.86800000	2636.89000000	2635.66400000	2615.26000000	2612.38000000	2616.81000000	2613.32600000	2616.53600000	2615.65400000	2629.99200000	2626.61000000	2605.60600000	2604.11800000	2615.06800000	2614.06200000	2597.58800000	2599.68000000	2596.95400000	2598.83200000	2619.18600000	2617.51940000
2995919732.44147158	2640.44000000	2643.35000000	2661.85800000	2659.18800000	2601.41600000	2600.53200000	2620.67800000	2613.57800000	2623.37400000	2622.36400000	2631.18400000	2631.08400000	2645.33800000	2646.88800000	2615.24200000	2609.46600000	2616.77600000	2614.67600000	2616.15600000	2609.69400000	2627.24620000	2625.08200000
2996923076.92307711	2629.09800000	2625.59600000	2666.90000000	2662.43200000	2603.64800000	2601.55200000	2626.23400000	2621.18800000	2624.60200000	2621.18000000	2600.35800000	2598.80800000	2604.56600000	2599.84800000	2659.75400000	2658.82400000	2627.55400000	2624.46200000	2603.29800000	2600.72200000	2624.60120000	2621.46120000
2997926421.40468216	2640.74600000	2635.47800000	2669.84800000	2665.13200000	2603.30400000	2603.44400000	2609.88600000	2612.00600000	2618.08000000	2615.87200000	2622.80800000	2622.76600000	2637.55800000	2640.01000000	2604.78200000	2608.49600000	2616.46000000	2610.09600000	2602.92000000	2600.71600000	2622.63920000	2621.40160000
2998929765.88628769	2667.89400000	2665.20200000	2630.63000000	2628.50200000	2607.14600000	2606.12000000	2615.02200000	2612.14800000	2606.44000000	2602.84000000	2626.30400000	2621.98800000	2602.37200000	2598.55000000	2608.74000000	2607.70400000	2599.00200000	2595.98000000	2599.32600000	2596.80400000	2616.28760000	2613.58380000
2999933110.36789322	2626.01200000	2627.66000000	2661.98600000	2659.49000000	2609.48800000	2606.96800000	2625.64200000	2621.29600000	2626.21800000	2619.19600000	2601.29200000	2600.75800000	2604.86200000	2599.24800000	2657.22200000	2658.53400000	2634.22400000	2633.00400000	2604.77800000	2605.34000000	2625.17240000	2623.14940000
3000936454.84949827	2669.32200000	2669.63000000	2628.18200000	2622.69000000	2606.36200000	2609.13200000	2608.72400000	2611.89600000	2620.34600000	2620.53000000	2613.70200000	2609.81200000	2615.03200000	2616.60400000	2603.53400000	2606.36400000	2607.28800000	2607.85000000	2598.28800000	2600.53400000	2617.07800000	2617.50420000
3001939799.33110380	2630.94200000	2630.29000000	2639.43000000	2633.80000000	2665.86600000	2660.37800000	2646.44400000	2641.08200000	2639.75600000	2637.47800000	2652.81600000	2651.29000000	2631.02600000	2632.54000000	2625.03600000	2620.99800000	2588.28600000	2588.88600000	2603.09400000	2603.95600000	2632.26960000	2630.06980000
3002943143.81270885	2624.84400000	2620.56400000	2690.39800000	2690.15600000	2678.81600000	2675.98200000	2599.87800000	2598.73400000	2618.80200000	2615.96400000	2632.67800000	2634.66200000	2618.95400000	2618.91600000	2650.29400000	2649.48400000	2576.17400000	2578.17000000	2601.15400000	2603.26600000	2629.19920000	2628.58980000
3003946488.29431438	2630.46000000	2628.30600000	2654.25400000	2651.04200000	2608.96800000	2605.89600000	2623.04600000	2622.46600000	2630.52000000	2624.79600000	2602.27000000	2603.39200000	2605.64400000	2605.11400000	2654.77200000	2650.27200000	2632.80600000	2632.74400000	2615.15800000	2611.43200000	2625.78980000	2623.54600000
3004949832.77591991	2632.49200000	2628.84600000	2632.39200000	2628.88800000	2608.95400000	2613.60800000	2623.49800000	2621.04600000	2639.05400000	2638.98600000	2606.44800000	2608.13400000	2606.51000000	2609.33400000	2607.73000000	2607.59600000	2629.11600000	2623.82000000	2598.55600000	2592.56600000	2618.47500000	2617.28240000
3005953177.25752497	2659.09200000	2648.06200000	2615.37200000	2616.35200000	2607.96000000	2603.21000000	2619.36200000	2618.62200000	2679.95400000	2675.68800000	2648.71800000	2652.02400000	2636.95600000	2639.13400000	2613.65800000	2612.05800000	2595.94400000	2597.42000000	2608.82600000	2600.56000000	2628.58420000	2626.31300000
3006956521.73913050	2638.56800000	2636.69200000	2635.09200000	2631.70400000	2603.92800000	2602.61000000	2620.74000000	2618.91200000	2634.58800000	2634.88600000	2617.26000000	2612.95800000	2620.18800000	2619.28800000	2595.85000000	2594.61200000	2619.98200000	2621.69200000	2606.20200000	2603.14000000	2619.23980000	2617.64940000
3007959866.22073555	2629.15000000	2626.54800000	2681.02000000	2678.20400000	2674.78600000	2674.30600000	2610.87200000	2610.70800000	2619.62600000	2624.23400000	2636.06200000	2632.73600000	2612.00400000	2611.13800000	2659.63800000	2659.54600000	2572.67600000	2572.81000000	2606.32400000	2607.16000000	2630.21580000	2629.73900000
3008963210.70234108	2625.28000000	2624.88600000	2631.56800000	2628.39200000	2612.52600000	2610.16800000	2622.09400000	2620.26000000	2638.82800000	2638.14800000	2609.10600000	2605.33600000	2614.85600000	2610.53000000	2612.35800000	2614.15800000	2629.17000000	2629.89200000	2596.53600000	2590.30600000	2619.23220000	2617.20760000
3009966555.18394661	2645.35800000	2644.78400000	2662.97000000	2661.51800000	2616.04000000	2614.48400000	2609.21400000	2608.25800000	2623.25200000	2624.47200000	2601.76400000	2599.34600000	2618.41200000	2614.75400000	2602.57400000	2598.90800000	2617.39200000	2612.94800000	2593.82200000	2591.90800000	2619.07980000	2617.13800000
3010969899.66555166	2663.27200000	2663.05800000	2633.42400000	2630.99800000	2608.47600000	2605.80200000	2616.22200000	2613.62200000	2605.85200000	2605.62800000	2628.45400000	2625.96200000	2603.77200000	2600.51200000	2611.89600000	2606.77600000	2602.03400000	2599.62200000	2597.22600000	2597.71600000	2617.06280000	2614.96960000
3011973244.14715719	2647.41400000	2642.72000000	2654.31200000	2652.79600000	2612.09000000	2613.84000000	2614.11600000	2608.87200000	2625.65000000	2624.58000000	2601.23400000	2598.96800000	2630.66600000	2625.77800000	2601.13000000	2601.90000000	2624.67600000	2623.18000000	2582.79800000	2580.49600000	2619.40860000	2617.31300000
3012976588.62876272	2631.09600000	2630.25600000	2635.81800000	2633.63000000	2659.43400000	2654.31800000	2639.53400000	2636.07600000	2640.21000000	2637.84600000	2641.20000000	2644.76600000	2630.41000000	2633.79800000	2626.98000000	2622.30800000	2582.09400000	2585.78200000	2602.56400000	2601.84800000	2628.93400000	2628.06280000
3013979933.11036777	2633.11400000	2628.41400000	2635.28400000	2634.40200000	2677.26800000	2676.47400000	2617.30400000	2617.98200000	2641.42400000	2635.17600000	2662.34200000	2656.81600000	2615.21800000	2612.66800000	2634.25200000	2632.97800000	2572.32800000	2573.43200000	2603.91200000	2607.33800000	2629.24460000	2627.56800000
3014983277.59197330	2621.02400000	2617.11000000	2662.51000000	2658.18000000	2683.93800000	2678.19000000	2612.58800000	2605.37600000	2606.82800000	2604.41400000	2659.57400000	2655.54200000	2609.13200000	2607.33200000	2637.02400000	2640.21400000	2559.61000000	2557.50400000	2581.82400000	2585.21200000	2623.40520000	2620.90740000
3015986622.07357883	2632.78200000	2629.94600000	2622.90600000	2624.35800000	2646.46200000	2639.50000000	2650.60000000	2649.86000000	2630.39400000	2628.20400000	2670.23800000	2667.58000000	2677.80400000	2673.73600000	2628.78000000	2628.94400000	2602.30000000	2594.55800000	2611.58800000	2605.03000000	2637.38540000	2634.17160000
3016989966.55518389	2627.60400000	2624.50400000	2635.27200000	2632.86400000	2666.17200000	2667.55600000	2630.45600000	2629.61200000	2630.70600000	2625.70200000	2653.05200000	2650.19400000	2620.64600000	2618.89800000	2634.85200000	2631.86200000	2574.34200000	2569.81800000	2603.00400000	2605.97800000	2627.61060000	2625.69880000
3017993311.03678942	2629.33600000	2625.68000000	2707.74600000	2701.43200000	2637.75800000	2634.59600000	2622.81800000	2618.24200000	2621.90600000	2619.06400000	2618.32600000	2617.89200000	2629.26800000	2625.52000000	2658.88800000	2658.72400000	2598.27200000	2599.55000000	2613.21800000	2611.29600000	2633.75360000	2631.19960000
3018996655.51839447	2633.46800000	2632.29800000	2664.11200000	2666.47800000	2609.19800000	2605.72200000	2631.14200000	2626.09800000	2636.17400000	2634.78600000	2602.39000000	2608.47400000	2609.43200000	2606.26000000	2652.08200000	2647.05800000	2620.36800000	2619.65400000	2607.27200000	2605.23600000	2626.56380000	2625.20640000
3020000000.00000000	2629.58000000	2625.74400000	2632.49000000	2630.64800000	2675.14800000	2676.02600000	2613.86800000	2617.26200000	2644.59800000	2645.38800000	2658.53600000	2655.18400000	2610.19200000	2609.67200000	2628.65000000	2626.12000000	2577.44200000	2571.08000000	2601.73200000	2601.64200000	2627.22360000	2625.87660000
