freq	PL_sig1	PL_ref1	PL_sig2	PL_ref2	PL_sig3	PL_ref3	PL_sig4	PL_ref4	PL_sig5	PL_ref5	PL_sig6	PL_ref6	PL_sig7	PL_ref7	PL_sig8	PL_ref8	PL_sig9	PL_ref9	PL_sig10	PL_ref10	avgPL_sig	avgPL_ref
2720000000.00000000	2824.67400000	2817.64800000	2735.93800000	2734.64800000	2736.43800000	2738.17200000	2745.90600000	2735.83000000	2715.71200000	2714.20600000	2748.62200000	2746.95200000	2730.10200000	2730.75600000	2775.51600000	2773.28000000	2726.77600000	2726.71200000	2717.70800000	2717.40200000	2745.73920000	2743.56060000
2721003344.48160553	2820.55000000	2814.73200000	2724.50000000	2726.44800000	2749.97400000	2744.49600000	2715.03400000	2714.38000000	2757.21400000	2757.71800000	2741.66800000	2742.33400000	2745.36600000	2743.93400000	2749.48000000	2750.99000000	2708.44600000	2702.04600000	2710.68600000	2710.47800000	2742.29180000	2740.75560000
2722006688.96321058	2806.13800000	2806.34600000	2772.23800000	2768.46200000	2761.73800000	2758.94200000	2730.97400000	2725.06400000	2824.77200000	2817.99600000	2723.03000000	2722.86000000	2740.54000000	2743.36000000	2734.59200000	2736.45000000	2814.57400000	2815.61600000	2707.47800000	2704.86600000	2761.60740000	2759.99620000
2723010033.44481611	2826.86600000	2816.10400000	2751.84200000	2752.66000000	2735.52000000	2727.97600000	2752.42400000	2750.49600000	2754.35000000	2748.01600000	2797.01000000	2793.55800000	2734.85000000	2739.56800000	2737.35200000	2740.02200000	2715.60600000	2713.28800000	2693.79200000	2689.50400000	2749.96120000	2747.11920000
2724013377.92642164	2835.39200000	2834.65200000	2766.36000000	2762.47800000	2736.02800000	2739.57800000	2747.48000000	2745.49200000	2724.03000000	2721.40200000	2762.96800000	2757.65400000	2730.28000000	2727.72000000	2739.75200000	2742.47800000	2709.49600000	2707.08600000	2706.43000000	2696.49400000	2745.82160000	2743.50340000
2725016722.40802670	2792.36200000	2793.05200000	2762.39200000	2763.02200000	2795.26400000	2794.21200000	2749.61000000	2747.92600000	2772.54000000	2768.46600000	2726.71200000	2722.47000000	2734.94600000	2735.49400000	2732.51200000	2731.07000000	2800.24400000	2796.85000000	2687.52800000	2683.38400000	2755.41100000	2753.59460000
2726020066.88963223	2830.34800000	2827.25000000	2759.04400000	2757.55200000	2727.17600000	2723.64400000	2737.02400000	2738.04800000	2744.83800000	2748.69600000	2793.95000000	2790.00000000	2745.85400000	2746.12000000	2735.99000000	2735.48800000	2723.02400000	2724.06200000	2694.33000000	2691.26000000	2749.15780000	2748.21200000
2727023411.37123728	2810.06800000	2803.91800000	2742.23200000	2737.67400000	2802.06800000	2797.89600000	2763.68000000	2761.61200000	2755.31400000	2751.81400000	2732.60800000	2732.95600000	2729.64800000	2729.29000000	2739.53400000	2736.49200000	2769.40800000	2770.44600000	2696.70000000	2695.97000000	2754.12600000	2751.80680000
2728026755.85284281	2812.35400000	2810.32400000	2723.64800000	2725.62600000	2736.61000000	2732.48400000	2721.35800000	2723.27200000	2777.94000000	2775.06200000	2751.83000000	2757.89600000	2735.48600000	2736.49000000	2735.45600000	2731.89800000	2717.26000000	2714.12400000	2701.45400000	2699.09000000	2741.33960000	2740.62660000
2729030100.33444834	2805.09200000	2801.84000000	2738.49600000	2740.20600000	2742.81600000	2743.05000000	2752.57600000	2751.04600000	2755.50800000	2752.19200000	2803.79800000	2801.02200000	2724.28200000	2714.96600000	2735.66800000	2734.17200000	2737.41400000	2737.49200000	2708.09000000	2703.48800000	2750.37400000	2747.94740000
2730033444.81605339	2793.05600000	2791.74200000	2781.23200000	2776.36800000	2748.03800000	2746.18000000	2726.17200000	2726.69000000	2760.35000000	2754.21600000	2740.01200000	2737.54800000	2756.04200000	2753.23400000	2744.92800000	2743.52600000	2755.28400000	2751.66600000	2717.08200000	2709.92600000	2752.21960000	2749.10960000
2731036789.29765892	2795.81800000	2796.71400000	2775.65800000	2777.96200000	2755.12600000	2751.10200000	2730.79000000	2726.59800000	2761.71600000	2761.83400000	2736.73400000	2735.05400000	2744.45600000	2743.69200000	2741.41800000	2731.85400000	2754.75000000	2752.09200000	2715.56000000	2713.82000000	2751.20260000	2749.07220000
2732040133.77926445	2803.77200000	2801.53800000	2744.71200000	2747.94000000	2749.36400000	2746.78400000	2749.76400000	2752.50200000	2717.43000000	2718.49200000	2733.41000000	2732.44600000	2736.29200000	2733.55200000	2773.22400000	2774.72800000	2738.83200000	2738.65200000	2719.56200000	2714.57400000	2746.63620000	2746.12080000
2733043478.26086950	2804.54000000	2797.36800000	2778.59400000	2776.22600000	2727.26200000	2725.94800000	2720.56600000	2715.56400000	2782.95200000	2781.83200000	2729.03000000	2729.11600000	2735.65000000	2739.58800000	2736.88200000	2728.12800000	2754.67000000	2755.35000000	2713.40400000	2711.58200000	2748.35500000	2746.07020000
2734046822.74247503	2812.91400000	2807.15400000	2741.16800000	2741.39800000	2734.38400000	2733.77600000	2755.46600000	2753.91600000	2739.16800000	2738.78200000	2809.32200000	2810.13800000	2720.66200000	2718.88200000	2735.12400000	2730.42400000	2722.50200000	2728.18400000	2701.06800000	2706.05000000	2747.17780000	2746.87040000
2735050167.22408009	2794.50000000	2793.81400000	2788.36800000	2791.19800000	2753.30000000	2750.94800000	2731.12800000	2729.95600000	2747.87200000	2743.67600000	2738.00400000	2736.15600000	2750.43800000	2747.10800000	2752.70200000	2747.23800000	2748.66800000	2749.11800000	2713.42200000	2709.41200000	2751.84020000	2749.86240000
2736053511.70568562	2816.39200000	2809.84200000	2728.27800000	2726.68000000	2731.98200000	2734.08600000	2728.81200000	2725.40600000	2775.09600000	2775.30000000	2755.49600000	2755.90400000	2742.36600000	2744.64400000	2734.94000000	2728.72600000	2719.32800000	2720.26200000	2702.50400000	2698.14200000	2743.51940000	2741.89920000
2737056856.18729115	2824.21000000	2820.32200000	2752.30400000	2750.60800000	2738.20600000	2737.97600000	2750.40600000	2756.93400000	2750.88800000	2747.37800000	2805.89600000	2803.33800000	2727.91000000	2723.78600000	2733.38800000	2733.97400000	2718.66600000	2716.29200000	2706.01600000	2701.65600000	2750.78900000	2749.22640000
2738060200.66889620	2833.41000000	2833.53400000	2795.49800000	2792.03600000	2750.07200000	2751.32400000	2722.39400000	2723.77000000	2731.03200000	2730.75000000	2767.91200000	2764.18600000	2733.71000000	2732.48800000	2758.43400000	2758.40000000	2731.35000000	2726.34400000	2715.81800000	2708.63800000	2753.96300000	2752.14700000
2739063545.15050173	2789.74200000	2785.69400000	2776.94200000	2780.89400000	2750.11600000	2749.20200000	2727.20200000	2725.78200000	2754.07600000	2753.57200000	2733.54600000	2733.49200000	2752.92600000	2750.33200000	2745.73000000	2743.90000000	2751.16600000	2752.86600000	2718.45200000	2718.35800000	2749.98980000	2749.40920000
2740066889.63210726	2808.31400000	2806.37000000	2766.73800000	2765.97200000	2756.80800000	2754.03800000	2721.87400000	2720.60200000	2814.15000000	2814.74800000	2739.58400000	2737.18800000	2737.96800000	2735.62000000	2747.47000000	2742.96800000	2785.33000000	2786.98800000	2705.79400000	2705.31000000	2758.40300000	2756.98040000
2741070234.11371231	2812.80000000	2808.28600000	2771.43400000	2774.42800000	2766.37600000	2762.95200000	2737.02400000	2729.99800000	2817.59800000	2815.75800000	2723.19200000	2721.68400000	2749.52200000	2748.75000000	2740.95200000	2738.41200000	2821.98400000	2818.03600000	2706.43200000	2705.97600000	2764.73140000	2762.42800000
2742073578.59531784	2805.82400000	2802.49200000	2748.20200000	2747.71200000	2793.95200000	2789.14000000	2767.78600000	2763.77000000	2730.69000000	2735.85000000	2742.60600000	2738.61400000	2720.47000000	2716.19600000	2741.27800000	2742.80800000	2759.16800000	2760.49800000	2703.46600000	2702.41000000	2751.34420000	2749.94900000
2743076923.07692289	2795.31800000	2796.49600000	2768.42200000	2770.91400000	2753.58400000	2750.84800000	2718.44200000	2717.92400000	2810.64000000	2810.14400000	2734.58200000	2733.51800000	2742.41200000	2736.78200000	2735.24000000	2735.83400000	2805.06400000	2805.69600000	2711.77600000	2715.24200000	2757.54800000	2757.33980000
2744080267.55852842	2786.45400000	2782.41000000	2727.77400000	2725.33200000	2768.89800000	2768.79800000	2744.88800000	2747.35200000	2758.45800000	2761.52800000	2795.64200000	2789.79200000	2728.18600000	2725.61600000	2735.16400000	2738.08600000	2728.38200000	2722.67000000	2731.32200000	2728.67600000	2750.51680000	2749.02600000
2745083612.04013395	2795.13200000	2794.49600000	2763.85600000	2765.20000000	2804.40200000	2796.36000000	2754.15400000	2751.73400000	2776.63600000	2769.41200000	2728.29200000	2726.00200000	2742.07000000	2735.53200000	2736.46200000	2737.51000000	2799.01600000	2795.08200000	2695.84000000	2695.54200000	2759.58600000	2756.68700000
2746086956.52173901	2817.25200000	2812.93200000	2748.48600000	2749.71200000	2800.72600000	2793.77800000	2766.46600000	2765.82200000	2735.44400000	2733.80600000	2749.86800000	2746.21600000	2731.44000000	2721.05000000	2740.52400000	2741.21800000	2761.49400000	2759.92400000	2704.39200000	2701.40200000	2755.60920000	2752.58600000
2747090301.00334454	2825.79000000	2818.28600000	2730.58000000	2733.07200000	2740.42800000	2735.67400000	2731.73200000	2732.62600000	2711.18400000	2709.99800000	2724.52000000	2730.39600000	2733.24000000	2734.31000000	2773.44800000	2771.11600000	2717.18000000	2717.43600000	2707.12600000	2705.38400000	2739.52280000	2738.82980000
2748093645.48495007	2815.07200000	2813.04800000	2716.05600000	2712.06200000	2738.19000000	2731.17400000	2705.15400000	2700.66600000	2755.53200000	2753.44200000	2758.24600000	2753.01400000	2740.84200000	2742.78400000	2742.13400000	2740.11800000	2707.23400000	2703.24800000	2712.26000000	2710.22600000	2739.07200000	2735.97820000
2749096989.96655512	2775.51800000	2777.26000000	2728.22800000	2729.43000000	2752.64800000	2749.25600000	2717.30400000	2714.71600000	2782.13400000	2781.78200000	2766.53800000	2765.41600000	2742.83000000	2741.56000000	2736.20400000	2732.60600000	2719.34400000	2717.22800000	2698.10200000	2694.11200000	2741.88500000	2740.33660000
2750100334.44816065	2786.55200000	2788.53600000	2729.20600000	2731.66200000	2732.81600000	2730.82600000	2719.92200000	2709.95600000	2782.96200000	2780.86800000	2760.84400000	2760.79200000	2730.01000000	2732.38200000	2730.26600000	2731.40200000	2714.83400000	2716.09600000	2700.76600000	2699.65800000	2738.81780000	2738.21780000
2751103678.92976570	2811.48400000	2811.56800000	2728.87800000	2723.00400000	2746.30200000	2748.39000000	2716.98800000	2714.10400000	2762.08800000	2760.03800000	2746.90600000	2746.11600000	2739.04200000	2736.02800000	2748.59600000	2746.20400000	2706.53400000	2704.39200000	2712.88400000	2706.71400000	2741.97020000	2739.65580000
2752107023.41137123	2802.23000000	2803.68800000	2726.28800000	2730.45200000	2733.49600000	2734.05200000	2720.18800000	2716.11200000	2775.65600000	2768.65400000	2757.01400000	2754.22600000	2732.15600000	2733.71200000	2724.33600000	2726.04400000	2718.95400000	2717.84200000	2699.53800000	2698.36000000	2738.98560000	2738.31420000
2753110367.89297676	2827.00000000	2819.68200000	2741.96600000	2738.48600000	2742.51800000	2744.71000000	2733.87000000	2731.11000000	2707.72000000	2705.24600000	2726.89600000	2728.88600000	2742.95800000	2739.33000000	2773.66600000	2772.45600000	2722.97400000	2720.57800000	2708.05600000	2704.78000000	2742.76240000	2740.52640000
2754113712.37458181	2813.09400000	2810.07000000	2742.22200000	2745.68800000	2792.11000000	2794.81800000	2766.63600000	2765.44000000	2739.37000000	2736.82600000	2748.28000000	2747.33400000	2728.16800000	2721.26400000	2738.80600000	2736.39400000	2753.41800000	2754.53000000	2702.09000000	2699.84400000	2752.41940000	2751.22080000
2755117056.85618734	2829.88200000	2829.14600000	2778.88200000	2780.80000000	2749.79000000	2741.63000000	2744.84400000	2742.86600000	2729.74000000	2734.92200000	2789.91400000	2786.49200000	2751.13000000	2750.14800000	2752.47800000	2750.93000000	2729.44800000	2724.29400000	2699.77800000	2705.79800000	2755.58860000	2754.70260000
2756120401.33779287	2810.85800000	2813.10400000	2711.63800000	2714.89600000	2734.85200000	2734.32800000	2703.65000000	2703.69600000	2760.37000000	2755.06400000	2747.75000000	2748.93400000	2737.20800000	2738.44600000	2747.25400000	2744.77600000	2699.20800000	2699.72600000	2707.09400000	2705.20800000	2735.98820000	2735.81780000
2757123745.81939793	2779.41200000	2780.77200000	2733.34200000	2729.00400000	2761.80800000	2758.67000000	2739.95200000	2742.13400000	2778.92000000	2776.84200000	2785.52200000	2788.23000000	2732.49200000	2726.19000000	2739.53600000	2736.43200000	2719.59200000	2716.26600000	2723.51800000	2719.13800000	2749.40940000	2747.36780000
2758127090.30100346	2806.30600000	2804.85200000	2723.44000000	2723.87600000	2736.57200000	2732.79200000	2721.01000000	2717.54600000	2770.90400000	2772.98000000	2755.34800000	2751.67200000	2736.31400000	2734.49200000	2732.05400000	2728.17400000	2715.85000000	2713.45200000	2703.31800000	2705.63600000	2740.11160000	2738.54720000
2759130434.78260851	2796.38800000	2791.03000000	2792.12600000	2791.32600000	2756.02000000	2754.20600000	2729.54800000	2727.90800000	2750.51000000	2745.66000000	2738.82000000	2734.27800000	2757.15800000	2750.64800000	2753.43400000	2752.67600000	2751.09200000	2747.40000000	2719.08600000	2715.35400000	2754.41820000	2751.04860000
2760133779.26421404	2796.98400000	2798.57000000	2775.33800000	2778.90400000	2784.22000000	2782.26600000	2739.80000000	2739.74200000	2782.04800000	2781.87000000	2716.10800000	2721.47200000	2729.98600000	2727.56200000	2732.90000000	2732.29400000	2796.30400000	2794.41800000	2683.01000000	2683.09800000	2753.66980000	2754.01960000
2761137123.74581957	2797.30400000	2794.75000000	2783.83000000	2782.61000000	2744.09800000	2742.72600000	2723.81600000	2725.18800000	2768.21800000	2765.42600000	2738.38600000	2734.37600000	2736.46800000	2734.66200000	2730.56600000	2728.51800000	2755.04600000	2755.29400000	2709.24000000	2711.73200000	2748.69720000	2747.52820000
2762140468.22742462	2794.29200000	2790.00200000	2773.67000000	2772.36200000	2791.62600000	2794.17800000	2738.87000000	2746.71000000	2777.49600000	2778.00400000	2726.91000000	2722.48600000	2738.33200000	2734.40200000	2730.51800000	2728.71800000	2798.11800000	2791.34000000	2686.69800000	2684.84800000	2755.65300000	2754.30500000
2763143812.70903015	2797.73600000	2796.88000000	2736.25000000	2735.49000000	2750.58000000	2748.42200000	2710.94800000	2708.26200000	2765.39000000	2765.71000000	2728.97200000	2727.63200000	2739.16200000	2729.62600000	2726.23600000	2728.62600000	2704.26600000	2699.77800000	2707.72200000	2708.30400000	2736.72620000	2734.87300000
2764147157.19063568	2806.41200000	2805.43800000	2745.48200000	2740.42200000	2735.04600000	2733.05000000	2731.51600000	2729.55600000	2711.17200000	2712.65200000	2724.53600000	2724.62800000	2743.76600000	2735.83800000	2772.35600000	2768.33000000	2737.90000000	2732.69000000	2708.37400000	2707.99400000	2741.65600000	2739.05980000
2765150501.67224073	2798.63600000	2799.63600000	2739.27400000	2737.07400000	2778.42600000	2774.76200000	2769.70200000	2770.38000000	2723.92000000	2725.22600000	2732.64400000	2729.82000000	2722.73200000	2722.07600000	2745.41600000	2739.52200000	2757.85600000	2755.01600000	2712.38600000	2707.76200000	2748.09920000	2746.12740000
2766153846.15384626	2826.57800000	2827.83000000	2790.17600000	2789.53800000	2760.52800000	2759.03200000	2726.21600000	2728.69200000	2728.22800000	2728.19800000	2761.17600000	2761.79000000	2736.97400000	2741.44400000	2773.21000000	2769.62200000	2736.98800000	2736.31200000	2702.30800000	2700.24600000	2754.23820000	2754.27040000
2767157190.63545132	2820.26400000	2820.79000000	2789.86000000	2790.99200000	2752.01000000	2748.38200000	2716.41600000	2716.49800000	2722.73000000	2724.57000000	2760.09000000	2756.68400000	2730.93200000	2728.03000000	2754.89200000	2752.54600000	2728.29800000	2723.78000000	2701.72800000	2696.23400000	2747.72200000	2745.85060000
2768160535.11705685	2812.05800000	2811.08800000	2743.76800000	2746.49200000	2798.44800000	2798.43800000	2766.32800000	2764.36000000	2759.36400000	2751.99800000	2735.44000000	2734.09600000	2731.77800000	2730.24600000	2740.47800000	2735.31600000	2769.47200000	2773.25800000	2702.39400000	2701.07400000	2755.95280000	2754.63660000
2769163879.59866238	2796.12000000	2792.44800000	2745.52000000	2742.07800000	2761.86800000	2761.51400000	2757.56400000	2755.03000000	2727.75600000	2729.84200000	2724.19000000	2727.07000000	2729.14800000	2730.07200000	2746.98600000	2746.63200000	2746.36000000	2744.56800000	2715.69000000	2712.40400000	2745.12020000	2744.16580000
2770167224.08026743	2802.74200000	2804.82800000	2742.03400000	2740.66000000	2731.85400000	2734.64000000	2754.04600000	2751.71600000	2747.30000000	2741.79400000	2803.83200000	2804.65600000	2718.26600000	2716.53400000	2732.99600000	2730.52000000	2732.02400000	2729.25600000	2702.34400000	2707.77200000	2746.74380000	2746.23760000
2771170568.56187296	2780.73200000	2779.87200000	2733.83200000	2731.44800000	2744.15200000	2747.85800000	2713.92200000	2711.89600000	2763.27000000	2756.80000000	2727.90200000	2724.60800000	2738.83400000	2734.20200000	2713.87400000	2715.22400000	2701.55600000	2701.39000000	2717.30800000	2710.68800000	2733.53820000	2731.39860000
2772173913.04347849	2804.55000000	2797.98600000	2737.81600000	2731.35200000	2740.59000000	2736.55000000	2746.77600000	2744.00200000	2757.98600000	2760.70400000	2800.11800000	2801.35400000	2714.01400000	2706.97400000	2734.07000000	2724.36600000	2740.37400000	2736.97400000	2710.08800000	2705.82200000	2748.63820000	2744.60840000
2773177257.52508354	2785.62800000	2783.90000000	2734.40000000	2730.44000000	2760.55200000	2755.91000000	2748.85400000	2749.98400000	2761.71000000	2764.66200000	2804.25800000	2806.52200000	2715.03000000	2716.23200000	2728.53200000	2726.72800000	2748.66000000	2745.42000000	2710.08200000	2707.36200000	2749.77060000	2748.71600000
2774180602.00668907	2807.96600000	2807.48400000	2762.91400000	2761.77000000	2732.20800000	2734.19600000	2714.98600000	2713.46600000	2802.86000000	2800.68600000	2721.76800000	2720.82200000	2740.50000000	2733.38000000	2740.31000000	2740.05800000	2764.50400000	2763.48200000	2697.21600000	2698.67400000	2748.52320000	2747.40180000
2775183946.48829412	2781.29400000	2778.66800000	2728.84200000	2729.92000000	2731.04400000	2729.84200000	2709.49800000	2712.80400000	2788.27200000	2785.48000000	2761.30600000	2760.09000000	2733.97200000	2728.92400000	2728.79400000	2731.88000000	2719.50800000	2712.72200000	2700.00200000	2693.94600000	2738.25320000	2736.42760000
2776187290.96989965	2810.70600000	2811.39800000	2793.17000000	2789.99000000	2755.59000000	2762.38800000	2735.05200000	2730.78200000	2734.81000000	2731.54400000	2763.19200000	2759.68000000	2744.38800000	2745.76600000	2761.85400000	2758.89200000	2743.68400000	2741.52600000	2715.55400000	2712.23800000	2755.80000000	2754.42040000
2777190635.45150518	2780.15800000	2781.21200000	2728.43000000	2731.41600000	2752.74000000	2750.59200000	2745.34000000	2743.83800000	2758.47400000	2755.30400000	2802.88600000	2798.76000000	2713.06200000	2708.56400000	2725.46200000	2721.87800000	2734.64600000	2732.89600000	2708.64200000	2705.95800000	2744.98400000	2743.04180000
2778193979.93311024	2775.35000000	2775.86800000	2727.99200000	2724.94200000	2751.64400000	2750.96200000	2739.29000000	2737.57400000	2776.04200000	2774.80400000	2778.14800000	2777.73200000	2726.75800000	2728.17200000	2732.08000000	2730.95200000	2712.91600000	2710.62800000	2716.33200000	2715.96600000	2743.65520000	2742.76000000
2779197324.41471577	2830.63800000	2822.85200000	2786.51400000	2790.98600000	2755.73200000	2752.67600000	2720.37000000	2718.40800000	2730.83800000	2725.35800000	2760.80200000	2760.33200000	2737.65200000	2738.47000000	2767.35000000	2762.60200000	2730.35800000	2734.29200000	2700.22400000	2699.33600000	2752.04780000	2750.53120000
2780200668.89632130	2824.98200000	2823.90200000	2795.39000000	2785.91600000	2756.40800000	2753.32600000	2718.75800000	2714.39800000	2725.96800000	2725.24400000	2761.47400000	2756.28800000	2736.97200000	2733.89000000	2763.83800000	2757.63400000	2725.02400000	2727.84200000	2699.70000000	2694.94400000	2750.85140000	2747.33840000
2781204013.37792635	2806.04800000	2808.12600000	2762.14200000	2759.97000000	2750.73600000	2744.63400000	2722.38400000	2719.93000000	2811.61400000	2814.01000000	2730.72000000	2729.64200000	2733.08800000	2733.59200000	2738.67600000	2738.28000000	2780.01200000	2774.61800000	2700.39000000	2698.20800000	2753.58100000	2752.10100000
2782207357.85953188	2814.81200000	2810.82400000	2740.28200000	2738.72200000	2738.74600000	2735.36600000	2742.75200000	2739.01400000	2717.26800000	2711.67000000	2756.55800000	2754.27800000	2723.94800000	2720.21000000	2768.71200000	2763.79400000	2711.83400000	2712.48400000	2707.76000000	2714.16600000	2742.26720000	2740.05280000
2783210702.34113693	2811.59800000	2808.69200000	2741.77600000	2742.42600000	2807.52000000	2801.54600000	2764.47200000	2760.96400000	2754.88000000	2755.98600000	2737.37800000	2736.00600000	2731.45400000	2728.41000000	2739.84400000	2737.82800000	2783.97800000	2782.14200000	2698.28800000	2696.69600000	2757.11880000	2755.06960000
2784214046.82274246	2808.43400000	2803.61600000	2794.91800000	2791.75400000	2758.65800000	2755.94600000	2734.89800000	2734.30400000	2741.99600000	2740.65000000	2747.70800000	2739.36600000	2751.30200000	2747.69200000	2753.47000000	2752.02800000	2747.63000000	2747.03400000	2715.29400000	2715.77400000	2755.43080000	2752.81640000
2785217391.30434799	2790.54800000	2794.36200000	2774.15800000	2772.10000000	2747.44000000	2750.95000000	2725.89600000	2727.00600000	2757.46600000	2758.82400000	2734.93400000	2730.93000000	2748.43800000	2742.54600000	2737.61000000	2741.99800000	2749.82000000	2747.55800000	2713.26400000	2712.83000000	2747.95740000	2747.91040000
2786220735.78595304	2781.13800000	2782.55400000	2728.31400000	2722.42600000	2764.12600000	2764.98600000	2742.89000000	2737.09200000	2750.31600000	2753.43200000	2801.78600000	2795.06800000	2724.31600000	2718.28200000	2725.53200000	2727.22600000	2733.98800000	2729.12400000	2713.99000000	2713.52000000	2746.63960000	2744.37100000
2787224080.26755857	2806.70800000	2802.24400000	2727.39600000	2728.30400000	2733.94600000	2728.68200000	2718.83000000	2714.82200000	2775.70600000	2772.78600000	2755.95200000	2749.23000000	2733.23400000	2733.99000000	2725.49000000	2717.22200000	2712.08600000	2713.62400000	2699.59400000	2694.31800000	2738.89420000	2735.52220000
2788227424.74916410	2793.57200000	2797.11000000	2741.80000000	2744.61400000	2749.55200000	2753.76000000	2748.89000000	2751.40800000	2718.59400000	2718.05200000	2724.41400000	2723.58800000	2735.73400000	2734.55200000	2764.74200000	2760.68800000	2747.36200000	2743.72800000	2706.54800000	2710.88200000	2743.12080000	2743.83820000
2789230769.23076916	2807.47200000	2801.06400000	2773.61200000	2766.25200000	2723.76400000	2724.84400000	2717.01000000	2718.12800000	2789.44600000	2785.36200000	2730.30200000	2727.32400000	2731.84600000	2730.72800000	2732.51400000	2734.31200000	2756.96400000	2756.63400000	2712.91800000	2706.78000000	2747.58480000	2745.14280000
2790234113.71237469	2808.38400000	2808.90400000	2758.35800000	2755.25000000	2728.09600000	2727.81600000	2716.17200000	2708.95800000	2804.65600000	2796.81200000	2723.17600000	2719.25000000	2729.30400000	2731.92200000	2735.60400000	2735.86200000	2760.69200000	2759.28800000	2695.15000000	2696.83800000	2745.95920000	2744.09000000
2791237458.19397974	2809.98600000	2811.05200000	2773.76800000	2772.55000000	2766.94600000	2768.57000000	2727.92000000	2732.75600000	2818.67200000	2814.05400000	2722.13600000	2720.88000000	2743.83400000	2742.53400000	2742.19600000	2737.38800000	2818.40200000	2816.44400000	2696.55000000	2696.18600000	2762.04100000	2761.24140000
2792240802.67558527	2822.41400000	2824.29800000	2754.73000000	2753.78200000	2725.68400000	2725.96200000	2738.30600000	2738.93000000	2741.10600000	2737.27200000	2786.16000000	2785.46600000	2745.24800000	2738.48200000	2732.95000000	2735.04400000	2720.87000000	2711.83600000	2689.71000000	2690.62400000	2745.71780000	2744.16960000
2793244147.15719080	2785.58800000	2778.74400000	2737.27000000	2733.05200000	2754.72800000	2752.71200000	2745.64200000	2747.01000000	2763.91200000	2764.19200000	2809.20600000	2809.16400000	2713.38200000	2717.30000000	2725.58800000	2727.36400000	2754.47600000	2751.95200000	2713.40800000	2710.87400000	2750.32000000	2749.23640000
2794247491.63879585	2824.34800000	2825.53400000	2771.58600000	2772.56600000	2735.63600000	2726.28400000	2742.32400000	2736.50000000	2725.08400000	2730.06800000	2784.85200000	2788.07000000	2748.11200000	2744.54400000	2743.60200000	2739.66000000	2723.55600000	2720.48600000	2702.48000000	2695.73800000	2750.15800000	2747.94500000
2795250836.12040138	2774.94400000	2774.77400000	2728.67600000	2722.59600000	2742.59400000	2738.85000000	2712.97800000	2710.49000000	2778.49200000	2779.01600000	2761.48400000	2761.28400000	2739.78200000	2734.73600000	2729.80800000	2725.62000000	2717.43800000	2716.91800000	2689.68200000	2692.69800000	2737.58780000	2735.69820000
2796254180.60200691	2811.23600000	2801.61200000	2720.08400000	2719.21000000	2742.63200000	2740.62000000	2704.74800000	2704.21400000	2758.36600000	2757.06600000	2741.77600000	2743.11800000	2732.06200000	2730.87400000	2745.60200000	2741.42600000	2704.95600000	2703.48600000	2707.64400000	2705.33200000	2736.91060000	2734.69580000
2797257525.08361197	2817.95000000	2818.45600000	2732.30000000	2733.54600000	2738.79600000	2735.66200000	2743.42400000	2743.66000000	2710.58000000	2713.21600000	2755.20600000	2755.69200000	2723.89000000	2723.73400000	2772.86800000	2770.81400000	2720.87600000	2715.10200000	2716.31200000	2710.95000000	2743.22020000	2742.08320000
2798260869.56521749	2827.84200000	2829.31000000	2775.39600000	2772.00600000	2739.19200000	2738.88600000	2742.97400000	2741.19000000	2726.82200000	2727.53000000	2785.52800000	2786.97000000	2752.20400000	2747.99600000	2745.38400000	2747.03200000	2726.93600000	2726.28200000	2703.26200000	2700.91000000	2752.55400000	2751.81120000
2799264214.04682255	2825.78800000	2826.36200000	2791.64000000	2789.74000000	2752.63600000	2747.46600000	2722.13400000	2720.42800000	2725.41000000	2723.77000000	2765.12600000	2766.79600000	2734.64400000	2733.26600000	2754.70600000	2753.29000000	2723.72400000	2723.11200000	2711.53600000	2708.17200000	2750.73440000	2749.24020000
2800267558.52842808	2811.04800000	2807.29800000	2714.89200000	2712.75800000	2737.98800000	2734.57200000	2703.09600000	2702.40200000	2756.36000000	2756.77200000	2752.82000000	2748.47000000	2729.74000000	2727.66600000	2750.68800000	2744.10200000	2702.52400000	2702.91200000	2708.45000000	2711.80600000	2736.76060000	2734.87580000
2801270903.01003361	2805.91400000	2806.49200000	2756.45000000	2758.33800000	2728.53400000	2726.49400000	2711.74200000	2717.97400000	2801.95800000	2794.37000000	2722.61600000	2719.01000000	2731.45000000	2727.84400000	2736.78000000	2732.64000000	2755.29200000	2756.41400000	2697.45800000	2692.51800000	2744.81940000	2743.20940000
2802274247.49163866	2819.37400000	2819.57800000	2750.40600000	2748.56600000	2726.23600000	2725.49200000	2751.70000000	2750.13800000	2746.29200000	2743.67200000	2785.91600000	2789.50200000	2731.92800000	2738.65800000	2734.32400000	2733.11600000	2711.85600000	2711.22600000	2690.78200000	2690.11600000	2744.88140000	2745.00640000
2803277591.97324419	2816.45800000	2812.62600000	2717.52400000	2712.53400000	2739.88800000	2739.28200000	2711.53600000	2710.88800000	2759.68200000	2751.56600000	2759.28400000	2754.71600000	2743.39000000	2744.48400000	2747.87000000	2744.11200000	2701.93400000	2706.75400000	2711.76800000	2706.27000000	2740.93340000	2738.32320000
2804280936.45484972	2826.32200000	2828.74800000	2786.57200000	2786.46000000	2748.06200000	2748.81200000	2721.03400000	2723.85000000	2729.17400000	2732.86800000	2777.56800000	2775.96400000	2740.64600000	2734.82400000	2753.74200000	2750.57200000	2721.52200000	2718.91400000	2710.37200000	2707.93200000	2751.50140000	2750.89440000
2805284280.93645477	2796.98400000	2794.13800000	2779.70000000	2781.37800000	2749.25800000	2743.60800000	2722.87800000	2723.07400000	2761.23400000	2758.83400000	2734.39600000	2735.12600000	2731.91400000	2733.61800000	2728.62000000	2727.65200000	2751.12600000	2750.49600000	2706.18400000	2709.73200000	2746.22940000	2745.76560000
2806287625.41806030	2827.91000000	2826.83600000	2757.25600000	2754.62000000	2733.77800000	2730.05400000	2744.89200000	2746.11200000	2720.57400000	2725.46000000	2764.13400000	2759.35200000	2724.51200000	2726.00400000	2742.64000000	2741.07800000	2706.27000000	2702.55200000	2700.62800000	2699.00200000	2742.25940000	2741.10700000
2807290969.89966536	2823.53400000	2821.19200000	2750.18400000	2750.37200000	2733.01400000	2730.19800000	2750.83600000	2748.51400000	2749.03600000	2747.57400000	2801.10800000	2799.58800000	2728.91000000	2726.38000000	2733.19600000	2732.28600000	2716.81000000	2715.46200000	2699.84400000	2697.81800000	2748.64720000	2746.93840000
2808294314.38127089	2788.98600000	2788.77400000	2793.67400000	2788.35400000	2756.94200000	2757.43600000	2732.53400000	2732.97400000	2749.09000000	2748.75400000	2738.57400000	2741.67600000	2750.67400000	2752.20600000	2754.81400000	2756.48200000	2752.93200000	2757.86600000	2720.98000000	2722.70200000	2753.92000000	2754.72240000
2809297658.86287642	2828.20600000	2827.86400000	2779.85400000	2783.65600000	2749.79400000	2752.82600000	2740.58800000	2740.69600000	2732.25400000	2734.56000000	2785.57600000	2779.81000000	2743.26600000	2740.42800000	2752.21800000	2749.29000000	2726.67200000	2717.89400000	2700.27200000	2702.05600000	2753.87000000	2752.90800000
2810301003.34448147	2808.35200000	2811.12600000	2741.20000000	2745.78400000	2739.86600000	2736.16800000	2734.37800000	2735.64800000	2716.20600000	2711.13800000	2725.33400000	2724.94600000	2741.10800000	2738.20200000	2778.04600000	2772.74600000	2734.41200000	2732.25600000	2704.80000000	2706.64600000	2742.37020000	2741.46600000
2811304347.82608700	2809.27600000	2808.91400000	2744.65800000	2740.44800000	2803.70600000	2801.04800000	2761.30400000	2757.78600000	2753.43200000	2748.69400000	2729.83600000	2729.87000000	2727.63800000	2730.78800000	2734.92800000	2738.52600000	2772.42800000	2771.57600000	2694.83200000	2701.60600000	2753.20380000	2752.92560000
2812307692.30769253	2821.81200000	2817.94000000	2729.27400000	2721.71400000	2739.54400000	2737.31200000	2726.34400000	2723.45200000	2784.50400000	2780.30600000	2760.71400000	2766.55800000	2745.21200000	2739.82000000	2736.25200000	2734.80000000	2715.64600000	2711.56800000	2698.42400000	2698.13800000	2745.77260000	2743.16080000
2813311036.78929758	2773.65600000	2776.14200000	2731.52400000	2734.60200000	2765.18600000	2763.39600000	2730.71400000	2728.12200000	2788.44000000	2788.73000000	2773.71800000	2769.40800000	2748.90200000	2748.27400000	2734.66400000	2737.39600000	2719.56000000	2719.35400000	2707.63200000	2705.05600000	2747.39960000	2747.04800000
2814314381.27090311	2785.60600000	2794.65800000	2738.71600000	2736.18800000	2743.02800000	2745.00000000	2744.80000000	2744.73400000	2758.75800000	2756.42400000	2811.31400000	2810.51200000	2720.15000000	2714.49200000	2732.02200000	2729.45400000	2758.72000000	2755.13200000	2712.58600000	2712.15800000	2750.57000000	2749.87520000
2815317725.75250816	2813.56400000	2812.34600000	2747.26200000	2747.63000000	2792.71000000	2794.22000000	2762.79000000	2762.80400000	2740.02600000	2742.06400000	2748.44000000	2742.32800000	2725.26000000	2722.87400000	2738.39000000	2733.56800000	2749.12400000	2750.47000000	2693.64000000	2697.13600000	2751.12060000	2750.54400000
2816321070.23411369	2787.25600000	2783.22000000	2764.46000000	2766.68400000	2794.24800000	2797.89800000	2744.93400000	2747.36600000	2772.43800000	2770.98000000	2723.82200000	2723.73800000	2734.70800000	2734.79000000	2729.16000000	2727.96000000	2793.32800000	2795.15200000	2687.10600000	2687.00200000	2753.14600000	2753.47900000
2817324414.71571922	2805.74400000	2805.09200000	2719.44400000	2717.90000000	2735.05200000	2728.82400000	2716.23000000	2717.38400000	2769.16200000	2764.36800000	2751.65400000	2751.65000000	2732.24600000	2733.34000000	2733.43600000	2732.29200000	2713.81400000	2711.98000000	2701.81000000	2699.02400000	2737.85920000	2736.18540000
2818327759.19732428	2817.72800000	2814.80200000	2734.16400000	2731.63000000	2738.00600000	2732.82800000	2736.81200000	2734.25200000	2714.20400000	2711.85600000	2740.72200000	2743.61600000	2729.51800000	2733.75000000	2775.16200000	2773.33600000	2723.73200000	2718.98800000	2710.45000000	2709.15200000	2742.04980000	2740.42100000
2819331103.67892981	2822.65400000	2821.34600000	2748.62400000	2748.74000000	2739.55800000	2741.79800000	2750.51000000	2750.61200000	2725.79400000	2728.89400000	2771.26000000	2772.36200000	2729.24600000	2728.27000000	2756.48600000	2759.05200000	2712.60000000	2713.88800000	2714.53600000	2714.55200000	2747.12680000	2747.95140000
2820334448.16053534	2779.92000000	2782.38400000	2729.86600000	2729.70200000	2740.94600000	2738.40400000	2715.47000000	2713.02800000	2789.12400000	2788.41600000	2765.62000000	2761.43800000	2736.70800000	2733.53000000	2735.42800000	2738.31200000	2721.27600000	2719.57000000	2693.38400000	2694.58400000	2740.77420000	2739.93680000
2821337792.64214039	2819.41000000	2819.19200000	2723.05000000	2721.86400000	2735.57400000	2737.31400000	2723.51400000	2724.56000000	2782.01200000	2779.87400000	2754.33200000	2753.17800000	2741.82200000	2737.22200000	2734.75600000	2734.21600000	2713.34200000	2711.72200000	2700.60600000	2699.28200000	2742.84180000	2741.84240000
2822341137.12374592	2796.69800000	2796.88800000	2777.65800000	2771.39600000	2781.06000000	2776.30400000	2736.96000000	2737.82400000	2782.32600000	2779.35200000	2714.03400000	2712.71800000	2721.24800000	2725.38200000	2723.40000000	2729.44600000	2798.32600000	2800.28000000	2679.91600000	2678.03800000	2751.16260000	2750.76280000
2823344481.60535097	2792.52800000	2789.61400000	2773.21800000	2775.59600000	2750.49400000	2748.64200000	2727.15000000	2724.89000000	2758.52200000	2756.65200000	2739.21200000	2734.31200000	2746.02000000	2741.40600000	2735.82800000	2736.69800000	2750.62800000	2744.66800000	2712.09600000	2707.35200000	2748.56960000	2745.98300000
2824347826.08695650	2823.47800000	2821.22400000	2723.57000000	2720.53400000	2747.44200000	2741.57800000	2712.66200000	2711.64600000	2754.67000000	2753.71200000	2748.07000000	2747.75800000	2742.20200000	2741.41800000	2746.63800000	2744.56200000	2707.70800000	2704.90000000	2708.78400000	2707.52600000	2741.52240000	2739.48580000
2825351170.56856203	2804.01600000	2801.70800000	2776.12800000	2770.17600000	2768.48400000	2767.63200000	2732.87600000	2729.88600000	2807.24800000	2805.24400000	2718.48400000	2717.05400000	2736.71400000	2735.76800000	2730.58000000	2734.63200000	2806.76800000	2799.19400000	2692.36800000	2693.21800000	2757.36660000	2755.45120000
2826354515.05016708	2790.34200000	2793.26000000	2739.58200000	2738.15200000	2754.01200000	2754.82200000	2753.14800000	2754.41000000	2717.19800000	2719.43800000	2719.95800000	2721.93600000	2727.48400000	2727.70800000	2753.05800000	2755.39400000	2737.78400000	2741.15000000	2714.04600000	2712.60600000	2740.66120000	2741.88760000
2827357859.53177261	2801.19600000	2803.97800000	2755.04400000	2747.87200000	2795.96600000	2797.01600000	2751.42800000	2753.45200000	2759.77600000	2763.83800000	2734.94000000	2728.44000000	2733.58800000	2735.35200000	2739.95200000	2737.18200000	2785.71000000	2793.06000000	2699.74800000	2705.55000000	2755.73480000	2756.57400000
2828361204.01337814	2818.93800000	2818.82600000	2725.65800000	2721.84400000	2745.59400000	2743.46800000	2707.12200000	2708.80200000	2759.86600000	2762.27400000	2738.26000000	2737.04000000	2731.00200000	2732.10400000	2745.25400000	2745.96200000	2703.01600000	2695.98000000	2699.03000000	2700.62800000	2737.37400000	2736.69280000
2829364548.49498320	2777.56400000	2776.16400000	2722.00200000	2722.51000000	2759.73000000	2761.70800000	2741.49800000	2741.08200000	2764.22800000	2763.75200000	2788.10200000	2786.38400000	2725.61200000	2722.70400000	2733.54600000	2731.05000000	2714.49200000	2715.39600000	2720.96400000	2725.22000000	2744.77380000	2744.59700000
2830367892.97658873	2802.62200000	2804.04200000	2756.85400000	2752.53400000	2743.44800000	2738.75600000	2717.04800000	2715.87200000	2810.31600000	2813.79400000	2725.03200000	2725.07400000	2731.90000000	2731.57000000	2740.47600000	2738.11000000	2774.73800000	2772.88600000	2697.63400000	2693.05600000	2750.00680000	2748.56940000
2831371237.45819378	2818.85800000	2820.79800000	2745.57600000	2750.24600000	2730.84400000	2732.25600000	2746.36800000	2748.64800000	2739.36000000	2740.35600000	2802.63400000	2801.80800000	2720.29200000	2723.40600000	2732.87600000	2721.96200000	2713.18000000	2716.22000000	2700.74600000	2696.94200000	2745.07340000	2745.26420000
2832374581.93979931	2820.89600000	2820.16800000	2732.58000000	2733.95800000	2741.09000000	2737.80400000	2732.09800000	2732.82600000	2716.94600000	2714.20200000	2735.53000000	2734.14800000	2737.00200000	2731.96400000	2773.36200000	2774.11800000	2719.46200000	2719.50000000	2714.30200000	2712.22600000	2742.32680000	2741.09140000
2833377926.42140484	2812.82400000	2814.44800000	2737.91400000	2742.41200000	2738.07000000	2740.02400000	2748.83200000	2746.96200000	2719.59800000	2716.24800000	2760.13600000	2757.23200000	2727.77400000	2726.14200000	2763.96000000	2762.45400000	2711.66800000	2712.41400000	2717.92600000	2719.66400000	2743.87020000	2743.80000000
2834381270.90300989	2812.42000000	2807.99000000	2730.54800000	2729.27400000	2756.96000000	2752.14200000	2713.66000000	2711.08000000	2766.12800000	2765.85000000	2728.04000000	2723.54800000	2733.60600000	2732.31800000	2740.01800000	2739.18600000	2701.24200000	2700.80000000	2704.16800000	2706.77400000	2738.67900000	2736.89620000
2835384615.38461542	2820.69800000	2820.26400000	2790.07000000	2790.90200000	2754.61600000	2755.96200000	2725.89400000	2725.46200000	2726.91000000	2725.50600000	2753.49600000	2755.40400000	2737.63200000	2741.12000000	2765.78200000	2766.99400000	2733.35000000	2734.40800000	2703.00200000	2699.65600000	2751.14500000	2751.56780000
2836387959.86622095	2809.75600000	2814.22800000	2745.23600000	2741.55400000	2733.48000000	2733.19800000	2729.40600000	2730.00000000	2708.60400000	2710.07800000	2726.76800000	2727.34400000	2739.29400000	2743.70600000	2770.50200000	2773.09200000	2721.15400000	2723.46200000	2699.94000000	2698.63800000	2738.41400000	2739.53000000
2837391304.34782600	2799.88400000	2799.68200000	2731.45800000	2732.41600000	2736.97000000	2734.87400000	2720.09000000	2721.73000000	2778.04400000	2778.39400000	2756.58000000	2760.30400000	2731.37400000	2735.66000000	2733.09000000	2727.83800000	2718.34600000	2718.02200000	2699.44200000	2700.50600000	2740.52780000	2740.94260000
2838394648.82943153	2815.46800000	2819.51600000	2745.07800000	2748.93800000	2737.83000000	2740.46000000	2746.12800000	2749.71000000	2745.83000000	2742.29400000	2805.79400000	2814.62200000	2719.78600000	2718.29600000	2734.65200000	2734.51400000	2716.76200000	2722.01400000	2699.22800000	2703.33000000	2746.65560000	2749.36940000
2839397993.31103659	2810.78800000	2807.59800000	2713.65800000	2717.34200000	2738.82600000	2737.99600000	2707.46000000	2706.59800000	2759.18200000	2763.81400000	2750.39600000	2747.95600000	2729.07400000	2725.70200000	2743.41200000	2742.88400000	2706.33400000	2704.70800000	2710.87600000	2714.62000000	2737.00060000	2736.92180000
2840401337.79264212	2794.99400000	2797.33800000	2781.25000000	2779.13200000	2735.37800000	2735.15000000	2721.12200000	2722.76000000	2774.19800000	2771.51200000	2725.82000000	2732.62800000	2737.24600000	2737.09800000	2729.59800000	2728.54200000	2757.33000000	2754.83600000	2714.25400000	2715.97400000	2747.11900000	2747.49700000
2841404682.27424765	2823.22000000	2826.67400000	2772.62800000	2777.50600000	2737.90200000	2733.34200000	2744.00000000	2742.32400000	2731.92800000	2731.28200000	2796.37400000	2793.95000000	2753.34400000	2752.99200000	2742.07400000	2740.04000000	2728.34400000	2728.80200000	2691.78200000	2692.80200000	2752.15960000	2751.97140000
2842408026.75585270	2795.79800000	2799.98200000	2766.30800000	2771.08800000	2753.87000000	2754.88800000	2719.86200000	2722.13400000	2814.92200000	2817.36200000	2722.87600000	2718.58800000	2734.96000000	2739.23000000	2732.92000000	2731.62000000	2805.34200000	2806.31400000	2699.06800000	2703.78200000	2754.59260000	2756.49880000
2843411371.23745823	2811.21800000	2810.83800000	2743.60200000	2745.16600000	2738.49800000	2742.81600000	2752.43000000	2751.68400000	2741.15000000	2741.16400000	2813.03200000	2820.39400000	2722.69800000	2718.63800000	2734.70200000	2734.70800000	2720.71200000	2727.46200000	2705.44400000	2705.02600000	2748.34860000	2749.78960000
2844414715.71906376	2809.79400000	2817.02000000	2792.51000000	2792.20800000	2759.52400000	2761.73400000	2724.70600000	2731.30200000	2725.68400000	2728.81000000	2754.34600000	2753.72000000	2736.83200000	2745.85800000	2765.12200000	2766.62000000	2730.91600000	2734.99400000	2706.55400000	2710.34200000	2750.59880000	2754.26080000
2845418060.20066881	2804.20800000	2804.11400000	2757.39400000	2763.38000000	2735.81400000	2741.11600000	2711.64600000	2717.36200000	2806.04800000	2812.36600000	2720.56600000	2726.42800000	2736.95600000	2736.63600000	2734.03200000	2741.16000000	2761.75400000	2766.46800000	2691.35200000	2694.94800000	2745.97700000	2750.39780000
2846421404.68227434	2801.13200000	2807.79600000	2713.37400000	2719.05600000	2723.97200000	2731.51400000	2713.73400000	2712.54800000	2759.98400000	2763.65600000	2746.36000000	2750.25200000	2729.23400000	2730.54600000	2732.04400000	2738.16400000	2706.54200000	2707.35200000	2696.16800000	2700.39200000	2732.25440000	2736.12760000
2847424749.16387939	2800.23800000	2805.32800000	2790.91000000	2794.46000000	2748.62000000	2758.66000000	2726.64800000	2730.48600000	2733.39000000	2737.70000000	2746.48800000	2748.90400000	2742.55200000	2746.02400000	2749.78400000	2754.37600000	2739.75400000	2743.45800000	2713.41800000	2709.77400000	2749.18020000	2752.91700000
2848428093.64548492	2798.01400000	2804.33600000	2730.89200000	2732.48800000	2735.11600000	2732.02800000	2746.33000000	2748.41000000	2746.60200000	2756.17400000	2790.87400000	2798.69600000	2703.53600000	2713.78200000	2726.63400000	2727.50000000	2727.86200000	2734.13800000	2698.28000000	2707.73800000	2740.41400000	2745.52900000
2849431438.12709045	2800.78600000	2807.70200000	2766.00400000	2774.62600000	2769.45000000	2775.24600000	2729.49600000	2739.31800000	2798.28600000	2806.91200000	2715.97800000	2722.44800000	2731.37200000	2735.94400000	2723.06200000	2730.74000000	2793.67400000	2800.70000000	2683.76400000	2685.03600000	2751.18720000	2757.86720000
2850434782.60869551	2826.06400000	2827.71200000	2756.09400000	2760.32800000	2728.70400000	2732.40600000	2731.86400000	2737.28800000	2739.23400000	2747.36600000	2786.99200000	2790.71000000	2745.16800000	2752.86200000	2737.94400000	2736.42200000	2720.29000000	2726.19600000	2694.66000000	2698.52400000	2746.70140000	2750.98140000
2851438127.09030104	2792.54400000	2802.36400000	2770.92600000	2775.76400000	2769.71400000	2779.70400000	2730.94000000	2735.98400000	2786.51600000	2794.21800000	2708.89200000	2713.28400000	2718.76200000	2727.09600000	2728.97400000	2726.23000000	2782.56400000	2791.31400000	2677.72600000	2686.89400000	2746.75580000	2753.28520000
2852441471.57190657	2800.92000000	2806.88800000	2751.85200000	2759.08200000	2739.75400000	2749.00200000	2712.18800000	2717.55400000	2804.47000000	2811.27400000	2719.09000000	2721.93000000	2733.33800000	2740.34800000	2734.58000000	2737.84200000	2765.84200000	2769.64000000	2692.38600000	2701.15000000	2745.44200000	2751.47100000
2853444816.05351162	2817.02400000	2825.17000000	2771.04400000	2783.41200000	2740.95000000	2747.56400000	2715.83200000	2721.78000000	2720.28600000	2728.06800000	2761.54400000	2775.41600000	2734.36400000	2737.48400000	2741.67400000	2746.68400000	2711.27800000	2716.82400000	2694.88000000	2703.28400000	2740.88760000	2748.56860000
2854448160.53511715	2811.94400000	2817.56600000	2736.18000000	2740.41400000	2729.27800000	2735.04200000	2727.67400000	2734.53000000	2699.61000000	2708.05200000	2720.26000000	2732.69400000	2735.87600000	2744.24000000	2763.45000000	2775.48400000	2715.16600000	2723.44000000	2693.72400000	2706.03600000	2733.31620000	2741.74980000
2855451505.01672220	2777.56800000	2783.02600000	2767.21000000	2775.08800000	2739.52400000	2747.00000000	2713.32600000	2724.98000000	2742.71200000	2752.21600000	2724.47800000	2735.45200000	2740.92000000	2748.73000000	2738.13000000	2742.22800000	2740.42600000	2750.60200000	2704.74000000	2717.79000000	2738.90340000	2747.71120000
2856454849.49832773	2786.28200000	2800.03200000	2727.05800000	2733.66400000	2723.54000000	2736.66400000	2737.72600000	2751.33800000	2733.64200000	2742.93400000	2791.16800000	2801.77800000	2699.63400000	2712.21000000	2722.26000000	2728.20800000	2715.26600000	2726.62000000	2692.70200000	2702.01400000	2732.92780000	2743.54620000
2857458193.97993326	2801.22200000	2811.79200000	2706.66200000	2721.30600000	2719.48000000	2732.24800000	2705.86600000	2716.58800000	2770.49200000	2778.91200000	2744.20000000	2755.41400000	2724.83000000	2735.82200000	2719.62600000	2734.45600000	2703.74000000	2715.09000000	2688.06200000	2702.44000000	2728.41800000	2740.40680000
2858461538.46153831	2808.21400000	2822.47200000	2761.63200000	2774.40400000	2719.68800000	2733.29000000	2730.77400000	2742.02400000	2735.29200000	2743.97800000	2789.37800000	2800.93800000	2746.39600000	2757.78600000	2730.80600000	2745.21600000	2711.17200000	2727.83400000	2680.04200000	2695.06800000	2741.33940000	2754.30100000
2859464882.94314384	2777.57400000	2793.98400000	2723.97200000	2737.67000000	2737.38400000	2750.10400000	2738.49400000	2750.05800000	2702.19400000	2717.83800000	2709.71000000	2722.41800000	2716.02800000	2728.05600000	2738.13600000	2752.90400000	2724.38400000	2740.56600000	2695.47000000	2706.57000000	2726.33460000	2740.01680000
2860468227.42474937	2783.81600000	2793.86000000	2729.31400000	2742.20600000	2729.60000000	2744.42000000	2733.99200000	2747.37600000	2703.22600000	2714.09600000	2712.73200000	2728.15000000	2718.64000000	2732.37200000	2754.31800000	2766.22400000	2719.10600000	2734.77000000	2700.76400000	2711.01000000	2728.55080000	2741.44840000
2861471571.90635443	2779.14400000	2796.47800000	2725.04600000	2741.11400000	2764.35600000	2776.61400000	2752.31000000	2764.51000000	2705.54400000	2723.59800000	2715.98600000	2730.94400000	2697.96200000	2717.59800000	2730.12600000	2739.48000000	2742.60600000	2754.74400000	2690.56200000	2707.17000000	2730.36420000	2745.22500000
2862474916.38795996	2803.83000000	2816.72000000	2730.10400000	2748.24600000	2727.15600000	2740.44400000	2735.07800000	2747.21200000	2712.97200000	2720.70200000	2750.96800000	2764.33400000	2714.43200000	2728.05400000	2748.38000000	2766.37400000	2695.38400000	2706.38000000	2708.58400000	2716.73000000	2732.68880000	2745.51960000
2863478260.86956501	2801.39600000	2821.73800000	2724.94600000	2737.76000000	2725.28600000	2738.66200000	2731.57400000	2740.13600000	2700.23000000	2715.59400000	2742.82000000	2751.57800000	2716.74400000	2731.28000000	2761.19400000	2771.95000000	2714.42600000	2730.54600000	2703.79600000	2713.78600000	2732.24120000	2745.30300000
2864481605.35117054	2763.19400000	2778.02600000	2719.28600000	2733.97600000	2738.57800000	2751.67000000	2706.89600000	2722.84200000	2771.32400000	2783.90000000	2757.35600000	2769.32800000	2736.47600000	2746.27800000	2724.85800000	2734.44800000	2712.94800000	2726.45000000	2688.24400000	2697.13800000	2731.91600000	2744.40560000
2865484949.83277607	2784.43800000	2798.82400000	2757.00800000	2770.14200000	2740.92000000	2752.81800000	2704.59400000	2719.58200000	2801.58200000	2814.14400000	2709.41800000	2720.56600000	2724.38400000	2732.56200000	2715.92000000	2734.24200000	2794.66600000	2805.98600000	2694.79800000	2702.49400000	2742.77280000	2755.13600000
2866488294.31438112	2770.33000000	2784.52000000	2771.54800000	2782.02000000	2744.05200000	2750.64600000	2716.05000000	2725.39000000	2740.63800000	2754.42000000	2720.65400000	2736.45800000	2740.52600000	2752.90800000	2741.81400000	2747.65600000	2743.83200000	2756.34200000	2707.89000000	2714.18000000	2739.73340000	2750.45400000
2867491638.79598665	2803.26400000	2817.16600000	2717.07600000	2724.58400000	2737.15800000	2743.18400000	2701.69400000	2709.34600000	2746.62600000	2755.34400000	2731.34000000	2736.86600000	2726.18600000	2731.53600000	2737.32600000	2744.77200000	2695.01800000	2699.46600000	2694.49400000	2703.51400000	2729.01820000	2736.57780000
2868494983.27759218	2802.32200000	2805.03400000	2736.91400000	2745.41200000	2785.65800000	2797.14400000	2759.69000000	2762.96600000	2740.15800000	2747.50400000	2731.70600000	2734.72000000	2725.09800000	2733.65800000	2732.63400000	2738.33400000	2752.35200000	2762.95800000	2690.06600000	2700.97600000	2745.65980000	2752.87060000
2869498327.75919724	2796.76400000	2804.27000000	2730.35800000	2739.08800000	2727.92800000	2736.42200000	2744.46000000	2748.97800000	2729.63400000	2739.05600000	2799.89400000	2801.55000000	2707.05800000	2718.67200000	2725.21800000	2727.79400000	2717.78800000	2724.66800000	2698.74600000	2700.87000000	2737.78480000	2744.13680000
2870501672.24080276	2775.60600000	2784.49000000	2719.90800000	2731.39000000	2719.63200000	2726.03800000	2707.11600000	2712.98600000	2773.75400000	2784.34000000	2756.62800000	2762.00400000	2726.28600000	2731.69600000	2722.30800000	2732.91600000	2710.33200000	2720.13000000	2691.97200000	2697.80600000	2730.35420000	2738.37960000
2871505016.72240782	2767.73400000	2776.51600000	2715.35400000	2729.57200000	2748.23800000	2751.51200000	2729.69400000	2733.02200000	2774.18800000	2778.57000000	2761.98400000	2776.96000000	2729.44000000	2737.77600000	2728.08600000	2734.86200000	2699.55600000	2714.50600000	2700.75200000	2709.48400000	2735.50260000	2744.27800000
2872508361.20401335	2794.53400000	2805.13200000	2715.64800000	2721.75400000	2719.64000000	2725.95200000	2711.09800000	2714.42600000	2763.04200000	2773.62600000	2739.47200000	2751.80400000	2727.57800000	2732.96400000	2716.72400000	2717.59200000	2699.91400000	2714.13400000	2684.13800000	2694.02000000	2727.17880000	2735.14040000
2873511705.68561888	2796.08800000	2807.69200000	2703.52000000	2712.45600000	2727.62800000	2737.40800000	2696.14200000	2702.91600000	2750.83200000	2755.75800000	2736.63000000	2743.77200000	2718.51800000	2721.85600000	2733.69600000	2744.18400000	2694.72400000	2703.21600000	2699.75400000	2707.77400000	2725.75320000	2733.70320000
2874515050.16722393	2776.78800000	2794.65600000	2760.50800000	2770.98200000	2778.94600000	2786.14200000	2729.32800000	2741.80400000	2770.69400000	2779.65200000	2715.26600000	2723.17600000	2718.72400000	2725.17000000	2718.15200000	2724.93800000	2781.66400000	2797.08200000	2671.16200000	2681.24200000	2742.12320000	2752.48440000
2875518394.64882946	2810.19400000	2820.38200000	2734.54200000	2747.27200000	2718.77600000	2728.59000000	2737.12600000	2747.70800000	2736.62200000	2749.08800000	2781.34800000	2790.34000000	2716.57000000	2726.73400000	2725.76400000	2737.98200000	2701.16000000	2712.76200000	2679.65600000	2689.19000000	2734.17580000	2745.00480000
2876521739.13043499	2811.58400000	2821.53400000	2763.31400000	2776.29200000	2729.56400000	2740.85200000	2722.64200000	2740.65400000	2715.80000000	2731.94400000	2768.63800000	2779.31600000	2729.58800000	2741.56400000	2735.84000000	2744.72800000	2708.80000000	2720.17000000	2687.74200000	2701.30800000	2737.35120000	2749.83620000
2877525083.61204004	2779.35000000	2795.07000000	2730.26800000	2739.85200000	2736.48200000	2748.92600000	2739.46400000	2753.09400000	2701.26000000	2716.44200000	2713.24200000	2728.62000000	2718.46200000	2729.90400000	2752.99600000	2762.45000000	2724.24200000	2738.66200000	2697.57000000	2712.06200000	2729.33360000	2742.50820000
2878528428.09364557	2791.22600000	2804.52800000	2764.10800000	2777.36600000	2756.74800000	2772.16200000	2722.64000000	2737.44800000	2793.15200000	2802.53400000	2708.60000000	2713.83200000	2723.93000000	2735.31000000	2714.44200000	2729.26400000	2783.15600000	2795.19400000	2671.20000000	2684.83600000	2742.92020000	2755.24740000
2879531772.57525063	2812.39200000	2826.56600000	2764.47200000	2776.96000000	2735.04600000	2744.88400000	2713.78200000	2723.53800000	2714.61600000	2727.69800000	2761.30400000	2777.64200000	2723.19400000	2737.06000000	2732.62600000	2746.38800000	2703.65400000	2719.40400000	2683.21800000	2698.24400000	2734.43040000	2747.83840000
2880535117.05685616	2785.22800000	2801.56200000	2733.51400000	2746.59400000	2788.24800000	2803.77600000	2742.63600000	2755.79400000	2746.79000000	2765.67000000	2719.85000000	2739.91200000	2721.38000000	2735.64600000	2724.12600000	2738.14000000	2772.69000000	2791.76600000	2685.29200000	2702.82000000	2741.97540000	2758.16800000
2881538461.53846169	2800.15400000	2811.51400000	2771.75400000	2785.67000000	2740.07600000	2755.13800000	2715.58600000	2721.81600000	2713.55600000	2726.95800000	2745.04800000	2757.85000000	2731.44800000	2743.52800000	2745.55600000	2755.67800000	2720.06800000	2740.55000000	2697.78800000	2713.55000000	2738.10340000	2751.22520000
2882541806.02006674	2775.36400000	2787.79400000	2720.20000000	2734.36400000	2735.90600000	2745.05600000	2698.11400000	2709.45800000	2749.65600000	2760.83800000	2714.57800000	2728.86800000	2716.64000000	2732.60200000	2704.45400000	2717.87800000	2686.33600000	2695.12200000	2697.59200000	2712.19200000	2719.88400000	2732.41720000
2883545150.50167227	2782.45800000	2797.33600000	2731.57800000	2745.03000000	2768.33200000	2775.31600000	2757.63800000	2772.21000000	2712.80200000	2726.01000000	2718.67200000	2729.15000000	2712.57800000	2725.05800000	2735.29400000	2747.22000000	2739.58200000	2752.61800000	2707.53200000	2716.86000000	2736.64660000	2748.68080000
2884548494.98327780	2794.39000000	2801.94600000	2737.01000000	2747.25600000	2777.85000000	2789.13200000	2756.55200000	2766.93000000	2721.33800000	2730.16000000	2726.50600000	2737.51800000	2713.32200000	2720.41200000	2733.81200000	2744.45000000	2750.49000000	2762.87000000	2693.68800000	2708.54000000	2740.49580000	2750.92140000
2885551839.46488285	2814.40200000	2827.92000000	2741.83800000	2756.12000000	2714.04800000	2724.67000000	2728.41200000	2735.10400000	2732.36200000	2740.78800000	2773.70800000	2783.01800000	2733.83400000	2739.05800000	2724.26800000	2733.24400000	2706.49600000	2713.97000000	2680.71600000	2687.41600000	2735.00840000	2744.13080000
2886555183.94648838	2779.20400000	2786.11400000	2731.99000000	2735.51800000	2741.91400000	2750.64400000	2740.80400000	2751.22400000	2761.82600000	2762.74800000	2805.84200000	2813.18600000	2707.98600000	2716.03800000	2717.88000000	2729.94200000	2748.86800000	2756.29800000	2704.78000000	2712.30600000	2744.10940000	2751.40180000
2887558528.42809343	2796.20000000	2802.70200000	2781.57800000	2793.69800000	2749.41200000	2755.49200000	2725.24000000	2730.39400000	2729.76800000	2736.59000000	2736.95600000	2740.33600000	2741.98000000	2746.77600000	2747.88200000	2758.10000000	2735.53000000	2741.93000000	2702.91000000	2709.87800000	2744.74560000	2751.58960000
2888561872.90969896	2815.79000000	2819.10200000	2743.98600000	2749.91600000	2733.44200000	2738.33400000	2742.85200000	2743.36800000	2739.78800000	2748.72800000	2808.98400000	2815.54200000	2718.19400000	2718.33000000	2726.60000000	2731.29400000	2713.08000000	2723.70600000	2699.47600000	2699.30600000	2744.21920000	2748.76260000
2889565217.39130449	2805.59800000	2811.04800000	2737.43800000	2746.16200000	2790.23600000	2795.71800000	2759.10400000	2768.34200000	2745.87800000	2750.12600000	2733.54000000	2740.48600000	2728.12400000	2734.95200000	2737.51400000	2742.26000000	2768.63600000	2762.64200000	2696.25800000	2705.34400000	2750.23260000	2755.70800000
2890568561.87290955	2777.65000000	2785.21200000	2718.05800000	2726.89200000	2753.61800000	2756.77200000	2737.27200000	2747.06200000	2752.15600000	2756.22600000	2794.28600000	2799.90000000	2713.34800000	2718.39200000	2727.27400000	2729.49400000	2726.45200000	2734.06000000	2707.56600000	2711.25200000	2740.76800000	2746.52620000
2891571906.35451508	2814.83200000	2816.49200000	2746.36600000	2750.19400000	2724.08800000	2724.29000000	2744.85000000	2751.00800000	2740.21200000	2742.24000000	2785.85800000	2786.61800000	2736.20600000	2745.11000000	2730.65600000	2734.48000000	2710.70800000	2710.87000000	2688.92600000	2692.59400000	2742.27020000	2745.38960000
2892575250.83612061	2810.37400000	2812.49000000	2787.30400000	2791.85000000	2757.48400000	2762.10400000	2721.65200000	2724.79400000	2722.62800000	2729.07200000	2755.24800000	2761.82000000	2738.31000000	2743.42600000	2763.39400000	2766.62000000	2736.28400000	2733.53000000	2709.08600000	2713.39800000	2750.17640000	2753.91040000
2893578595.31772566	2816.26200000	2821.53200000	2789.98400000	2789.40600000	2752.81000000	2762.90600000	2725.32200000	2726.62800000	2728.00600000	2726.46200000	2754.18400000	2756.17800000	2737.90000000	2740.69400000	2762.04000000	2761.66400000	2730.97600000	2739.12000000	2703.61000000	2709.28800000	2750.10940000	2753.38780000
2894581939.79933119	2807.39600000	2809.84000000	2769.86400000	2769.42200000	2728.48000000	2725.89400000	2718.16400000	2722.10000000	2794.14200000	2796.29400000	2727.08800000	2732.33200000	2730.33200000	2734.00800000	2738.08800000	2737.54400000	2760.67200000	2764.65400000	2707.53600000	2710.41800000	2748.17620000	2750.25060000
2895585284.28093624	2834.86800000	2836.63200000	2766.92400000	2765.39800000	2723.15400000	2727.15000000	2739.22800000	2745.18200000	2711.43400000	2712.19800000	2756.88200000	2758.43200000	2720.47200000	2723.90600000	2737.20000000	2734.11400000	2706.09200000	2707.42600000	2697.27000000	2695.57200000	2739.35240000	2740.60100000
2896588628.76254177	2790.40400000	2787.88200000	2735.50600000	2736.55200000	2739.93200000	2743.33000000	2749.71400000	2751.79400000	2763.00600000	2764.89800000	2809.64400000	2811.85400000	2713.86600000	2713.34400000	2729.63800000	2729.03600000	2759.74400000	2760.01800000	2706.80000000	2713.76000000	2749.82540000	2751.24680000
2897591973.24414730	2778.99800000	2777.05400000	2725.58800000	2725.25000000	2760.51800000	2762.88000000	2742.61200000	2745.99400000	2773.51600000	2772.91400000	2787.85000000	2788.19000000	2727.29200000	2733.63600000	2735.40800000	2737.20600000	2711.72200000	2713.64200000	2722.53000000	2724.78800000	2746.60340000	2748.15540000
2898595317.72575235	2828.60200000	2825.75000000	2751.97400000	2760.49200000	2737.57600000	2743.40400000	2749.81200000	2750.07600000	2726.62800000	2725.92600000	2770.11800000	2767.17600000	2728.82800000	2730.16800000	2750.93600000	2755.26800000	2710.28600000	2708.06400000	2710.70400000	2707.64000000	2746.54640000	2747.39640000
2899598662.20735788	2811.57600000	2814.18400000	2721.92600000	2721.24600000	2743.78600000	2746.22400000	2710.91600000	2711.46600000	2758.92000000	2756.80800000	2734.88200000	2733.98800000	2739.04200000	2744.38600000	2746.16600000	2746.85800000	2702.22400000	2700.77800000	2707.68000000	2708.68600000	2737.71180000	2738.46240000
2900602006.68896341	2829.66200000	2828.19200000	2774.68000000	2773.91400000	2734.81400000	2736.37800000	2736.91400000	2740.52200000	2726.90600000	2728.51400000	2785.54200000	2788.18800000	2747.62400000	2749.60600000	2740.68200000	2736.81000000	2725.77600000	2726.23800000	2699.30600000	2694.95800000	2750.19060000	2750.33200000
2901605351.17056847	2823.34800000	2829.07000000	2772.92600000	2770.98600000	2732.04000000	2738.27400000	2744.01000000	2743.85200000	2749.66000000	2749.17600000	2800.49400000	2798.22200000	2757.40200000	2759.08600000	2740.57400000	2741.82400000	2723.85400000	2729.17600000	2699.96800000	2694.74400000	2754.42760000	2755.44100000
2902608695.65217400	2817.25600000	2816.48200000	2725.91400000	2728.22800000	2742.97600000	2748.17400000	2714.18000000	2714.68800000	2760.70800000	2761.12800000	2732.47000000	2733.49000000	2739.33200000	2734.72200000	2745.35000000	2750.67400000	2703.93400000	2705.33600000	2705.52600000	2705.39200000	2738.76460000	2739.83140000
2903612040.13377905	2810.99800000	2812.31200000	2797.58000000	2797.52800000	2760.57800000	2759.89800000	2733.25800000	2737.31000000	2737.20800000	2735.82000000	2759.30000000	2768.29000000	2748.85800000	2752.22000000	2754.92600000	2762.09600000	2743.62000000	2743.34600000	2716.75600000	2715.67200000	2756.30820000	2758.44920000
2904615384.61538458	2802.03400000	2800.23000000	2741.47400000	2743.16600000	2736.95400000	2737.15000000	2731.82600000	2734.38400000	2712.81400000	2710.98200000	2724.88000000	2727.30400000	2737.56000000	2734.91600000	2773.87600000	2772.15200000	2736.07400000	2738.10000000	2712.24200000	2711.38200000	2740.97340000	2740.97660000
2905618729.09699011	2802.74600000	2802.08400000	2768.74000000	2764.95600000	2756.53800000	2756.86400000	2716.31200000	2712.86000000	2809.79800000	2807.03400000	2736.78600000	2738.75400000	2734.42000000	2736.77600000	2737.74600000	2731.58800000	2800.54400000	2799.66800000	2709.78800000	2707.69200000	2757.34180000	2755.82760000
2906622073.57859516	2811.27000000	2810.37000000	2713.12600000	2714.60600000	2737.63600000	2732.51800000	2708.11000000	2705.03000000	2757.81800000	2755.92200000	2748.11200000	2748.67200000	2735.71200000	2734.07000000	2747.15400000	2746.05200000	2701.45400000	2701.18200000	2714.11000000	2711.84000000	2737.45020000	2736.02620000
2907625418.06020069	2781.51000000	2783.52800000	2724.96800000	2727.53600000	2755.70200000	2756.28400000	2743.92400000	2745.07400000	2755.04400000	2755.99600000	2796.26000000	2796.52200000	2709.73800000	2716.15800000	2725.34000000	2724.18600000	2737.81400000	2733.62600000	2710.81400000	2709.65600000	2744.11140000	2744.85660000
2908628762.54180622	2814.78000000	2821.12200000	2740.59200000	2742.83200000	2740.88800000	2742.12000000	2749.92600000	2748.49400000	2718.84400000	2722.32800000	2760.62400000	2763.19800000	2730.08800000	2727.31200000	2762.33000000	2762.50400000	2713.92800000	2711.51200000	2718.81200000	2716.96600000	2745.08120000	2745.83880000
2909632107.02341127	2774.13600000	2775.55000000	2726.01000000	2725.19400000	2734.04200000	2739.30200000	2711.64400000	2711.73400000	2782.47400000	2783.51400000	2761.94000000	2762.31800000	2733.26400000	2734.45400000	2730.76200000	2734.53000000	2714.99800000	2717.49000000	2697.03400000	2692.18400000	2736.63040000	2737.62700000
2910635451.50501680	2794.04800000	2795.05600000	2775.38400000	2778.56400000	2746.36400000	2751.02800000	2726.15600000	2722.92800000	2762.20200000	2757.56600000	2740.79800000	2739.61400000	2736.51200000	2735.01400000	2732.58200000	2731.62200000	2756.25400000	2752.19400000	2707.38400000	2708.41400000	2747.76840000	2747.20000000
2911638795.98662186	2779.75400000	2781.04200000	2725.09600000	2723.68600000	2767.54400000	2758.22400000	2743.08600000	2741.69600000	2766.93800000	2767.86200000	2786.59000000	2787.91600000	2729.78800000	2728.83200000	2732.78400000	2736.31800000	2712.92200000	2711.79600000	2724.37400000	2719.03000000	2746.88760000	2745.64020000
2912642140.46822739	2788.46400000	2784.87600000	2780.84800000	2784.78800000	2749.86200000	2754.84000000	2726.57400000	2727.59800000	2753.98000000	2756.10400000	2735.82800000	2735.03800000	2751.11600000	2751.48400000	2745.85400000	2747.97400000	2753.72400000	2751.18200000	2723.68600000	2716.41800000	2750.99360000	2751.03020000
2913645484.94983292	2789.44800000	2787.61800000	2774.16200000	2768.12800000	2796.93600000	2791.91800000	2747.07200000	2741.67400000	2772.44200000	2773.87400000	2725.67400000	2722.77000000	2736.23400000	2737.09400000	2732.38200000	2730.00000000	2792.87800000	2795.87200000	2687.24800000	2686.19800000	2755.44760000	2753.51460000
2914648829.43143797	2828.97000000	2827.38800000	2768.89000000	2766.65200000	2731.82600000	2734.85000000	2737.09600000	2742.65400000	2748.96600000	2747.44800000	2798.75400000	2799.10600000	2756.43600000	2757.84200000	2743.48200000	2739.83600000	2729.70200000	2728.41000000	2700.79600000	2696.75600000	2754.49180000	2754.09420000
2915652173.91304350	2828.86800000	2829.45200000	2779.86200000	2779.22400000	2744.19800000	2745.91800000	2744.68200000	2741.80400000	2727.35200000	2733.54800000	2786.53200000	2786.19200000	2742.45000000	2748.66800000	2752.99600000	2750.38000000	2727.93000000	2723.83800000	2703.45600000	2698.75600000	2753.83260000	2753.77800000
2916655518.39464903	2788.45000000	2787.14600000	2736.50800000	2735.59800000	2752.26800000	2754.09800000	2748.84200000	2751.22800000	2762.66600000	2765.73400000	2806.70600000	2808.11200000	2714.04800000	2713.15800000	2727.11600000	2720.66600000	2747.95200000	2748.36400000	2708.11200000	2708.00000000	2749.26680000	2749.21040000
2917658862.87625408	2812.41000000	2814.49800000	2728.77600000	2728.89400000	2728.47600000	2728.34600000	2723.40200000	2724.39600000	2775.52800000	2773.95400000	2755.10600000	2755.86200000	2745.20400000	2744.79000000	2727.62200000	2729.05200000	2718.53800000	2717.48800000	2700.06200000	2696.40600000	2741.51240000	2741.36860000
2918662207.35785961	2796.88800000	2797.72400000	2739.29000000	2738.11600000	2739.62800000	2738.91600000	2743.22000000	2743.82200000	2756.22200000	2752.05000000	2805.21600000	2805.09400000	2720.29200000	2715.38000000	2733.93400000	2733.89000000	2750.07200000	2746.10400000	2709.71200000	2714.34800000	2749.44740000	2748.54440000
2919665551.83946514	2805.29800000	2802.97000000	2732.23400000	2729.05800000	2754.68400000	2756.77000000	2713.71600000	2709.51600000	2763.33000000	2762.81000000	2725.59200000	2724.69800000	2731.85200000	2728.23800000	2737.63000000	2737.85600000	2698.46600000	2703.45600000	2704.68400000	2700.96400000	2736.74860000	2735.63360000
2920668896.32107019	2808.58600000	2811.37200000	2745.45400000	2743.25400000	2800.33400000	2797.47200000	2759.91000000	2764.47200000	2745.53200000	2746.96400000	2739.61200000	2743.14600000	2729.84200000	2729.79200000	2738.97000000	2737.74600000	2758.80800000	2757.11400000	2696.52800000	2697.61400000	2752.35760000	2752.89460000
2921672240.80267572	2794.60000000	2795.52200000	2777.66600000	2777.69200000	2752.05800000	2754.69400000	2732.25200000	2729.82600000	2755.59600000	2755.79400000	2739.28400000	2738.01200000	2741.68800000	2745.28200000	2735.53000000	2736.26600000	2752.64000000	2754.59800000	2711.53200000	2710.02000000	2749.28460000	2749.77060000
2922675585.28428078	2821.29200000	2822.78400000	2758.33000000	2749.61200000	2727.87800000	2723.95000000	2746.99000000	2742.69200000	2739.30200000	2739.76200000	2787.28200000	2784.29400000	2743.03000000	2740.39400000	2735.01200000	2736.47600000	2715.45000000	2714.51800000	2689.84200000	2691.64000000	2746.44080000	2744.61220000
2923678929.76588631	2831.78200000	2834.98600000	2778.48000000	2773.38000000	2736.33000000	2735.50400000	2746.89000000	2746.78800000	2733.19200000	2728.48200000	2792.51400000	2791.85800000	2757.19800000	2757.30400000	2746.58600000	2747.89800000	2729.71200000	2730.30400000	2698.90600000	2695.59400000	2755.15900000	2754.20980000
2924682274.24749184	2796.88600000	2798.67800000	2782.98600000	2785.36600000	2741.86600000	2742.48000000	2723.49800000	2718.89400000	2771.57800000	2773.34400000	2733.73800000	2736.49600000	2739.71000000	2735.02600000	2731.47800000	2732.07200000	2758.50600000	2760.46600000	2715.82800000	2712.78600000	2749.60740000	2749.56080000
2925685618.72909689	2797.61400000	2789.93200000	2773.22200000	2776.78600000	2744.31800000	2745.15200000	2723.80000000	2724.98600000	2757.18600000	2756.10800000	2736.41000000	2734.68400000	2746.91400000	2746.14800000	2743.31600000	2743.77200000	2751.52600000	2744.25000000	2717.48000000	2713.24600000	2749.17860000	2747.50640000
2926688963.21070242	2810.47600000	2809.97400000	2749.04400000	2744.01400000	2805.91400000	2805.41800000	2762.35200000	2761.43600000	2767.85800000	2761.79800000	2743.79600000	2740.92800000	2740.27200000	2738.32400000	2743.24400000	2743.86000000	2791.42200000	2784.15800000	2702.66800000	2702.80600000	2761.70460000	2759.27160000
2927692307.69230747	2801.45200000	2796.50800000	2773.20800000	2769.75400000	2758.33000000	2753.05000000	2724.27600000	2723.04200000	2816.28200000	2815.51800000	2735.93600000	2729.47200000	2740.88400000	2738.19600000	2738.90800000	2738.30600000	2810.91600000	2807.12200000	2713.43800000	2710.01600000	2761.36300000	2758.09840000
2928695652.17391300	2818.67400000	2817.50000000	2729.27000000	2727.74000000	2756.04400000	2755.61000000	2708.61400000	2711.48200000	2760.61400000	2761.38200000	2737.52600000	2732.37800000	2727.27000000	2727.37000000	2744.99800000	2740.89000000	2706.11000000	2707.73400000	2700.69000000	2698.16400000	2738.98100000	2738.02500000
2929698996.65551853	2786.94000000	2788.19400000	2725.06200000	2725.89200000	2772.39800000	2769.77600000	2742.93400000	2742.30400000	2759.84800000	2756.07000000	2796.98400000	2795.37400000	2722.65600000	2723.83200000	2734.16200000	2730.19000000	2730.40600000	2730.58600000	2728.37800000	2723.24800000	2749.97680000	2748.54660000
2930702341.13712358	2821.65800000	2821.00000000	2732.12200000	2731.33200000	2740.87400000	2738.30400000	2731.35000000	2729.53800000	2708.68800000	2711.51000000	2733.26400000	2729.82000000	2735.32400000	2736.18000000	2774.34000000	2770.87000000	2727.11400000	2725.40800000	2703.86600000	2708.41600000	2740.86000000	2740.23780000
2931705685.61872911	2814.66800000	2811.05000000	2744.35200000	2748.77800000	2734.30400000	2735.98000000	2735.50600000	2733.30400000	2714.26600000	2716.09200000	2731.93600000	2726.61600000	2747.07000000	2742.68600000	2775.89000000	2776.67600000	2731.64400000	2735.11400000	2711.16200000	2709.46000000	2744.07980000	2743.57560000
2932709030.10033464	2799.36600000	2802.34200000	2769.40600000	2768.31000000	2756.65800000	2753.47400000	2717.58600000	2716.03600000	2808.64200000	2806.85200000	2742.70000000	2735.18800000	2737.96800000	2737.04000000	2735.47600000	2735.56200000	2796.67400000	2796.00800000	2714.41000000	2712.84400000	2757.88860000	2756.36560000
2933712374.58193970	2815.67800000	2815.55800000	2734.00000000	2733.67800000	2762.70600000	2757.07800000	2717.59800000	2713.54600000	2772.32200000	2768.22600000	2735.40600000	2733.06000000	2736.94600000	2736.59000000	2748.87400000	2739.90200000	2707.68800000	2704.01600000	2710.45000000	2704.26200000	2744.16680000	2740.59160000
2934715719.06354523	2801.05400000	2797.73400000	2731.95800000	2732.24600000	2737.31000000	2735.25000000	2743.73200000	2744.29200000	2752.89000000	2752.65800000	2796.33600000	2800.22800000	2706.98600000	2711.71400000	2730.51800000	2727.08200000	2745.14400000	2739.72800000	2708.52400000	2707.62800000	2745.44520000	2744.85600000
2935719063.54515076	2835.77600000	2830.97200000	2768.10800000	2766.62200000	2741.93000000	2736.41000000	2747.73400000	2746.52200000	2723.49600000	2718.71000000	2761.50000000	2759.49800000	2728.82600000	2726.48800000	2740.41800000	2740.95000000	2706.12800000	2702.91400000	2698.16800000	2701.80400000	2745.20840000	2743.08900000
2936722408.02675581	2811.75000000	2812.52000000	2750.48200000	2749.92600000	2795.57200000	2797.98000000	2766.74800000	2763.85200000	2729.96200000	2731.04800000	2748.71400000	2743.12000000	2722.57800000	2720.41800000	2742.50400000	2742.65200000	2758.67200000	2757.42200000	2706.97600000	2700.73000000	2753.39580000	2751.96680000
2937725752.50836134	2804.81200000	2797.68600000	2743.05800000	2744.74800000	2741.94000000	2742.14000000	2737.70800000	2738.69400000	2718.69200000	2717.71600000	2730.01200000	2730.91600000	2743.22800000	2737.92800000	2777.48000000	2774.45600000	2737.32000000	2734.98200000	2719.23400000	2720.21800000	2745.34840000	2743.94840000
2938729096.98996639	2801.61400000	2799.31800000	2776.06400000	2776.68800000	2783.69800000	2781.72800000	2737.27400000	2739.25800000	2790.98800000	2788.47000000	2717.17800000	2716.91400000	2728.58000000	2730.47000000	2725.18800000	2726.93400000	2797.71800000	2796.61400000	2682.71800000	2680.76400000	2754.10200000	2753.71580000
2939732441.47157192	2787.82400000	2788.78400000	2734.62600000	2731.81400000	2743.79600000	2745.52000000	2710.57600000	2708.98800000	2760.25600000	2764.51400000	2727.48000000	2727.61000000	2733.78000000	2734.65600000	2722.59800000	2717.59200000	2705.80400000	2701.46000000	2712.17600000	2716.12800000	2733.89160000	2733.70660000
2940735785.95317745	2808.22400000	2803.91600000	2722.63200000	2721.31400000	2736.33600000	2733.94400000	2715.78000000	2713.26800000	2763.62800000	2765.08800000	2752.06400000	2751.12000000	2731.84800000	2736.76000000	2743.60400000	2739.98200000	2705.49200000	2708.96800000	2706.03800000	2703.08000000	2738.56460000	2737.74400000
2941739130.43478251	2810.23000000	2814.20400000	2728.85800000	2729.17400000	2751.02800000	2743.88800000	2718.16400000	2713.07400000	2766.99400000	2763.02400000	2756.76800000	2751.16200000	2742.91000000	2738.61800000	2755.40600000	2748.93800000	2716.06000000	2712.17400000	2713.68400000	2711.46800000	2746.01020000	2742.57240000
2942742474.91638803	2821.72200000	2818.00400000	2738.90400000	2736.30600000	2738.51600000	2740.51200000	2730.73000000	2725.91000000	2708.99400000	2707.26000000	2732.34000000	2728.22800000	2744.96400000	2745.51000000	2774.84000000	2774.39200000	2721.10600000	2723.15000000	2706.33400000	2705.49800000	2741.84500000	2740.47700000
2943745819.39799309	2795.76800000	2793.00400000	2733.81800000	2731.59800000	2740.82600000	2735.80800000	2720.35200000	2719.91000000	2780.05000000	2775.88200000	2762.08400000	2757.99200000	2735.16600000	2736.46000000	2733.25200000	2724.92400000	2718.91400000	2715.35600000	2702.20200000	2700.55800000	2742.24320000	2739.14920000
2944749163.87959862	2801.31600000	2803.36200000	2735.77200000	2735.28800000	2741.40600000	2742.65000000	2750.73200000	2749.96800000	2757.98000000	2757.75400000	2802.69600000	2801.22000000	2713.76400000	2710.98600000	2727.60600000	2724.86400000	2736.56600000	2732.95800000	2709.18600000	2709.62200000	2747.70240000	2746.86720000
2945752508.36120415	2820.51200000	2815.44200000	2738.07600000	2740.60200000	2736.23600000	2732.86400000	2750.07600000	2744.37000000	2715.13200000	2713.17600000	2758.25600000	2752.10600000	2724.14400000	2721.06000000	2766.03200000	2771.39600000	2716.22600000	2717.55800000	2714.34400000	2714.63200000	2743.90340000	2742.32060000
2946755852.84280920	2796.05200000	2795.73600000	2741.11400000	2738.90200000	2741.24600000	2739.93600000	2745.25400000	2745.48000000	2758.84400000	2756.57200000	2804.67200000	2809.96800000	2718.03600000	2715.87000000	2733.43400000	2729.96200000	2754.81800000	2752.39400000	2713.13200000	2711.77800000	2750.66020000	2749.65980000
2947759197.32441473	2821.20200000	2823.28000000	2737.05400000	2738.95400000	2738.00400000	2735.19400000	2742.85200000	2742.62600000	2709.74000000	2712.63200000	2754.66800000	2756.39800000	2720.48600000	2723.78600000	2766.91000000	2765.82400000	2722.94800000	2723.48000000	2715.33200000	2712.83600000	2742.91960000	2743.50100000
2948762541.80602026	2786.82400000	2784.49200000	2790.60400000	2789.83800000	2759.57000000	2756.39600000	2731.13200000	2730.17400000	2757.43200000	2755.11600000	2735.36400000	2734.47000000	2756.05000000	2755.69600000	2752.09600000	2752.66000000	2759.89200000	2760.38400000	2716.41400000	2719.79400000	2754.53780000	2753.90200000
2949765886.28762531	2802.88800000	2803.69600000	2796.44400000	2789.85200000	2754.73800000	2749.11200000	2735.17600000	2732.67000000	2744.03800000	2742.76000000	2741.18600000	2733.93800000	2747.81000000	2752.19400000	2755.90000000	2752.98400000	2752.01800000	2747.92200000	2716.51400000	2714.33200000	2754.67120000	2751.94600000
2950769230.76923084	2805.82800000	2801.99800000	2765.29000000	2770.29200000	2755.51600000	2761.06200000	2716.82400000	2712.63400000	2805.80600000	2807.72200000	2741.83800000	2737.51400000	2738.09800000	2736.85400000	2736.21000000	2739.71600000	2797.71600000	2794.96600000	2711.89400000	2710.10000000	2757.50200000	2757.28580000
2951772575.25083637	2823.24400000	2820.31400000	2750.70600000	2747.67000000	2738.28600000	2735.23600000	2751.70200000	2747.10200000	2746.37400000	2748.43000000	2811.70200000	2808.85000000	2722.09800000	2720.86800000	2727.57400000	2732.04000000	2716.90200000	2720.33200000	2702.85400000	2699.86400000	2749.14420000	2748.07060000
2952775919.73244143	2802.98600000	2803.13800000	2738.05200000	2732.02400000	2753.37400000	2754.28600000	2715.09200000	2708.53200000	2768.09800000	2768.83600000	2726.28400000	2723.78200000	2731.74200000	2730.26600000	2740.98800000	2739.30600000	2701.41000000	2697.14800000	2711.66200000	2709.34000000	2738.96880000	2736.66580000
2953779264.21404696	2786.80400000	2793.66200000	2738.43800000	2741.77000000	2768.10400000	2768.04800000	2764.55600000	2762.70000000	2728.83000000	2727.72600000	2720.69600000	2725.17800000	2729.00400000	2724.21200000	2743.33600000	2744.34400000	2742.95200000	2739.55000000	2714.06600000	2713.38600000	2743.67860000	2744.05760000
2954782608.69565201	2778.04400000	2778.98800000	2730.14600000	2731.04400000	2760.17800000	2759.46000000	2735.45600000	2740.17000000	2783.11000000	2780.94200000	2774.07400000	2772.27600000	2743.56800000	2745.80200000	2736.09200000	2738.32200000	2717.50800000	2714.10600000	2714.72800000	2711.19800000	2747.29040000	2747.23080000
2955785953.17725754	2806.21200000	2804.36600000	2774.34200000	2772.89000000	2727.54200000	2724.16600000	2713.23200000	2719.05400000	2787.10800000	2781.21000000	2727.56000000	2724.72000000	2738.50200000	2732.52400000	2733.59200000	2731.82000000	2758.74000000	2760.25400000	2713.51000000	2710.51800000	2748.03400000	2746.15220000
2956789297.65886307	2831.94000000	2831.48600000	2789.27800000	2791.71200000	2747.64200000	2750.21400000	2724.87800000	2727.64200000	2731.41400000	2731.96000000	2771.99400000	2768.79600000	2738.32800000	2735.80400000	2752.29400000	2752.06600000	2724.58600000	2719.10600000	2706.51200000	2702.07800000	2751.88660000	2751.08640000
2957792642.14046812	2826.18400000	2823.37400000	2772.94200000	2774.47600000	2732.67800000	2735.26800000	2742.57000000	2746.05200000	2751.88400000	2747.25400000	2799.38800000	2798.99200000	2759.49200000	2759.51200000	2743.74400000	2741.23600000	2722.09400000	2724.29800000	2700.01400000	2698.08200000	2755.09900000	2754.85440000
2958795986.62207365	2822.67800000	2823.51600000	2792.44000000	2795.57600000	2759.17000000	2753.73800000	2726.76200000	2728.24400000	2726.30600000	2729.88800000	2756.54800000	2756.25600000	2741.78200000	2739.61200000	2769.56400000	2766.79400000	2739.16400000	2737.45000000	2702.74000000	2702.55400000	2753.71540000	2753.36280000
2959799331.10367870	2802.52000000	2800.79200000	2749.44800000	2752.59800000	2748.14200000	2747.29600000	2751.93200000	2747.58000000	2720.19000000	2721.17000000	2732.00000000	2731.65800000	2742.47800000	2739.18400000	2779.25800000	2778.12800000	2740.89000000	2741.29400000	2728.17800000	2720.70000000	2749.50360000	2748.04000000
2960802675.58528423	2807.05600000	2808.26600000	2758.06600000	2757.48800000	2745.26400000	2749.83000000	2720.52600000	2720.74800000	2810.77400000	2812.06200000	2730.94600000	2727.01600000	2735.21600000	2735.13800000	2745.32800000	2736.70800000	2773.52600000	2777.09200000	2700.70400000	2696.59200000	2752.74060000	2752.09400000
2961806020.06688976	2829.06800000	2820.20000000	2738.90200000	2738.06200000	2737.15000000	2739.66200000	2751.27000000	2746.39400000	2717.50000000	2714.64800000	2756.51400000	2755.95200000	2731.89800000	2723.13200000	2777.14800000	2774.83200000	2725.42600000	2727.45200000	2720.26000000	2718.79000000	2748.51360000	2745.91240000
2962809364.54849482	2820.65400000	2820.10200000	2748.80200000	2747.80000000	2744.74200000	2740.71600000	2749.03400000	2750.53200000	2724.97200000	2725.98400000	2769.73000000	2763.58000000	2727.97000000	2727.99000000	2760.39000000	2759.29400000	2710.09400000	2707.14000000	2716.99000000	2715.83200000	2747.33780000	2745.89700000
2963812709.03010035	2797.85200000	2799.21400000	2761.56400000	2763.19400000	2807.37000000	2806.89600000	2758.78600000	2753.87600000	2773.47400000	2767.02400000	2732.88600000	2731.96800000	2735.24400000	2739.87200000	2739.10000000	2735.85400000	2801.86000000	2798.39600000	2701.80800000	2699.81600000	2760.99440000	2759.61100000
2964816053.51170588	2807.74800000	2811.44800000	2768.88800000	2770.02800000	2728.56400000	2732.06600000	2723.61400000	2719.58600000	2801.08800000	2795.76000000	2733.06600000	2729.59800000	2735.88000000	2736.16600000	2741.39800000	2736.95600000	2761.34800000	2762.24200000	2707.96600000	2707.30000000	2750.95600000	2750.11500000
2965819397.99331093	2824.98800000	2823.35200000	2749.63000000	2746.43600000	2737.78400000	2737.78800000	2748.44000000	2748.20200000	2746.29800000	2746.72400000	2803.98800000	2795.33800000	2728.56800000	2728.59200000	2737.77000000	2733.46200000	2721.72200000	2715.85200000	2700.75000000	2700.85600000	2749.99380000	2747.66020000
2966822742.47491646	2808.20800000	2812.27600000	2746.17400000	2744.69600000	2810.56200000	2803.02600000	2762.21800000	2765.53600000	2756.58400000	2752.86200000	2734.60400000	2729.67400000	2727.41600000	2727.97400000	2738.01400000	2740.84800000	2777.48000000	2774.66400000	2700.79600000	2698.52400000	2756.20560000	2755.00800000
2967826086.95652199	2826.16800000	2826.31400000	2796.26000000	2793.62000000	2752.23400000	2751.18200000	2724.97600000	2720.80200000	2725.26000000	2727.56600000	2763.71000000	2764.13400000	2734.34800000	2732.02400000	2756.66000000	2751.30000000	2729.84800000	2724.56800000	2709.69400000	2703.02400000	2751.91580000	2749.45340000
2968829431.43812704	2778.12800000	2776.47400000	2731.09000000	2735.05000000	2757.61400000	2756.93200000	2730.65200000	2728.93800000	2788.57600000	2786.75400000	2773.70600000	2772.79200000	2752.53600000	2745.21200000	2734.09000000	2736.97600000	2722.32000000	2720.47800000	2706.92400000	2705.26800000	2747.56360000	2746.48740000
2969832775.91973257	2788.71600000	2780.25000000	2724.13600000	2726.59200000	2763.12000000	2763.74800000	2738.58600000	2739.48000000	2754.00000000	2756.90000000	2797.78800000	2791.44600000	2721.65200000	2721.96400000	2727.89800000	2724.89200000	2732.02600000	2725.20000000	2721.00600000	2720.04200000	2746.89280000	2745.05140000
2970836120.40133762	2805.94800000	2808.16000000	2764.21400000	2759.55200000	2732.05200000	2727.34000000	2716.75000000	2719.83800000	2798.26400000	2798.23600000	2726.02800000	2723.21600000	2731.56800000	2731.13000000	2737.08400000	2736.47400000	2759.40600000	2758.74400000	2704.73200000	2700.60400000	2747.60460000	2746.32940000
2971839464.88294315	2801.89000000	2799.67800000	2778.33800000	2779.71200000	2734.44200000	2730.91800000	2719.69000000	2721.23200000	2784.42200000	2777.84200000	2731.23200000	2732.43800000	2736.06400000	2735.17200000	2733.65800000	2730.46800000	2758.18200000	2757.50600000	2716.31400000	2717.81000000	2749.42320000	2748.27760000
2972842809.36454868	2823.04200000	2821.62400000	2724.91400000	2723.69400000	2748.44000000	2744.51600000	2718.41000000	2712.96800000	2756.66800000	2756.73400000	2749.36600000	2743.64200000	2747.17200000	2743.25800000	2747.93200000	2746.54600000	2704.69200000	2703.85800000	2709.29800000	2711.94800000	2742.99340000	2740.87880000
2973846153.84615374	2815.75800000	2819.61200000	2724.55200000	2728.64800000	2739.86600000	2739.02600000	2726.41600000	2724.71400000	2778.83000000	2780.93400000	2763.05200000	2757.44800000	2743.62000000	2745.10600000	2734.72400000	2733.07600000	2716.14600000	2717.19000000	2696.70800000	2697.85400000	2743.96720000	2744.36080000
2974849498.32775927	2825.90600000	2824.26400000	2755.41200000	2757.32000000	2739.89000000	2737.12800000	2747.93200000	2745.32600000	2726.61600000	2727.07600000	2764.70400000	2762.00600000	2726.65600000	2726.39800000	2748.23000000	2745.33000000	2707.19600000	2703.36200000	2699.53000000	2701.00000000	2744.20720000	2742.92100000
2975852842.80936432	2779.19400000	2775.49200000	2729.76400000	2728.34200000	2752.07000000	2752.75000000	2741.34400000	2734.48000000	2780.48600000	2779.60400000	2775.52800000	2774.45200000	2733.19800000	2729.98400000	2728.99000000	2733.37000000	2714.95800000	2709.70200000	2718.02600000	2712.38200000	2745.35580000	2743.05580000
2976856187.29096985	2818.11000000	2821.99000000	2739.68600000	2740.63400000	2741.27400000	2739.06600000	2741.07000000	2730.64000000	2708.44400000	2705.56200000	2736.46600000	2733.80200000	2750.27600000	2743.68800000	2774.70800000	2767.36800000	2728.20800000	2723.91200000	2708.46600000	2707.26200000	2744.67080000	2741.39240000
2977859531.77257538	2793.57000000	2794.31200000	2741.02200000	2739.80200000	2761.71600000	2762.03000000	2754.87400000	2755.38000000	2726.41800000	2727.81200000	2728.40000000	2728.28000000	2731.26400000	2728.36200000	2752.70800000	2753.50400000	2743.54800000	2743.63400000	2718.37400000	2714.57200000	2745.18940000	2744.76880000
2978862876.25418043	2815.37800000	2811.83400000	2723.63600000	2719.77000000	2737.60800000	2740.27800000	2707.49000000	2705.49800000	2763.08400000	2758.42200000	2748.09200000	2744.58600000	2729.97000000	2727.33000000	2748.65600000	2744.78000000	2710.76800000	2707.59400000	2709.13000000	2710.63400000	2739.38120000	2737.07260000
2979866220.73578596	2823.48600000	2820.40800000	2753.59000000	2750.33200000	2737.86800000	2735.33200000	2752.12800000	2754.84600000	2754.95400000	2753.73600000	2794.62000000	2792.82200000	2740.51000000	2741.07800000	2739.84200000	2740.15400000	2718.46200000	2721.23000000	2696.26200000	2690.02600000	2751.17220000	2749.99640000
2980869565.21739149	2806.33800000	2805.26200000	2737.00400000	2736.21000000	2752.90200000	2750.59800000	2715.99600000	2711.64600000	2770.29400000	2766.45600000	2731.91000000	2729.03600000	2735.99800000	2733.06600000	2733.97000000	2735.38400000	2705.74400000	2702.60800000	2711.86200000	2713.26600000	2740.20180000	2738.35320000
2981872909.69899654	2798.67800000	2803.21400000	2745.48800000	2742.79400000	2789.80600000	2787.16800000	2768.08800000	2766.38000000	2731.37000000	2729.11400000	2737.04800000	2736.44200000	2719.63800000	2722.37600000	2743.24200000	2741.13600000	2764.34600000	2760.41600000	2711.94400000	2710.60000000	2750.96480000	2749.96400000
2982876254.18060207	2813.56600000	2814.67600000	2728.85000000	2730.01000000	2745.92800000	2746.10400000	2717.86000000	2712.24600000	2762.87800000	2761.01600000	2754.20200000	2751.18200000	2744.41400000	2745.84800000	2754.85400000	2750.51800000	2712.78000000	2709.40000000	2713.66800000	2712.40400000	2744.90000000	2743.34040000
2983879598.66220760	2776.89400000	2782.16000000	2736.35200000	2734.78400000	2759.07800000	2755.54200000	2725.53400000	2724.20400000	2789.19000000	2791.38800000	2775.47200000	2772.71600000	2754.37600000	2750.64200000	2740.96800000	2741.23800000	2730.02000000	2729.70000000	2707.90600000	2702.62400000	2749.57900000	2748.49980000
2984882943.14381266	2790.36000000	2789.83600000	2739.08200000	2737.40400000	2745.62400000	2742.22800000	2750.74600000	2749.77400000	2764.47800000	2764.42200000	2812.49200000	2813.73800000	2715.79800000	2717.50800000	2735.74000000	2730.50600000	2766.63000000	2764.19000000	2713.33600000	2712.17000000	2753.42860000	2752.17760000
2985886287.62541819	2799.94200000	2799.20400000	2756.00200000	2753.27600000	2801.57000000	2801.04000000	2752.38200000	2751.21200000	2766.75800000	2767.59200000	2733.75800000	2728.33200000	2733.23600000	2735.58800000	2738.18800000	2736.90400000	2791.02200000	2792.68200000	2696.62000000	2697.94800000	2756.94780000	2756.37780000
2986889632.10702324	2813.27400000	2809.37800000	2727.91600000	2724.66200000	2745.79400000	2744.95800000	2722.39400000	2717.76800000	2765.24800000	2761.16600000	2753.69400000	2755.67800000	2739.25000000	2737.01200000	2748.04600000	2744.13600000	2712.75400000	2709.93600000	2710.93200000	2708.95800000	2743.93020000	2741.36520000
2987892976.58862877	2811.09800000	2809.86600000	2794.02200000	2798.12200000	2762.35600000	2761.27600000	2736.92400000	2734.22000000	2741.04400000	2735.64400000	2755.05000000	2758.07200000	2752.17200000	2750.98800000	2763.31000000	2762.51000000	2749.77400000	2745.07200000	2717.47800000	2714.58200000	2758.32280000	2757.03520000
2988896321.07023430	2799.29400000	2795.03400000	2772.86200000	2776.06800000	2756.46800000	2749.95600000	2717.01600000	2720.87200000	2813.72200000	2819.47800000	2726.98400000	2728.16600000	2735.96600000	2740.88600000	2736.27200000	2733.12000000	2811.69600000	2810.17200000	2711.18200000	2710.33400000	2758.14620000	2758.40860000
2989899665.55183935	2804.17200000	2805.50200000	2778.09800000	2780.55400000	2779.30600000	2777.32400000	2743.78400000	2742.85000000	2797.81000000	2802.30200000	2717.63800000	2719.56400000	2735.12600000	2734.14000000	2728.34200000	2727.23000000	2793.27200000	2793.85600000	2689.62600000	2687.20200000	2756.71740000	2757.05240000
2990903010.03344488	2826.45800000	2823.66000000	2749.65400000	2754.98400000	2732.72400000	2732.38800000	2752.17000000	2751.03400000	2749.51800000	2750.63600000	2797.90400000	2796.90400000	2732.02000000	2730.36000000	2738.79200000	2738.76800000	2711.26400000	2717.91400000	2696.84400000	2697.79400000	2748.73480000	2749.44420000
2991906354.51504993	2826.53400000	2826.59800000	2755.68600000	2745.55000000	2741.05400000	2743.18800000	2752.51400000	2750.66400000	2731.74400000	2726.19200000	2774.75400000	2772.23200000	2732.64400000	2726.76800000	2759.93000000	2757.90200000	2712.58600000	2710.89200000	2716.37200000	2714.53400000	2750.38180000	2747.45200000
2992909698.99665546	2811.26800000	2803.91400000	2737.91400000	2739.61800000	2739.12000000	2741.61800000	2749.77000000	2751.24200000	2747.53600000	2746.97200000	2802.76200000	2801.91200000	2716.24800000	2715.63800000	2733.75000000	2728.73600000	2729.86200000	2735.21800000	2707.88800000	2707.06800000	2747.61180000	2747.19360000
2993913043.47826099	2827.86200000	2826.20200000	2775.70400000	2778.06200000	2735.28200000	2740.80200000	2745.92400000	2742.76000000	2746.99600000	2745.61200000	2804.46800000	2805.70000000	2765.50000000	2762.88200000	2743.76800000	2742.47400000	2728.92000000	2728.15600000	2698.77800000	2694.71400000	2757.32020000	2756.73640000
2994916387.95986605	2818.43000000	2818.22400000	2749.16800000	2749.70200000	2741.35000000	2742.77600000	2756.20400000	2750.30600000	2744.51000000	2746.01600000	2818.86000000	2817.30000000	2721.65200000	2724.39600000	2740.68800000	2738.34800000	2723.49600000	2720.61400000	2703.80400000	2706.20800000	2751.81620000	2751.38900000
2995919732.44147158	2819.40000000	2813.53000000	2718.31000000	2715.72400000	2743.22400000	2741.89600000	2713.46400000	2708.81800000	2757.19000000	2754.89000000	2754.02600000	2754.36600000	2743.38600000	2746.33600000	2745.74600000	2743.36600000	2705.50000000	2705.25000000	2712.00000000	2707.51600000	2741.22460000	2739.16920000
2996923076.92307711	2818.88600000	2815.89200000	2749.89200000	2749.54800000	2728.66600000	2729.30400000	2755.64800000	2747.07200000	2751.01800000	2747.68000000	2790.47000000	2784.53000000	2737.61200000	2738.30800000	2735.66000000	2736.24800000	2720.34800000	2713.78600000	2694.24600000	2687.37800000	2748.24460000	2744.97460000
2997926421.40468216	2785.37000000	2781.52200000	2734.18000000	2726.71600000	2725.70400000	2726.20600000	2715.25200000	2715.03400000	2784.67200000	2781.02600000	2761.96000000	2761.29000000	2734.25200000	2731.02600000	2737.46600000	2730.43000000	2717.33600000	2716.24400000	2702.27600000	2698.23800000	2739.84680000	2736.77320000
2998929765.88628769	2827.03400000	2823.42400000	2781.17800000	2775.14400000	2734.82800000	2737.94800000	2742.58600000	2744.87600000	2739.49200000	2734.76000000	2798.58200000	2797.40600000	2759.13600000	2757.25200000	2741.93800000	2740.88600000	2728.48000000	2729.23800000	2693.63600000	2697.41000000	2754.68900000	2753.83440000
2999933110.36789322	2782.56400000	2774.93400000	2736.46400000	2733.75600000	2763.71200000	2764.52600000	2738.62200000	2738.51200000	2784.16400000	2782.25200000	2775.48800000	2775.27600000	2748.87200000	2749.44200000	2741.03400000	2739.58200000	2723.59600000	2724.75600000	2714.28800000	2716.81400000	2750.88040000	2749.98500000
3000936454.84949827	2811.24600000	2809.95800000	2767.57800000	2763.65600000	2763.31000000	2760.14800000	2720.60800000	2723.57200000	2816.78000000	2819.66400000	2739.56800000	2740.18400000	2740.56800000	2737.36000000	2747.35200000	2746.25600000	2790.41200000	2789.26200000	2713.49400000	2709.84800000	2761.09160000	2759.99080000
3001939799.33110380	2779.22000000	2780.25800000	2733.92600000	2736.03600000	2758.23200000	2756.76600000	2727.21800000	2726.38200000	2786.96000000	2788.62400000	2777.10000000	2773.98200000	2751.87600000	2749.52800000	2740.13600000	2736.46000000	2726.41800000	2728.09000000	2706.77000000	2705.13800000	2748.78560000	2748.12640000
3002943143.81270885	2812.58000000	2817.74200000	2715.10000000	2715.61400000	2738.22000000	2736.59600000	2706.38800000	2704.80600000	2762.15600000	2754.74000000	2757.35600000	2751.87800000	2742.22600000	2742.74600000	2744.33800000	2747.94400000	2706.82600000	2702.86200000	2710.51000000	2708.12600000	2739.57000000	2738.30540000
3003946488.29431438	2830.39600000	2828.00600000	2755.46200000	2757.03600000	2743.49200000	2744.37600000	2750.01400000	2746.70800000	2726.21800000	2728.96000000	2769.42200000	2765.76400000	2733.15400000	2732.76000000	2750.60000000	2752.20200000	2707.66000000	2706.58400000	2710.93800000	2706.93200000	2747.73560000	2746.93280000
3004949832.77591991	2786.62200000	2785.49200000	2793.33800000	2793.45200000	2759.06800000	2759.79400000	2730.45800000	2733.24800000	2759.85400000	2755.85000000	2743.25200000	2740.01600000	2758.52000000	2756.16000000	2752.95600000	2755.39800000	2758.20400000	2760.22000000	2723.17200000	2718.84000000	2756.54440000	2755.84700000
3005953177.25752497	2788.56800000	2789.20400000	2739.05000000	2733.25200000	2746.91400000	2746.05400000	2712.30000000	2712.61600000	2764.37200000	2763.87600000	2726.30000000	2725.45000000	2735.21200000	2733.01800000	2723.56600000	2720.73200000	2700.04000000	2699.58600000	2712.12400000	2710.98000000	2734.84460000	2733.47680000
3006956521.73913050	2812.65000000	2809.92200000	2769.93200000	2766.92400000	2759.96400000	2758.47000000	2717.11000000	2722.90800000	2811.82400000	2813.49600000	2742.97200000	2740.75800000	2737.50600000	2743.04600000	2746.97400000	2742.49000000	2792.44600000	2795.26000000	2712.54000000	2708.45600000	2760.39180000	2760.17300000
3007959866.22073555	2829.19600000	2834.14000000	2780.05200000	2782.32600000	2753.93600000	2750.80200000	2734.99800000	2734.38800000	2731.77000000	2733.92400000	2780.96600000	2783.52400000	2742.25400000	2741.71200000	2747.76200000	2751.56200000	2725.10800000	2722.73400000	2698.26000000	2696.47200000	2752.43020000	2753.15840000
3008963210.70234108	2808.73400000	2806.78200000	2769.86800000	2771.48400000	2755.96600000	2759.82400000	2713.81000000	2716.75800000	2808.24800000	2809.32200000	2743.47200000	2735.17400000	2740.59800000	2740.56200000	2743.04400000	2740.01600000	2794.28800000	2792.25200000	2710.90600000	2708.07600000	2758.89340000	2758.02500000
3009966555.18394661	2795.91000000	2793.52600000	2770.49800000	2766.40200000	2752.99200000	2753.52200000	2716.69000000	2717.47200000	2804.80200000	2807.00000000	2737.03400000	2737.50000000	2740.52000000	2735.38400000	2734.82400000	2729.29400000	2801.33000000	2801.28200000	2711.52800000	2705.69800000	2756.61280000	2754.70800000
3010969899.66555166	2820.97600000	2820.88600000	2737.94600000	2730.56400000	2736.82400000	2737.06000000	2735.15400000	2736.34200000	2719.30200000	2716.42000000	2742.55600000	2737.95000000	2732.50400000	2736.02600000	2776.76600000	2772.18600000	2725.57800000	2723.31000000	2714.55200000	2710.49000000	2744.21580000	2742.12340000
3011973244.14715719	2799.81400000	2796.18000000	2744.57600000	2743.48000000	2777.03800000	2772.33200000	2769.26400000	2767.86000000	2730.37400000	2728.81800000	2737.77200000	2730.51000000	2728.56600000	2725.78600000	2748.93400000	2751.74400000	2749.10000000	2745.85400000	2717.18400000	2713.56600000	2750.26220000	2747.61300000
3012976588.62876272	2778.56600000	2776.91200000	2734.10800000	2727.93400000	2761.96400000	2762.19000000	2745.24600000	2745.03000000	2777.92000000	2774.37600000	2786.05000000	2786.89400000	2734.07800000	2733.29600000	2737.97200000	2735.78800000	2722.23200000	2717.07800000	2726.96200000	2724.75800000	2750.50980000	2748.42560000
3013979933.11036777	2777.53400000	2779.97800000	2732.70400000	2731.12200000	2745.77000000	2741.33000000	2715.18200000	2717.56600000	2787.06200000	2784.05400000	2767.35600000	2763.37600000	2740.64600000	2735.45000000	2735.24800000	2733.95000000	2722.97400000	2719.21400000	2699.21200000	2696.43800000	2742.36880000	2740.24780000
3014983277.59197330	2812.74200000	2813.97000000	2746.18600000	2737.05000000	2730.15400000	2734.15800000	2733.61600000	2734.46200000	2716.34000000	2711.52400000	2730.20400000	2730.25400000	2742.47200000	2742.11000000	2777.31800000	2773.34400000	2735.02800000	2728.44400000	2703.80200000	2708.18200000	2742.78620000	2741.34980000
3015986622.07357883	2821.63200000	2822.35400000	2734.27400000	2728.87600000	2759.59400000	2759.12600000	2716.93000000	2717.22400000	2766.21800000	2763.54600000	2739.43200000	2736.99600000	2738.42400000	2730.64400000	2744.82000000	2744.32600000	2706.04200000	2701.90600000	2706.41200000	2704.81400000	2743.37780000	2740.98120000
3016989966.55518389	2809.28400000	2808.70200000	2743.79200000	2744.89800000	2805.18400000	2804.46600000	2763.79600000	2761.37200000	2759.62000000	2756.33000000	2739.74600000	2735.98200000	2736.21200000	2733.48600000	2740.76200000	2741.32200000	2782.54400000	2782.17600000	2699.59400000	2697.29200000	2758.05340000	2756.60260000
3017993311.03678942	2807.48400000	2805.11000000	2778.52800000	2774.35200000	2771.54800000	2770.65800000	2732.94200000	2732.30400000	2815.61600000	2813.35600000	2727.94200000	2719.72600000	2743.37600000	2744.87400000	2735.40800000	2737.79200000	2809.62200000	2806.38000000	2697.51200000	2699.17000000	2761.99780000	2760.37220000
3018996655.51839447	2824.14000000	2819.98400000	2735.88000000	2734.67200000	2765.42200000	2763.84400000	2715.82200000	2714.69400000	2771.92600000	2763.33200000	2737.31400000	2735.67400000	2734.28800000	2731.14600000	2750.10000000	2750.79000000	2708.54800000	2707.95600000	2705.37000000	2705.23800000	2744.88100000	2742.73300000
3020000000.00000000	2810.98400000	2812.99600000	2772.07400000	2768.39200000	2766.73400000	2765.46800000	2731.96600000	2728.52400000	2813.87400000	2817.80000000	2723.60400000	2722.08600000	2747.26800000	2745.38200000	2742.60600000	2740.06800000	2819.54800000	2820.87800000	2702.36600000	2698.67200000	2763.10240000	2762.02660000
