freq	PL_sig1	PL_ref1	PL_sig2	PL_ref2	PL_sig3	PL_ref3	PL_sig4	PL_ref4	PL_sig5	PL_ref5	PL_sig6	PL_ref6	PL_sig7	PL_ref7	PL_sig8	PL_ref8	PL_sig9	PL_ref9	PL_sig10	PL_ref10	avgPL_sig	avgPL_ref
2720000000.00000000	2592.06800000	2590.76400000	2599.10000000	2602.79800000	2588.95600000	2592.17600000	2616.37800000	2613.70000000	2655.02800000	2649.51800000	2579.20200000	2575.50800000	2612.57800000	2611.26600000	2616.02200000	2611.64600000	2579.27200000	2578.06200000	2557.19400000	2558.10200000	2599.57980000	2598.35400000
2721003344.48160553	2606.05200000	2601.44600000	2602.49000000	2598.55800000	2612.39400000	2611.75800000	2605.40200000	2610.52400000	2602.71800000	2603.33800000	2583.09600000	2579.51200000	2631.79600000	2632.61400000	2626.99800000	2624.95200000	2583.25600000	2580.60600000	2568.29400000	2562.59000000	2602.24960000	2600.58980000
2722006688.96321058	2561.37000000	2564.99600000	2629.33400000	2629.22800000	2604.41600000	2603.21800000	2646.86000000	2646.58800000	2636.98400000	2635.15800000	2579.86400000	2576.47000000	2586.80600000	2582.98200000	2581.77200000	2578.34000000	2601.92400000	2599.59400000	2554.67200000	2553.32200000	2598.40020000	2596.98960000
2723010033.44481611	2624.80600000	2620.96600000	2602.28400000	2600.68400000	2600.01800000	2596.94200000	2603.86600000	2604.39400000	2605.47200000	2599.79000000	2568.91000000	2564.74200000	2616.02400000	2615.60200000	2614.08600000	2608.44800000	2594.00400000	2596.04400000	2587.89800000	2584.61800000	2601.73680000	2599.22300000
2724013377.92642164	2650.83200000	2647.44000000	2598.23400000	2598.10400000	2601.10600000	2593.93000000	2599.25200000	2597.70000000	2594.33800000	2593.04800000	2588.32600000	2584.72200000	2606.28600000	2606.87400000	2598.56000000	2598.96400000	2586.92200000	2588.63000000	2574.13000000	2575.70400000	2599.79860000	2598.51160000
2725016722.40802670	2623.58400000	2621.91200000	2603.98200000	2601.92200000	2596.84400000	2595.43800000	2608.20800000	2605.20600000	2604.74400000	2600.53000000	2579.05000000	2573.66800000	2606.41800000	2606.64000000	2623.97800000	2622.10000000	2595.64600000	2591.71200000	2585.58600000	2576.14400000	2602.80400000	2599.52720000
2726020066.88963223	2628.79400000	2622.72800000	2632.73000000	2626.07400000	2619.56200000	2622.41200000	2645.07600000	2643.94000000	2594.98200000	2593.61600000	2609.56600000	2608.03600000	2584.51600000	2585.49800000	2631.25400000	2632.86600000	2608.87000000	2608.93400000	2561.85600000	2556.09800000	2611.72060000	2610.02020000
2727023411.37123728	2634.31600000	2632.47000000	2605.86400000	2606.29200000	2578.56600000	2575.38600000	2595.37800000	2595.23400000	2598.48600000	2598.28200000	2584.60000000	2583.30800000	2621.22400000	2617.51800000	2607.73200000	2609.12200000	2570.31600000	2569.64200000	2568.64400000	2565.91400000	2596.51260000	2595.31680000
2728026755.85284281	2562.02800000	2559.68200000	2626.44000000	2626.31400000	2601.17000000	2600.63800000	2644.42000000	2641.65600000	2642.43800000	2638.44800000	2576.17200000	2573.09600000	2580.36400000	2588.71600000	2577.47400000	2580.02600000	2605.61400000	2599.94200000	2556.82400000	2555.46200000	2597.29440000	2596.39800000
2729030100.33444834	2628.34200000	2624.56600000	2601.60200000	2599.65000000	2615.95400000	2611.29200000	2612.11600000	2610.43800000	2596.88400000	2591.66200000	2579.31200000	2577.39800000	2595.36400000	2590.59800000	2602.57200000	2606.10800000	2584.51400000	2588.14600000	2573.90000000	2569.43400000	2599.05600000	2596.92920000
2730033444.81605339	2637.41800000	2630.77400000	2602.44600000	2601.43200000	2585.52400000	2578.73000000	2617.51200000	2613.58000000	2603.59600000	2603.07200000	2582.71400000	2581.57800000	2624.06600000	2620.63600000	2652.95400000	2648.89400000	2595.82800000	2593.26200000	2577.55400000	2578.15200000	2607.96120000	2605.01100000
2731036789.29765892	2629.06200000	2622.97600000	2623.57400000	2622.53600000	2594.91600000	2593.60600000	2643.19200000	2641.22200000	2596.03600000	2595.18400000	2582.90600000	2581.76200000	2618.37600000	2618.89200000	2649.48000000	2650.04600000	2581.08600000	2581.02800000	2564.61800000	2563.40000000	2608.32460000	2607.06520000
2732040133.77926445	2629.65000000	2626.35000000	2602.85200000	2599.25800000	2603.06200000	2596.94600000	2608.66000000	2604.53800000	2606.74800000	2602.74600000	2588.72400000	2585.96200000	2611.15600000	2606.40600000	2635.70600000	2636.01600000	2596.67800000	2597.03400000	2580.57600000	2579.24800000	2606.38120000	2603.45040000
2733043478.26086950	2651.72800000	2649.65200000	2607.91600000	2603.41200000	2628.01200000	2621.77600000	2600.12400000	2598.88400000	2598.41000000	2603.08000000	2591.09000000	2591.31400000	2587.67600000	2588.81800000	2598.26800000	2594.91000000	2598.66400000	2593.46400000	2581.60800000	2577.29000000	2604.34960000	2602.26000000
2734046822.74247503	2632.67200000	2628.22400000	2640.21400000	2637.11800000	2596.05800000	2592.10200000	2642.06600000	2639.61400000	2589.30400000	2590.20200000	2576.92600000	2575.98200000	2599.12400000	2596.85000000	2642.91600000	2639.58400000	2601.46200000	2600.41400000	2555.44000000	2553.06200000	2607.61820000	2605.31520000
2735050167.22408009	2631.81400000	2631.09600000	2636.55200000	2634.38600000	2613.11200000	2619.17600000	2640.86800000	2641.67000000	2601.10600000	2597.21000000	2612.57800000	2611.45600000	2591.43000000	2591.00800000	2636.18400000	2633.88400000	2617.55800000	2617.85600000	2565.52600000	2562.47000000	2614.67280000	2614.02120000
2736053511.70568562	2604.75400000	2608.18800000	2595.06200000	2594.32200000	2612.85000000	2610.18400000	2609.21400000	2609.46600000	2639.47400000	2637.63400000	2566.30400000	2565.80200000	2625.13400000	2621.00200000	2623.51600000	2619.54800000	2576.55000000	2575.60400000	2548.53000000	2556.01600000	2600.13880000	2599.77660000
2737056856.18729115	2652.28800000	2651.55400000	2604.39600000	2601.34200000	2604.43000000	2598.15800000	2604.26400000	2606.49800000	2598.67000000	2594.79600000	2588.62600000	2588.62800000	2609.13400000	2605.24400000	2611.95200000	2612.17000000	2593.11000000	2593.21800000	2579.70000000	2577.51600000	2604.65700000	2602.91240000
2738060200.66889620	2611.38400000	2609.17200000	2592.07600000	2590.83000000	2608.30600000	2609.01400000	2628.42400000	2623.33200000	2594.74400000	2596.51200000	2579.25000000	2578.37600000	2601.54800000	2593.99400000	2592.53400000	2591.00200000	2575.45400000	2574.77000000	2574.58000000	2572.86200000	2595.83000000	2593.98640000
2739063545.15050173	2624.05400000	2627.62000000	2599.51200000	2598.49400000	2603.95000000	2605.92800000	2623.91400000	2629.50000000	2594.21600000	2588.20800000	2579.90200000	2575.18600000	2607.76800000	2604.76000000	2617.28200000	2616.91600000	2610.82000000	2607.05800000	2588.87000000	2585.30200000	2605.02880000	2603.89720000
2740066889.63210726	2573.50400000	2570.33400000	2630.38400000	2629.76600000	2601.69800000	2601.09600000	2646.70600000	2640.76000000	2635.86200000	2642.02800000	2577.47600000	2572.60000000	2595.12000000	2588.80800000	2571.63600000	2571.24200000	2603.43000000	2600.04800000	2572.16200000	2572.38000000	2600.79780000	2598.90620000
2741070234.11371231	2617.53600000	2622.63200000	2603.31400000	2600.84800000	2593.78600000	2592.69600000	2601.87600000	2599.65800000	2602.30200000	2598.38600000	2575.10800000	2571.66600000	2612.30200000	2609.75000000	2616.65800000	2611.67800000	2599.30400000	2593.63800000	2583.74400000	2584.43000000	2600.59300000	2598.53820000
2742073578.59531784	2646.71200000	2647.69200000	2598.84200000	2596.89200000	2596.28600000	2595.62000000	2600.61400000	2592.46000000	2594.19400000	2590.16000000	2589.95400000	2585.22400000	2599.74600000	2596.32800000	2595.56000000	2593.70000000	2585.62400000	2579.63600000	2574.91200000	2574.49600000	2598.24440000	2595.22080000
2743076923.07692289	2627.26400000	2626.54200000	2605.14200000	2600.33600000	2609.56800000	2603.32600000	2624.38600000	2627.72400000	2593.85200000	2591.41000000	2580.39000000	2584.44000000	2607.33800000	2608.68600000	2615.98400000	2616.29200000	2608.98400000	2608.68800000	2589.64200000	2588.09000000	2606.25500000	2605.55340000
2744080267.55852842	2632.13800000	2630.08200000	2601.88600000	2595.79600000	2598.13400000	2600.43000000	2619.46200000	2619.24400000	2596.74400000	2592.63000000	2577.19000000	2577.67000000	2593.31200000	2592.60400000	2623.19800000	2618.14600000	2599.13400000	2592.97200000	2582.96800000	2585.99000000	2602.41660000	2600.55640000
2745083612.04013395	2634.54600000	2627.67200000	2605.37200000	2602.74400000	2601.48400000	2600.80400000	2605.46800000	2604.36200000	2599.69600000	2603.66200000	2583.82800000	2584.12200000	2608.66600000	2606.60000000	2628.35400000	2634.77800000	2604.63800000	2602.80800000	2577.77400000	2575.80200000	2604.98260000	2604.33540000
2746086956.52173901	2623.50800000	2626.18000000	2599.04200000	2598.58600000	2590.98400000	2592.49400000	2615.66800000	2614.47000000	2608.94000000	2605.91200000	2591.19600000	2585.92800000	2636.55400000	2637.38800000	2650.98600000	2648.66000000	2576.39200000	2576.53800000	2585.39800000	2585.84200000	2607.86680000	2607.19980000
2747090301.00334454	2628.12200000	2627.96400000	2597.17000000	2600.82800000	2610.50400000	2605.17800000	2613.36200000	2611.22600000	2592.66400000	2589.75200000	2576.44200000	2573.90600000	2587.61400000	2592.95600000	2602.25200000	2595.62200000	2583.84400000	2584.27200000	2567.83000000	2567.41000000	2595.98040000	2594.91140000
2748093645.48495007	2574.24200000	2570.96200000	2629.18600000	2619.53000000	2607.58200000	2602.28400000	2645.65400000	2646.00000000	2640.55800000	2640.25200000	2584.48400000	2580.94800000	2598.00000000	2598.97600000	2567.79400000	2564.98600000	2599.00000000	2594.12200000	2589.76200000	2588.70000000	2603.62620000	2600.67600000
2749096989.96655512	2626.39200000	2623.34400000	2608.37400000	2604.17200000	2576.46200000	2575.63200000	2590.97800000	2592.63000000	2594.65600000	2588.74800000	2579.81400000	2579.64200000	2611.49400000	2612.83800000	2606.81000000	2608.59200000	2566.57600000	2564.95800000	2567.93400000	2569.18600000	2592.94900000	2591.97420000
2750100334.44816065	2611.29600000	2610.24600000	2611.88000000	2610.09400000	2614.61000000	2613.12600000	2610.80000000	2604.84000000	2599.47800000	2598.26000000	2584.67200000	2582.75600000	2639.92000000	2638.94200000	2625.67600000	2619.70200000	2592.19800000	2593.51000000	2580.08000000	2579.26400000	2607.06100000	2605.07400000
2751103678.92976570	2599.13800000	2594.61000000	2597.85200000	2593.16000000	2603.01200000	2599.61800000	2608.07600000	2607.65000000	2649.69400000	2645.31600000	2570.19200000	2565.88800000	2620.62000000	2616.39000000	2617.37000000	2618.84200000	2573.78600000	2573.85000000	2556.20000000	2558.95800000	2599.59400000	2597.42820000
2752107023.41137123	2630.71600000	2633.47800000	2628.97200000	2623.01200000	2593.01800000	2594.77400000	2642.20400000	2639.39200000	2596.25200000	2596.02200000	2581.71800000	2578.24800000	2612.69000000	2610.95200000	2639.62800000	2640.78200000	2596.26400000	2586.81400000	2557.44800000	2553.56400000	2607.89100000	2605.70380000
2753110367.89297676	2621.34800000	2618.75600000	2606.55200000	2606.59600000	2599.46800000	2600.19600000	2629.73200000	2630.81000000	2592.51600000	2590.83200000	2592.35800000	2588.19000000	2618.92800000	2617.97600000	2660.45800000	2660.96600000	2574.29800000	2576.61600000	2565.76200000	2567.84000000	2606.14200000	2605.87780000
2754113712.37458181	2575.92800000	2570.09400000	2626.62600000	2625.50400000	2604.84400000	2606.31800000	2645.04800000	2642.18400000	2640.70400000	2638.71400000	2577.64200000	2580.45600000	2599.66800000	2602.98400000	2564.04000000	2556.73000000	2594.77800000	2593.65000000	2585.96600000	2581.14600000	2601.52440000	2599.77800000
2755117056.85618734	2564.02000000	2564.43600000	2631.41800000	2627.79600000	2607.93400000	2606.66600000	2644.78400000	2646.47400000	2643.70400000	2641.12200000	2580.78800000	2579.80800000	2588.55200000	2586.12400000	2575.41800000	2577.08600000	2601.40800000	2603.25400000	2560.12800000	2561.13400000	2599.81540000	2599.39000000
2756120401.33779287	2623.85000000	2626.26000000	2633.40000000	2630.16600000	2621.04400000	2619.37400000	2645.18800000	2640.80200000	2596.17000000	2599.15000000	2611.49800000	2605.62400000	2592.07200000	2592.34200000	2641.86400000	2642.97600000	2615.76600000	2610.40200000	2564.23600000	2563.81600000	2614.50880000	2613.09120000
2757123745.81939793	2575.63200000	2575.74600000	2632.74800000	2628.82600000	2607.98600000	2602.20000000	2651.54400000	2645.52600000	2642.19800000	2644.22800000	2578.61400000	2577.63000000	2598.56600000	2598.50000000	2573.31400000	2569.67000000	2600.25400000	2597.35000000	2578.39400000	2579.27000000	2603.92500000	2601.89460000
2758127090.30100346	2617.30600000	2613.32000000	2590.75400000	2590.19600000	2592.01400000	2591.93000000	2617.49600000	2614.64200000	2588.63800000	2589.54400000	2584.24400000	2590.72400000	2606.90600000	2604.60200000	2593.75800000	2593.72200000	2566.59000000	2566.54000000	2568.06400000	2571.03400000	2592.57700000	2592.62540000
2759130434.78260851	2626.63400000	2621.46400000	2599.03200000	2600.16000000	2591.98600000	2588.10000000	2610.60400000	2609.65200000	2594.32800000	2593.07400000	2592.65000000	2587.74600000	2624.47800000	2624.23800000	2657.02000000	2647.94800000	2573.31800000	2567.48400000	2578.73800000	2577.59400000	2604.87880000	2601.74600000
2760133779.26421404	2624.01400000	2624.71000000	2602.38600000	2597.52400000	2606.01600000	2596.93000000	2604.48800000	2602.41800000	2601.49600000	2595.65000000	2571.26400000	2565.64600000	2618.46000000	2620.04200000	2610.36400000	2605.44000000	2596.68400000	2593.91200000	2585.64000000	2587.13400000	2602.08120000	2598.94060000
2761137123.74581957	2565.20800000	2561.04600000	2635.87600000	2634.60400000	2604.21800000	2604.77200000	2643.46200000	2643.08800000	2633.57000000	2630.33000000	2575.29000000	2575.64400000	2604.01400000	2601.86600000	2599.05600000	2597.03400000	2618.64400000	2613.28400000	2560.70000000	2557.74400000	2604.00380000	2601.94120000
2762140468.22742462	2599.32600000	2603.17800000	2594.70600000	2592.59200000	2617.90000000	2610.70600000	2605.42600000	2603.22400000	2621.65200000	2620.39000000	2566.95000000	2572.19200000	2629.70400000	2626.86400000	2626.32200000	2620.55600000	2574.58600000	2572.02800000	2547.70400000	2548.32400000	2598.42760000	2597.00540000
2763143812.70903015	2649.38800000	2648.11000000	2600.48800000	2594.85200000	2600.77000000	2594.58800000	2598.99600000	2595.87600000	2594.32800000	2596.36800000	2583.94200000	2586.97600000	2605.98400000	2599.81200000	2597.57800000	2593.51000000	2582.25400000	2581.98400000	2573.32400000	2573.20600000	2598.70520000	2596.52820000
2764147157.19063568	2610.73200000	2611.81000000	2609.77000000	2610.17600000	2608.16800000	2603.22000000	2604.12400000	2604.37600000	2597.25800000	2595.11800000	2577.18400000	2572.82000000	2621.50000000	2622.11200000	2609.18200000	2611.20600000	2597.41400000	2595.39000000	2589.41200000	2591.36200000	2602.47440000	2601.75900000
2765150501.67224073	2629.12800000	2629.09000000	2593.67600000	2590.43800000	2598.26000000	2596.38800000	2620.95600000	2614.62200000	2595.85400000	2590.68000000	2577.29800000	2573.63800000	2593.09000000	2590.34400000	2621.13600000	2615.58800000	2593.14000000	2592.35000000	2574.51600000	2577.36800000	2599.70540000	2597.05060000
2766153846.15384626	2622.83200000	2622.59200000	2601.39400000	2604.97800000	2579.84200000	2575.95400000	2598.19000000	2597.02800000	2582.79400000	2578.40800000	2578.09400000	2579.79800000	2605.64600000	2605.48800000	2624.08000000	2622.59200000	2571.99800000	2572.73400000	2566.45000000	2567.08600000	2593.13200000	2592.66580000
2767157190.63545132	2643.71200000	2640.11800000	2602.23600000	2595.15200000	2606.44600000	2605.68600000	2604.61200000	2601.28800000	2603.32200000	2603.90000000	2587.81400000	2584.97800000	2611.87000000	2608.42600000	2620.14400000	2619.23200000	2605.19200000	2607.39400000	2586.89200000	2583.71000000	2607.22400000	2604.98840000
2768160535.11705685	2622.21800000	2622.29600000	2612.87600000	2611.33800000	2582.65400000	2581.74400000	2601.40200000	2596.19000000	2583.06000000	2586.75600000	2578.41400000	2581.50400000	2610.59200000	2610.57200000	2621.43400000	2618.11800000	2574.30400000	2574.64000000	2569.82200000	2568.23600000	2595.67760000	2595.13940000
2769163879.59866238	2629.98000000	2629.06800000	2597.68600000	2599.35000000	2618.92600000	2618.49400000	2618.86200000	2619.08400000	2597.19400000	2597.35600000	2591.90800000	2587.05000000	2596.95000000	2592.97200000	2596.85000000	2598.52600000	2604.19000000	2603.11800000	2570.58400000	2570.32400000	2602.31300000	2601.53420000
2770167224.08026743	2631.86800000	2631.84000000	2630.13000000	2629.20400000	2597.27000000	2593.20000000	2648.24000000	2640.11400000	2592.65800000	2594.38800000	2580.02400000	2583.58200000	2603.10800000	2604.32600000	2640.11600000	2643.73600000	2599.98000000	2599.03200000	2550.42600000	2548.38600000	2607.38200000	2606.78080000
2771170568.56187296	2634.33800000	2635.26600000	2604.88200000	2603.17600000	2574.36600000	2574.05200000	2609.21400000	2604.61400000	2600.46000000	2595.41000000	2570.79200000	2572.96400000	2612.12800000	2609.67200000	2643.51800000	2642.16200000	2587.71800000	2589.64800000	2569.86800000	2565.59000000	2600.72840000	2599.25540000
2772173913.04347849	2613.90000000	2610.75400000	2608.75000000	2611.27400000	2608.78000000	2611.35200000	2604.01600000	2605.51600000	2595.93400000	2594.61000000	2579.27200000	2575.84800000	2636.87000000	2636.22000000	2620.04000000	2616.58200000	2595.66800000	2590.51400000	2575.39400000	2576.30400000	2603.86240000	2602.89740000
2773177257.52508354	2556.76200000	2557.31000000	2628.99600000	2626.63200000	2594.00200000	2589.03200000	2647.62200000	2642.80600000	2629.25000000	2633.57800000	2576.62400000	2575.15600000	2600.11400000	2599.27800000	2605.20000000	2607.08200000	2593.30800000	2592.43400000	2555.02600000	2552.76600000	2598.69040000	2597.60740000
2774180602.00668907	2567.27400000	2564.80400000	2629.35800000	2630.41200000	2605.59200000	2600.96000000	2645.50800000	2649.06800000	2645.00800000	2643.58800000	2579.32600000	2576.49200000	2589.94200000	2587.44800000	2584.26600000	2580.65400000	2609.52800000	2606.89000000	2558.03400000	2554.20200000	2601.38360000	2599.45180000
2775183946.48829412	2559.01400000	2557.53400000	2633.33200000	2630.66600000	2601.17000000	2595.29200000	2645.78200000	2642.45200000	2631.79000000	2632.83600000	2577.80200000	2577.25600000	2606.15000000	2604.70200000	2604.79000000	2603.03800000	2599.43600000	2600.42200000	2556.09600000	2552.90400000	2601.53620000	2599.71020000
2776187290.96989965	2569.16200000	2570.84400000	2621.16800000	2617.82800000	2595.86400000	2599.34400000	2625.28000000	2620.88400000	2640.34600000	2640.45200000	2573.31600000	2572.15600000	2599.93600000	2596.15000000	2593.54200000	2591.25600000	2589.83800000	2592.28200000	2545.35600000	2549.30400000	2595.38080000	2595.05000000
2777190635.45150518	2629.85400000	2629.63200000	2605.55600000	2600.12200000	2606.05400000	2607.34600000	2625.20400000	2621.39200000	2593.80000000	2595.95000000	2586.37200000	2583.08800000	2614.21400000	2613.12400000	2610.64000000	2614.42000000	2616.93600000	2610.97000000	2590.94400000	2588.35200000	2607.95740000	2606.43960000
2778193979.93311024	2573.73200000	2571.77800000	2629.40000000	2628.53000000	2612.30600000	2608.49400000	2650.12400000	2641.78600000	2646.23600000	2643.75200000	2587.36600000	2587.35800000	2601.71400000	2602.99000000	2567.80200000	2565.43600000	2603.62200000	2600.79000000	2596.08600000	2591.06000000	2606.83880000	2604.19740000
2779197324.41471577	2627.20200000	2624.98600000	2634.66400000	2634.29000000	2611.17800000	2612.15000000	2634.56000000	2636.89400000	2598.98200000	2597.96000000	2593.61800000	2595.83400000	2597.88400000	2589.49800000	2629.11800000	2628.79400000	2624.12200000	2626.48200000	2564.59600000	2562.71400000	2611.59240000	2610.96020000
2780200668.89632130	2621.68600000	2622.23200000	2609.21000000	2605.61000000	2579.60800000	2578.34400000	2600.42000000	2594.39600000	2582.38200000	2576.59600000	2579.28400000	2578.47000000	2604.94600000	2607.19400000	2621.52200000	2621.24000000	2575.42200000	2576.15400000	2562.60400000	2567.33400000	2593.70840000	2592.75700000
2781204013.37792635	2629.95000000	2622.19200000	2619.11000000	2623.11200000	2593.90000000	2589.56000000	2639.84000000	2636.40000000	2588.75800000	2587.28000000	2574.71400000	2578.34400000	2612.90400000	2614.05800000	2642.03400000	2634.02600000	2588.37000000	2592.14400000	2559.00200000	2557.33600000	2604.85820000	2603.44520000
2782207357.85953188	2630.75800000	2627.78400000	2603.12000000	2602.97000000	2586.63600000	2588.09200000	2608.18200000	2610.84800000	2594.30000000	2595.08600000	2589.21400000	2585.65600000	2627.06400000	2629.07600000	2653.44000000	2652.54600000	2575.31400000	2573.82000000	2579.39200000	2579.95800000	2604.74200000	2604.58360000
2783210702.34113693	2644.90000000	2645.53600000	2603.24400000	2603.59800000	2620.04800000	2620.52400000	2601.15200000	2599.99800000	2592.74200000	2592.85800000	2591.96200000	2588.11000000	2587.59600000	2587.13600000	2591.65800000	2593.29600000	2594.18400000	2593.72600000	2575.22600000	2573.69600000	2600.27120000	2599.84780000
2784214046.82274246	2624.56000000	2624.22600000	2605.17000000	2604.30800000	2578.28000000	2581.30800000	2613.10200000	2609.65000000	2599.56600000	2600.53200000	2580.42400000	2580.52400000	2627.19000000	2624.07400000	2644.73000000	2648.10200000	2587.08800000	2589.46200000	2584.11400000	2580.18000000	2604.42240000	2604.23660000
2785217391.30434799	2595.80800000	2597.82400000	2597.51600000	2596.79200000	2601.02400000	2599.69400000	2606.45800000	2607.88000000	2649.21200000	2644.86200000	2569.39800000	2572.04800000	2616.72200000	2616.79000000	2622.79200000	2617.59800000	2575.99000000	2573.74200000	2557.53000000	2561.87800000	2599.24500000	2598.91080000
2786220735.78595304	2628.88600000	2635.81600000	2599.87800000	2599.19400000	2634.60400000	2627.83400000	2619.44800000	2618.79600000	2599.64000000	2596.96200000	2594.22200000	2591.20000000	2597.43000000	2600.24600000	2597.34800000	2597.92000000	2606.54000000	2604.48600000	2570.42400000	2571.21200000	2604.84200000	2604.36660000
2787224080.26755857	2622.55400000	2623.13000000	2604.08600000	2601.68200000	2571.71400000	2569.81400000	2600.43800000	2599.64800000	2589.55000000	2586.29600000	2575.34800000	2578.76200000	2610.71200000	2613.50200000	2632.90800000	2630.09400000	2583.29400000	2576.98200000	2565.17600000	2563.77400000	2595.57800000	2594.36840000
2788227424.74916410	2605.66200000	2600.89200000	2594.83200000	2595.96600000	2617.51800000	2611.96800000	2608.18400000	2606.15000000	2631.45400000	2628.72800000	2575.54800000	2573.98200000	2633.93200000	2635.48000000	2623.01400000	2623.96800000	2576.79200000	2579.41400000	2556.03200000	2554.10800000	2602.29680000	2601.06560000
2789230769.23076916	2604.67400000	2605.32000000	2599.34000000	2595.98000000	2616.32000000	2618.27600000	2606.44400000	2603.59400000	2615.78200000	2606.46600000	2577.06800000	2577.28600000	2634.61000000	2629.70800000	2626.47200000	2626.29800000	2586.20200000	2581.93200000	2562.29400000	2559.52400000	2602.92060000	2600.43840000
2790234113.71237469	2560.21600000	2555.68600000	2632.01200000	2630.02400000	2598.19600000	2596.22200000	2650.26400000	2642.38200000	2635.17600000	2632.54800000	2581.94000000	2576.07800000	2611.28600000	2610.20000000	2605.15000000	2604.02600000	2603.07000000	2606.28800000	2562.84400000	2556.70800000	2604.01540000	2601.01620000
2791237458.19397974	2636.55600000	2634.15400000	2604.54600000	2605.85600000	2611.58200000	2612.43200000	2609.86600000	2613.59600000	2602.33400000	2597.70400000	2582.56200000	2577.85600000	2597.76200000	2596.43800000	2610.90800000	2608.87400000	2589.34600000	2587.93600000	2573.37600000	2572.50200000	2601.88380000	2600.73480000
2792240802.67558527	2623.30000000	2617.99000000	2603.00200000	2597.14400000	2584.56800000	2582.87600000	2605.50000000	2606.15600000	2594.43800000	2593.17200000	2582.06600000	2586.05000000	2628.30800000	2624.94600000	2639.59800000	2637.22600000	2574.47600000	2575.70000000	2579.20400000	2579.17400000	2601.44600000	2600.04340000
2793244147.15719080	2653.72800000	2651.57800000	2604.59600000	2599.92400000	2607.63600000	2604.40000000	2604.08200000	2604.42400000	2602.52400000	2600.61400000	2587.58600000	2587.24200000	2610.69800000	2602.34200000	2614.55000000	2616.48000000	2598.20200000	2599.85400000	2582.62400000	2579.02600000	2606.62260000	2604.58840000
2794247491.63879585	2629.06600000	2628.66600000	2600.50000000	2595.03600000	2574.70000000	2574.12800000	2603.21000000	2604.63200000	2596.58800000	2594.38600000	2575.54600000	2572.27600000	2611.05200000	2608.81600000	2638.08200000	2634.18800000	2582.61000000	2580.15200000	2562.53600000	2565.15000000	2597.38900000	2595.74300000
2795250836.12040138	2561.58600000	2562.52000000	2640.49600000	2635.19000000	2606.72200000	2609.99400000	2640.55400000	2640.97000000	2627.95800000	2631.61000000	2570.41400000	2569.31400000	2588.49600000	2589.64600000	2577.81600000	2573.47800000	2593.90600000	2596.28000000	2546.93400000	2548.09800000	2595.48820000	2595.71000000
2796254180.60200691	2651.86800000	2649.91600000	2596.83000000	2597.64000000	2600.51200000	2596.75800000	2602.90600000	2598.31400000	2596.05400000	2593.08000000	2588.57000000	2583.79200000	2611.25200000	2604.74000000	2606.62600000	2603.94000000	2590.57800000	2588.23000000	2574.06800000	2573.13600000	2601.92640000	2598.95460000
2797257525.08361197	2568.53400000	2568.46800000	2613.93200000	2607.91200000	2597.26600000	2594.00200000	2614.38000000	2614.95400000	2651.54600000	2648.46000000	2578.45000000	2575.58800000	2594.07800000	2594.66600000	2593.84000000	2593.99800000	2579.10000000	2581.77400000	2556.26400000	2556.51000000	2594.73900000	2593.63320000
2798260869.56521749	2626.23200000	2622.32200000	2602.44800000	2603.44000000	2598.77200000	2600.17000000	2605.92800000	2609.87800000	2603.24400000	2602.05400000	2589.45600000	2587.30000000	2603.76400000	2606.71600000	2635.18200000	2632.62400000	2596.52800000	2593.59400000	2580.28400000	2578.16200000	2604.18380000	2603.62600000
2799264214.04682255	2574.94000000	2570.10000000	2603.71600000	2606.94200000	2590.96200000	2594.13800000	2612.51800000	2606.71800000	2648.80000000	2649.67800000	2580.41400000	2575.71600000	2590.13200000	2585.77800000	2588.73000000	2584.98800000	2574.44600000	2577.28800000	2551.52000000	2550.74800000	2591.61780000	2590.20940000
2800267558.52842808	2636.41800000	2638.22400000	2606.99000000	2605.13400000	2631.78600000	2634.60400000	2621.40200000	2623.53200000	2600.31000000	2603.01200000	2596.54000000	2594.82400000	2604.18000000	2604.71000000	2604.36400000	2598.56200000	2606.06600000	2602.12400000	2573.14000000	2570.71200000	2608.11960000	2607.54380000
2801270903.01003361	2612.88800000	2611.50400000	2614.92600000	2614.98600000	2609.05800000	2608.13000000	2607.83800000	2602.87600000	2598.44600000	2597.53000000	2579.57600000	2576.82400000	2631.05200000	2630.46000000	2617.96600000	2615.73200000	2606.13400000	2600.99200000	2588.30200000	2590.92600000	2606.61860000	2604.99600000
2802274247.49163866	2619.85800000	2620.11400000	2592.92600000	2591.90800000	2587.88400000	2586.64200000	2609.57000000	2608.38600000	2591.96000000	2596.51000000	2587.83000000	2582.34800000	2614.33800000	2614.67400000	2598.74800000	2592.88800000	2566.96000000	2565.06600000	2561.97200000	2562.55600000	2593.20460000	2592.10920000
2803277591.97324419	2622.62200000	2619.88200000	2599.73800000	2598.21000000	2588.27000000	2583.15400000	2610.50800000	2612.72600000	2589.71800000	2587.48600000	2590.92800000	2589.86600000	2620.10800000	2619.35800000	2649.91200000	2652.23200000	2574.61200000	2569.06400000	2576.42400000	2576.11000000	2602.28400000	2600.80880000
2804280936.45484972	2632.99200000	2631.49000000	2604.33600000	2595.11000000	2611.76400000	2610.75400000	2612.56400000	2611.63800000	2605.55800000	2599.16000000	2580.13800000	2580.48200000	2596.58000000	2602.59600000	2617.50800000	2619.25600000	2586.07000000	2584.61600000	2569.09800000	2570.15800000	2601.66080000	2600.52600000
2805284280.93645477	2624.21800000	2625.12200000	2598.22600000	2596.29600000	2608.89200000	2611.32400000	2620.06400000	2620.51600000	2589.20600000	2588.70200000	2583.23600000	2581.85800000	2596.49200000	2592.27600000	2598.06200000	2603.17200000	2577.85800000	2580.89600000	2575.57800000	2575.40000000	2597.18320000	2597.55620000
2806287625.41806030	2613.06200000	2611.28400000	2610.10800000	2605.09200000	2603.57400000	2598.80800000	2598.04400000	2597.72800000	2596.48000000	2590.77600000	2577.09400000	2567.65200000	2617.26600000	2621.31600000	2609.13400000	2606.47400000	2594.31400000	2597.90000000	2586.63200000	2585.45200000	2600.57080000	2598.24820000
2807290969.89966536	2564.47400000	2563.28200000	2642.66600000	2643.26800000	2601.32000000	2604.54000000	2639.24200000	2637.50400000	2624.40400000	2627.51800000	2573.16400000	2569.34200000	2592.05600000	2591.80400000	2580.26000000	2577.17800000	2602.87200000	2600.56600000	2553.48600000	2548.34000000	2597.39440000	2596.33420000
2808294314.38127089	2624.12800000	2623.39600000	2592.46600000	2597.32000000	2606.21400000	2607.39200000	2613.14800000	2611.30200000	2588.05800000	2585.11200000	2576.31600000	2576.18600000	2589.34000000	2582.68800000	2598.06400000	2597.23400000	2581.22200000	2587.40600000	2567.53400000	2564.89400000	2593.64900000	2593.29300000
2809297658.86287642	2626.16600000	2626.95600000	2592.95600000	2592.34800000	2594.25800000	2596.66200000	2614.59400000	2610.80800000	2591.36200000	2585.99800000	2573.70600000	2568.91800000	2593.52000000	2591.75000000	2622.91200000	2622.31000000	2588.33200000	2591.74200000	2578.88200000	2572.46200000	2597.66880000	2595.99540000
2810301003.34448147	2634.04000000	2632.72200000	2603.72200000	2608.62400000	2603.96400000	2605.13400000	2609.19800000	2613.76800000	2600.32400000	2600.77000000	2587.57400000	2588.34000000	2612.11800000	2610.52800000	2639.70800000	2638.00600000	2604.30400000	2603.17200000	2583.68400000	2581.73800000	2607.86360000	2608.28020000
2811304347.82608700	2632.60600000	2630.41400000	2603.74400000	2598.11400000	2622.87400000	2621.20000000	2619.80000000	2616.41800000	2600.26000000	2602.09000000	2595.12200000	2590.84400000	2595.51800000	2595.54000000	2601.50600000	2599.81200000	2603.81800000	2604.94400000	2569.94000000	2569.19800000	2604.51880000	2602.85740000
2812307692.30769253	2633.47800000	2633.96600000	2602.08200000	2603.49400000	2631.86600000	2626.39800000	2618.21200000	2618.46200000	2603.71800000	2603.52200000	2593.10800000	2588.58600000	2602.95800000	2600.44800000	2600.39000000	2598.36800000	2603.68200000	2603.09000000	2572.76600000	2572.86000000	2606.22600000	2604.91940000
2813311036.78929758	2618.23600000	2616.48800000	2596.88400000	2599.21400000	2593.69600000	2591.14600000	2607.49600000	2611.37200000	2585.56200000	2588.16800000	2587.79800000	2589.16400000	2613.52800000	2616.76600000	2663.29400000	2654.89000000	2571.35600000	2569.52000000	2573.85000000	2574.71400000	2601.17000000	2601.14420000
2814314381.27090311	2571.72800000	2569.36400000	2619.02800000	2617.81000000	2599.28000000	2597.70200000	2621.37200000	2626.20200000	2652.36200000	2652.34800000	2577.38000000	2575.74400000	2602.30400000	2600.69600000	2599.80400000	2598.33800000	2585.18000000	2585.70000000	2560.22800000	2557.70800000	2598.86660000	2598.16120000
2815317725.75250816	2627.24200000	2626.99800000	2596.77600000	2596.92400000	2598.17200000	2595.68800000	2623.67400000	2621.62800000	2591.28200000	2592.65800000	2578.19400000	2580.12000000	2597.78800000	2593.96400000	2615.50200000	2615.43800000	2597.65800000	2598.70600000	2583.46400000	2582.36800000	2600.97520000	2600.44920000
2816321070.23411369	2570.13800000	2571.00200000	2636.36400000	2629.32000000	2605.31800000	2606.49000000	2643.90800000	2644.10400000	2640.69000000	2641.12200000	2579.59200000	2578.82600000	2594.14800000	2588.21600000	2581.75000000	2575.19000000	2604.11200000	2604.22200000	2565.51800000	2564.06400000	2602.15380000	2600.25560000
2817324414.71571922	2631.75400000	2631.28400000	2603.68000000	2601.66400000	2577.49800000	2581.43800000	2607.77200000	2609.60000000	2605.47400000	2602.61000000	2579.93600000	2575.09000000	2615.39800000	2615.87200000	2652.96000000	2651.32000000	2594.19800000	2594.21600000	2565.53800000	2568.28200000	2603.42080000	2603.13760000
2818327759.19732428	2642.25400000	2639.63800000	2602.05200000	2603.36200000	2625.03800000	2620.76600000	2600.66600000	2600.40000000	2597.64200000	2592.76600000	2590.96600000	2592.43200000	2591.54000000	2590.75200000	2597.15600000	2595.73600000	2598.99200000	2596.25400000	2567.15800000	2569.17200000	2601.34640000	2600.12780000
2819331103.67892981	2625.29800000	2627.28400000	2612.32600000	2614.83000000	2583.26800000	2585.36200000	2598.66800000	2599.89000000	2588.14600000	2587.78600000	2584.36200000	2583.93000000	2612.77800000	2615.54200000	2620.42200000	2620.68800000	2580.45400000	2575.42400000	2569.30200000	2568.18600000	2597.50240000	2597.89220000
2820334448.16053534	2644.02800000	2642.17000000	2606.09400000	2604.09000000	2599.50400000	2599.68600000	2598.75600000	2598.70600000	2600.59800000	2602.75800000	2590.03000000	2591.89600000	2596.85000000	2599.79400000	2592.28600000	2596.72200000	2584.29000000	2580.07800000	2575.48400000	2576.88000000	2598.79200000	2599.27800000
2821337792.64214039	2623.99400000	2622.66600000	2594.33600000	2594.72800000	2608.50400000	2606.80200000	2622.33000000	2620.06000000	2588.67200000	2586.27400000	2579.37600000	2576.92600000	2595.73000000	2593.45400000	2593.77000000	2595.61800000	2582.53400000	2576.44800000	2571.35400000	2571.96200000	2596.06000000	2594.49380000
2822341137.12374592	2576.91800000	2579.21600000	2631.50400000	2629.39200000	2614.40600000	2617.26600000	2650.59800000	2655.50800000	2646.32800000	2650.61400000	2593.11800000	2592.19600000	2605.56200000	2606.76800000	2572.35600000	2573.53200000	2609.46200000	2609.39600000	2601.45800000	2600.87000000	2610.17100000	2611.47580000
2823344481.60535097	2574.11800000	2573.61200000	2623.09000000	2621.46800000	2601.44800000	2600.04000000	2629.65600000	2626.42000000	2638.56200000	2639.27000000	2577.09000000	2573.44800000	2602.88400000	2604.18600000	2600.25800000	2595.79400000	2592.62200000	2586.11600000	2552.40800000	2543.34000000	2599.21360000	2596.36940000
2824347826.08695650	2639.55000000	2638.92600000	2601.31200000	2602.98200000	2634.36600000	2630.77800000	2605.87000000	2603.61000000	2591.71200000	2590.77600000	2593.09600000	2592.63600000	2588.27200000	2587.95800000	2598.31600000	2598.75400000	2599.07200000	2600.51600000	2567.82400000	2571.00800000	2601.93900000	2601.79440000
2825351170.56856203	2653.45000000	2654.32000000	2605.17800000	2601.76800000	2609.93600000	2604.35200000	2593.46600000	2596.83000000	2600.66800000	2602.04000000	2593.77200000	2597.57600000	2585.73400000	2590.97000000	2591.72000000	2588.28600000	2590.50400000	2588.86200000	2571.71600000	2577.37000000	2599.61440000	2600.23740000
2826354515.05016708	2613.51000000	2614.70000000	2584.89800000	2592.40200000	2596.68400000	2596.96400000	2616.96800000	2618.66600000	2591.87800000	2588.30000000	2581.21200000	2585.93400000	2606.61200000	2605.95200000	2587.17600000	2591.23000000	2569.26400000	2569.23800000	2570.77600000	2573.94800000	2591.89780000	2593.73340000
2827357859.53177261	2622.85600000	2619.98600000	2608.07400000	2604.35800000	2581.66800000	2580.44600000	2611.10800000	2611.26800000	2594.96400000	2594.71200000	2581.47000000	2585.58600000	2623.42000000	2627.68400000	2646.79600000	2644.33000000	2583.26800000	2579.27400000	2579.61800000	2581.26000000	2603.32420000	2602.89040000
2828361204.01337814	2615.26000000	2619.23000000	2594.30600000	2594.62000000	2603.16000000	2604.55600000	2627.16000000	2625.87000000	2593.79000000	2593.20800000	2581.22600000	2581.00000000	2598.17600000	2600.42400000	2596.04600000	2590.41400000	2578.15600000	2576.42200000	2574.69800000	2572.29200000	2596.19780000	2595.80360000
2829364548.49498320	2636.43200000	2645.54200000	2604.04200000	2605.42200000	2622.54000000	2622.08600000	2600.56600000	2594.41800000	2593.46800000	2594.71600000	2592.94600000	2594.83800000	2586.32600000	2584.55600000	2598.81200000	2593.74800000	2596.91200000	2592.94600000	2571.69400000	2568.59800000	2600.37380000	2599.68700000
2830367892.97658873	2628.41400000	2629.15200000	2602.89600000	2599.95200000	2600.91400000	2601.07400000	2630.15600000	2626.63800000	2591.82000000	2589.08200000	2575.45200000	2577.69800000	2601.83800000	2600.61400000	2618.43000000	2619.64600000	2605.46200000	2600.39400000	2582.28200000	2590.76400000	2603.76640000	2603.50140000
2831371237.45819378	2562.21200000	2559.40600000	2637.08400000	2634.65000000	2604.03800000	2605.26200000	2639.82200000	2643.62600000	2630.39600000	2634.91000000	2567.91200000	2571.50000000	2586.35000000	2582.63200000	2575.98600000	2575.64600000	2595.90800000	2594.99600000	2550.95800000	2552.37600000	2595.06660000	2595.50040000
2832374581.93979931	2569.48600000	2564.77600000	2618.29600000	2614.64200000	2594.47400000	2598.10400000	2621.68600000	2621.08000000	2636.95000000	2637.93400000	2565.29200000	2566.72800000	2595.40600000	2593.86200000	2590.33600000	2590.83600000	2587.26800000	2583.04200000	2546.35800000	2549.18400000	2592.55520000	2592.01880000
2833377926.42140484	2621.01600000	2622.12000000	2595.47200000	2602.16600000	2579.52000000	2577.85600000	2608.55800000	2606.43000000	2606.94200000	2605.03800000	2584.32400000	2579.54600000	2616.56600000	2618.39800000	2599.98800000	2597.93800000	2564.46000000	2566.09800000	2556.18200000	2561.97000000	2593.30280000	2593.75600000
2834381270.90300989	2568.69400000	2573.87200000	2609.70600000	2614.14200000	2594.76800000	2597.02000000	2611.70000000	2609.48600000	2644.42600000	2650.25200000	2574.28800000	2577.13800000	2592.20600000	2589.77600000	2590.70800000	2595.63800000	2574.52600000	2579.09600000	2550.75200000	2551.67600000	2591.17740000	2593.80960000
2835384615.38461542	2583.36200000	2585.48600000	2600.44400000	2597.22200000	2586.87400000	2588.68400000	2611.98000000	2608.68600000	2653.76400000	2655.62600000	2577.61600000	2572.61800000	2606.82000000	2608.42800000	2614.99600000	2611.49600000	2576.33800000	2576.95400000	2555.97400000	2555.44600000	2596.81680000	2596.06460000
2836387959.86622095	2632.64200000	2628.18800000	2601.82000000	2603.14400000	2609.14000000	2610.55600000	2623.74000000	2621.43800000	2600.34000000	2597.46200000	2587.81000000	2592.33600000	2607.56600000	2607.64000000	2608.15600000	2608.85200000	2610.80200000	2609.08200000	2583.37600000	2582.40200000	2606.53920000	2606.11000000
2837391304.34782600	2570.18000000	2573.08000000	2600.89600000	2604.12000000	2588.04800000	2590.40800000	2602.30200000	2605.78200000	2650.44600000	2646.87000000	2571.55400000	2577.31600000	2590.16400000	2589.33600000	2587.92600000	2584.01400000	2574.13600000	2573.35000000	2547.20200000	2549.09000000	2588.28540000	2589.33660000
2838394648.82943153	2582.06200000	2585.43800000	2601.55400000	2600.15200000	2588.26400000	2589.07200000	2600.86600000	2604.22200000	2660.27400000	2657.97400000	2574.59200000	2573.21200000	2601.47600000	2603.21200000	2603.94600000	2607.18400000	2575.52200000	2576.78200000	2552.21000000	2551.00000000	2594.07660000	2594.82480000
2839397993.31103659	2569.06400000	2566.36000000	2623.18400000	2625.60600000	2599.22600000	2603.98600000	2628.81600000	2636.34200000	2634.86000000	2632.63200000	2579.56400000	2575.96800000	2603.14800000	2609.08600000	2603.12200000	2607.91200000	2593.40200000	2593.88800000	2554.39400000	2555.18400000	2598.87800000	2600.69640000
2840401337.79264212	2564.98800000	2561.32400000	2625.23600000	2629.67200000	2600.01600000	2601.72400000	2640.92200000	2643.63400000	2640.22200000	2638.40600000	2573.75800000	2573.31200000	2584.49200000	2586.86400000	2576.17200000	2575.05600000	2602.49400000	2598.84200000	2554.13400000	2557.75400000	2596.24340000	2596.65880000
2841404682.27424765	2618.94800000	2620.88200000	2599.96000000	2599.41200000	2588.19200000	2585.89400000	2610.11000000	2606.91600000	2596.30400000	2601.20800000	2583.54400000	2579.29600000	2629.19000000	2626.58600000	2638.21400000	2636.28200000	2573.92200000	2575.67400000	2582.49200000	2581.52800000	2602.08760000	2601.36780000
2842408026.75585270	2613.39600000	2616.69000000	2590.34400000	2590.59000000	2590.84800000	2587.67600000	2608.05600000	2610.22600000	2592.13600000	2597.26800000	2584.18000000	2586.55400000	2610.72600000	2612.26400000	2587.36200000	2592.96600000	2562.35000000	2561.53200000	2563.31000000	2567.99000000	2590.27080000	2592.37560000
2843411371.23745823	2619.93400000	2622.68400000	2597.83200000	2602.80200000	2577.76400000	2577.49800000	2601.30400000	2603.81600000	2605.03800000	2608.27000000	2577.45600000	2579.14800000	2613.36000000	2615.44600000	2598.93400000	2602.33600000	2570.74200000	2565.68000000	2559.42000000	2560.15200000	2592.17840000	2593.78320000
2844414715.71906376	2563.47000000	2559.85200000	2630.04200000	2635.92400000	2603.48000000	2601.97200000	2634.82400000	2635.31800000	2628.56200000	2633.65400000	2574.02000000	2570.86400000	2606.04800000	2606.19600000	2601.88600000	2602.90000000	2614.82000000	2615.18800000	2555.98000000	2560.98800000	2601.31320000	2602.28560000
2845418060.20066881	2614.12400000	2620.65600000	2601.23000000	2599.83000000	2580.80800000	2581.26600000	2607.41600000	2608.47400000	2590.38600000	2591.40800000	2581.77400000	2583.61800000	2627.17000000	2626.55600000	2642.11800000	2643.68000000	2575.69000000	2579.45400000	2583.12000000	2583.55800000	2600.38360000	2601.85000000
2846421404.68227434	2617.47800000	2616.46200000	2596.01800000	2596.95600000	2584.95200000	2585.80200000	2611.24200000	2608.70400000	2596.51200000	2601.81000000	2587.30800000	2585.36600000	2627.91800000	2625.12400000	2647.11600000	2650.29800000	2569.60600000	2569.18400000	2572.77400000	2576.54000000	2601.09240000	2601.62460000
2847424749.16387939	2610.23800000	2609.32800000	2615.08400000	2611.76800000	2606.33600000	2605.92400000	2603.42600000	2607.50600000	2594.67200000	2596.33800000	2571.42400000	2571.56400000	2629.95600000	2631.03600000	2616.94800000	2611.93000000	2593.93800000	2588.90000000	2578.25200000	2576.97000000	2602.02740000	2601.12640000
2848428093.64548492	2572.33400000	2568.71400000	2623.47000000	2624.72600000	2602.01200000	2602.77600000	2642.62000000	2641.46800000	2642.76200000	2639.66000000	2575.86400000	2572.73800000	2593.63800000	2592.80400000	2570.94000000	2568.66200000	2598.01600000	2600.53400000	2573.49200000	2570.10200000	2599.51480000	2598.21840000
2849431438.12709045	2574.16000000	2575.89800000	2595.92600000	2602.61000000	2588.13400000	2591.69600000	2601.34000000	2605.07400000	2644.22000000	2647.68800000	2571.91000000	2576.27600000	2597.02000000	2596.81200000	2604.47000000	2604.96600000	2571.31200000	2570.48800000	2545.94200000	2551.69000000	2589.44340000	2592.31980000
2850434782.60869551	2566.27800000	2567.62400000	2626.09400000	2625.92000000	2595.97400000	2602.62000000	2643.01800000	2641.64600000	2634.87000000	2636.49200000	2574.03800000	2573.54800000	2586.10800000	2586.84400000	2565.71200000	2569.26000000	2595.90200000	2595.01000000	2568.85200000	2564.95400000	2595.68460000	2596.39180000
2851438127.09030104	2610.39400000	2609.53000000	2597.21000000	2596.47200000	2609.61400000	2607.85200000	2604.55400000	2610.73600000	2638.81800000	2642.15600000	2567.17800000	2571.83000000	2619.27000000	2623.80000000	2617.04000000	2621.77200000	2575.11200000	2580.05000000	2550.69600000	2556.44800000	2598.98860000	2602.06460000
2852441471.57190657	2626.69400000	2630.13400000	2594.31800000	2598.94400000	2599.36400000	2599.70200000	2611.59600000	2618.15600000	2588.92200000	2589.95800000	2575.82600000	2581.28000000	2601.91600000	2610.08200000	2605.35800000	2607.60800000	2605.85400000	2607.04000000	2585.07600000	2588.09000000	2599.49240000	2603.09940000
2853444816.05351162	2564.71000000	2572.60600000	2606.20200000	2609.88000000	2589.31800000	2594.45600000	2604.98000000	2610.74600000	2641.21600000	2646.88400000	2573.24200000	2572.21800000	2583.99800000	2590.49000000	2587.36800000	2588.81800000	2571.50800000	2576.69000000	2546.71800000	2550.26200000	2586.92600000	2591.30500000
2854448160.53511715	2606.44400000	2612.97000000	2604.28600000	2612.90400000	2598.21400000	2602.60800000	2601.25600000	2601.82400000	2593.75000000	2594.84200000	2572.22000000	2572.78400000	2624.78400000	2627.06200000	2608.83600000	2615.46400000	2598.17000000	2595.67600000	2584.65600000	2585.99600000	2599.26160000	2602.21300000
2855451505.01672220	2612.21800000	2615.03200000	2584.64200000	2587.67000000	2606.06800000	2610.95800000	2617.47000000	2616.61800000	2587.97800000	2592.37600000	2579.66400000	2584.63800000	2593.61600000	2601.98600000	2589.29400000	2591.38200000	2571.37600000	2571.50400000	2570.65400000	2574.13800000	2591.29800000	2594.63020000
2856454849.49832773	2561.92200000	2557.93000000	2621.22800000	2626.94400000	2592.13600000	2599.10800000	2628.70400000	2636.73000000	2626.18800000	2630.09400000	2572.02800000	2570.32800000	2599.57400000	2605.46600000	2601.53200000	2599.51600000	2605.36400000	2608.05200000	2554.42600000	2554.53200000	2596.31020000	2598.87000000
2857458193.97993326	2587.10000000	2593.73600000	2598.06000000	2599.72600000	2597.76000000	2597.73200000	2604.58400000	2612.77600000	2644.35000000	2650.79400000	2571.04200000	2570.78200000	2610.88400000	2616.53800000	2613.92000000	2619.51000000	2572.27400000	2574.68000000	2557.28400000	2557.75200000	2595.72580000	2599.40260000
2858461538.46153831	2622.07000000	2622.21600000	2615.63200000	2621.39000000	2589.00200000	2595.09200000	2634.89200000	2638.53600000	2582.41600000	2588.97200000	2575.40800000	2576.07000000	2604.22000000	2613.19000000	2632.09200000	2642.40200000	2578.13800000	2581.80800000	2553.63000000	2559.39000000	2598.75000000	2603.90660000
2859464882.94314384	2642.71400000	2647.74600000	2602.60000000	2604.23800000	2593.89600000	2600.46400000	2593.25400000	2598.61000000	2601.68600000	2606.97600000	2592.53600000	2597.10400000	2584.81800000	2590.19000000	2585.64800000	2598.53600000	2582.41400000	2583.89800000	2570.35800000	2579.55400000	2594.99240000	2600.73160000
2860468227.42474937	2640.11400000	2645.38600000	2598.62800000	2604.92200000	2594.39800000	2597.93200000	2590.98400000	2592.10200000	2592.79600000	2606.87200000	2592.13800000	2599.02800000	2582.99000000	2592.90600000	2584.19600000	2589.36400000	2577.32400000	2584.72800000	2569.72200000	2577.43200000	2592.32900000	2599.06720000
2861471571.90635443	2623.85000000	2634.47200000	2591.09600000	2600.68000000	2606.50600000	2610.66400000	2600.19000000	2612.05000000	2583.94800000	2597.06400000	2568.37200000	2576.07000000	2587.05200000	2590.91400000	2594.76400000	2602.29600000	2574.62400000	2578.67000000	2566.59600000	2570.30600000	2589.69980000	2597.31860000
2862474916.38795996	2622.85600000	2626.46600000	2590.85600000	2600.48200000	2597.68200000	2606.01400000	2604.17000000	2614.88600000	2591.00000000	2601.48800000	2568.00600000	2579.45800000	2594.51800000	2598.98400000	2612.18400000	2622.26000000	2577.54000000	2586.52400000	2560.17800000	2567.59000000	2591.89900000	2600.41520000
2863478260.86956501	2547.55800000	2551.25800000	2615.74000000	2622.54800000	2578.54400000	2593.19000000	2622.36800000	2641.02200000	2616.90200000	2628.94600000	2562.41200000	2571.29400000	2582.77200000	2594.65600000	2591.89200000	2603.44400000	2572.54800000	2587.44600000	2548.57600000	2552.85200000	2583.93120000	2594.66560000
2864481605.35117054	2555.36000000	2565.75800000	2628.26200000	2640.24200000	2592.50200000	2602.01200000	2629.21000000	2642.17200000	2613.09000000	2625.05000000	2560.41000000	2567.86000000	2574.67200000	2591.40000000	2569.76400000	2580.49200000	2590.01800000	2602.70200000	2543.13800000	2554.63200000	2585.64260000	2597.23200000
2865484949.83277607	2610.34400000	2619.25200000	2586.08600000	2595.77800000	2574.91400000	2589.95200000	2593.61800000	2606.98800000	2586.55400000	2597.49600000	2573.08200000	2585.41600000	2618.97000000	2630.35000000	2636.17400000	2647.18600000	2553.72800000	2569.03800000	2567.18000000	2579.50800000	2590.06500000	2602.09640000
2866488294.31438112	2549.06400000	2558.77200000	2612.37600000	2627.43600000	2583.91400000	2597.98200000	2630.61000000	2643.40000000	2618.06200000	2633.78400000	2559.12600000	2575.18600000	2585.79200000	2606.44400000	2587.86600000	2599.62600000	2589.18600000	2601.33800000	2547.50600000	2557.92800000	2586.35020000	2600.18960000
2867491638.79598665	2595.89200000	2613.52600000	2591.16000000	2606.23600000	2581.90400000	2600.18400000	2585.65600000	2597.91400000	2577.12600000	2590.28800000	2552.63600000	2570.78000000	2606.43200000	2617.97200000	2594.51000000	2607.42800000	2579.99800000	2593.22400000	2570.67400000	2589.94000000	2583.59880000	2598.74920000
2868494983.27759218	2636.78800000	2652.41200000	2589.20400000	2608.91200000	2602.73400000	2617.90600000	2582.71200000	2597.33000000	2578.93000000	2601.73000000	2576.22000000	2590.13400000	2567.93800000	2587.47800000	2576.78600000	2592.16400000	2575.26000000	2590.04600000	2559.55400000	2577.37000000	2584.61260000	2601.54820000
2869498327.75919724	2619.78200000	2633.81200000	2584.54400000	2594.38800000	2585.94800000	2597.69600000	2583.96800000	2603.50400000	2583.69400000	2605.76800000	2566.39000000	2584.76800000	2591.29600000	2607.53400000	2611.65200000	2620.28200000	2583.27600000	2601.40200000	2559.90400000	2575.52800000	2587.04540000	2602.46820000
2870501672.24080276	2604.80400000	2615.45400000	2581.04400000	2598.52800000	2578.50600000	2594.25800000	2585.26800000	2604.38400000	2579.56800000	2594.48800000	2562.66400000	2583.90600000	2584.23800000	2598.28000000	2608.55200000	2622.70200000	2571.94600000	2593.20400000	2559.54000000	2576.02000000	2581.61300000	2598.12240000
2871505016.72240782	2612.91000000	2628.49400000	2588.46200000	2598.12000000	2564.18800000	2574.42600000	2597.37800000	2613.58200000	2581.10000000	2596.59200000	2565.90200000	2580.31800000	2608.87400000	2626.15000000	2626.53800000	2645.24800000	2573.44000000	2587.99200000	2560.72000000	2576.60400000	2587.95120000	2602.75260000
2872508361.20401335	2598.80200000	2616.14600000	2570.16600000	2587.30400000	2588.36200000	2598.70800000	2601.47400000	2620.00600000	2570.41400000	2586.54000000	2568.03000000	2585.33200000	2585.51400000	2603.35800000	2574.23000000	2595.32200000	2551.94200000	2572.19400000	2552.29200000	2568.65400000	2576.12260000	2593.35640000
2873511705.68561888	2586.00000000	2602.68200000	2580.57400000	2594.14400000	2589.55000000	2598.09000000	2589.59600000	2603.39200000	2630.04600000	2641.86600000	2552.17600000	2569.07600000	2597.22800000	2615.47200000	2602.55600000	2617.88800000	2554.87800000	2573.69600000	2536.70200000	2551.85400000	2581.93060000	2596.81600000
2874515050.16722393	2553.61200000	2569.80200000	2589.94800000	2602.45200000	2568.86600000	2590.66000000	2587.35600000	2603.45000000	2634.41000000	2646.73000000	2555.76200000	2571.96000000	2572.30800000	2585.81200000	2571.17800000	2583.58200000	2552.79000000	2574.17600000	2535.15200000	2549.99000000	2572.13820000	2587.86140000
2875518394.64882946	2619.20000000	2628.19000000	2622.52200000	2637.98200000	2588.94400000	2600.39200000	2628.87200000	2635.89000000	2581.30200000	2591.90400000	2572.34200000	2579.88400000	2586.73600000	2601.87600000	2628.45000000	2639.42400000	2593.35600000	2610.60200000	2546.28600000	2557.05800000	2596.80100000	2608.32020000
2876521739.13043499	2553.23400000	2563.96600000	2619.03000000	2628.61000000	2586.72800000	2598.25200000	2628.67600000	2639.67600000	2623.53000000	2633.89200000	2568.45000000	2578.25400000	2594.94600000	2607.69600000	2591.01200000	2602.44800000	2594.01200000	2604.43000000	2547.17200000	2560.67800000	2590.67900000	2601.79020000
2877525083.61204004	2550.40000000	2558.83400000	2624.73400000	2635.44200000	2591.93800000	2602.47000000	2626.21800000	2638.36000000	2614.62600000	2625.33800000	2563.47800000	2568.05800000	2578.18000000	2585.87800000	2565.78000000	2577.09000000	2588.11400000	2597.05200000	2536.66800000	2547.79000000	2584.01360000	2593.63120000
2878528428.09364557	2607.77800000	2614.45000000	2589.41000000	2595.66600000	2597.60400000	2608.34600000	2618.88600000	2630.41800000	2582.66600000	2596.39600000	2572.59000000	2580.07600000	2585.64200000	2596.89800000	2584.89000000	2596.56600000	2568.41200000	2578.06600000	2565.35600000	2573.26000000	2587.32340000	2597.01420000
2879531772.57525063	2614.79000000	2622.44200000	2592.87200000	2598.51200000	2563.75600000	2575.00000000	2596.67800000	2602.73200000	2583.30200000	2591.81600000	2569.62400000	2572.16800000	2604.44400000	2610.67600000	2629.65600000	2634.80200000	2572.23600000	2580.08000000	2556.13400000	2562.65200000	2588.34920000	2595.08800000
2880535117.05685616	2623.76600000	2628.53400000	2594.55400000	2598.24800000	2591.39200000	2599.02200000	2593.02000000	2606.57800000	2594.47000000	2597.09800000	2575.54200000	2579.65200000	2598.32600000	2606.21000000	2617.47200000	2626.09400000	2591.20800000	2600.10400000	2567.65400000	2575.43200000	2594.74040000	2601.69720000
2881538461.53846169	2616.62600000	2620.12000000	2590.93200000	2599.11600000	2580.15800000	2585.85200000	2602.67600000	2608.05400000	2596.99400000	2603.89000000	2573.86600000	2579.03800000	2623.16400000	2632.67200000	2630.36400000	2639.46400000	2565.45000000	2573.16800000	2572.97600000	2577.45600000	2595.32060000	2601.88300000
2882541806.02006674	2617.41800000	2615.92200000	2598.64800000	2601.14800000	2597.57800000	2601.26800000	2595.13600000	2602.54800000	2591.65400000	2597.65400000	2562.17000000	2570.42600000	2611.49600000	2621.68800000	2602.24400000	2606.84600000	2589.35600000	2598.45600000	2584.35000000	2589.38400000	2595.00500000	2600.53400000
2883545150.50167227	2557.93600000	2562.87400000	2630.39800000	2633.16600000	2599.31400000	2604.81600000	2632.39600000	2636.52800000	2632.23400000	2636.64800000	2566.11400000	2567.05800000	2601.10400000	2603.38200000	2596.77000000	2601.25000000	2611.62800000	2613.83200000	2557.90000000	2559.75200000	2598.57940000	2601.93060000
2884548494.98327780	2617.55000000	2618.54000000	2593.17600000	2599.53200000	2578.51000000	2588.62800000	2605.76000000	2607.24000000	2597.73200000	2606.14400000	2580.15600000	2583.44400000	2628.59200000	2633.41800000	2636.19600000	2640.65800000	2567.51400000	2571.37000000	2570.97400000	2578.72800000	2597.61600000	2602.77020000
2885551839.46488285	2628.40400000	2632.81600000	2600.32000000	2599.57200000	2598.77000000	2600.35400000	2597.33200000	2603.26000000	2598.06600000	2599.03000000	2581.27400000	2584.13200000	2605.73000000	2606.54200000	2625.28000000	2627.76200000	2594.60200000	2599.85200000	2572.24600000	2574.00400000	2600.20240000	2602.73240000
2886555183.94648838	2620.54200000	2621.96200000	2600.73000000	2599.56000000	2571.37000000	2575.86600000	2595.83800000	2597.67000000	2579.66200000	2583.15800000	2576.58200000	2578.42600000	2601.83800000	2610.38200000	2623.59600000	2628.71200000	2572.54600000	2575.48800000	2560.15600000	2561.48800000	2590.28600000	2593.27120000
2887558528.42809343	2616.80000000	2617.07800000	2585.44000000	2585.04400000	2605.97800000	2608.99400000	2619.96800000	2620.40400000	2587.13600000	2587.00600000	2584.21000000	2591.69200000	2600.45200000	2600.01000000	2589.32800000	2594.96600000	2570.60600000	2571.89000000	2566.61400000	2570.54400000	2592.65320000	2594.76280000
2888561872.90969896	2558.56600000	2559.43800000	2623.10000000	2625.33600000	2595.19800000	2603.34000000	2639.53600000	2638.69600000	2633.86600000	2633.99600000	2568.69400000	2575.22400000	2582.67600000	2582.25600000	2579.46200000	2580.33800000	2603.26200000	2603.65000000	2552.87600000	2551.46000000	2593.72360000	2595.37340000
2889565217.39130449	2629.33800000	2633.44400000	2602.81400000	2605.89600000	2617.03400000	2618.94200000	2611.90400000	2612.86200000	2598.58800000	2604.64800000	2584.89600000	2586.15400000	2598.27200000	2600.68800000	2614.74600000	2617.39600000	2592.30800000	2591.29800000	2576.72800000	2578.14600000	2602.66280000	2604.94740000
2890568561.87290955	2559.06200000	2560.81400000	2625.23000000	2625.91200000	2592.87200000	2598.07800000	2635.38000000	2637.49000000	2635.14400000	2637.75200000	2580.78200000	2579.06000000	2599.78600000	2601.19200000	2606.30600000	2605.39000000	2592.31800000	2593.64800000	2554.12200000	2559.25000000	2598.10020000	2599.85860000
2891571906.35451508	2635.05000000	2631.97600000	2604.14200000	2603.81200000	2605.67000000	2605.40000000	2618.14200000	2618.68200000	2601.00400000	2603.27000000	2581.16000000	2581.20200000	2601.79800000	2598.85800000	2624.54400000	2623.73400000	2590.87200000	2591.01000000	2571.24000000	2573.06800000	2603.36220000	2603.10120000
2892575250.83612061	2622.31200000	2616.78800000	2597.60000000	2601.22800000	2591.11200000	2593.36200000	2601.86400000	2606.61800000	2599.45400000	2600.35800000	2571.88000000	2576.48800000	2597.21200000	2602.36400000	2624.66400000	2624.49800000	2588.16200000	2587.95000000	2575.42000000	2583.03600000	2596.96800000	2599.26900000
2893578595.31772566	2568.13400000	2563.02200000	2633.32200000	2637.18000000	2605.73400000	2604.17000000	2640.54600000	2640.49600000	2622.01200000	2627.06600000	2571.87800000	2572.62200000	2592.60200000	2591.47200000	2592.62200000	2586.02600000	2605.24200000	2605.34800000	2558.04200000	2559.59600000	2599.01340000	2598.69980000
2894581939.79933119	2651.53000000	2649.71800000	2605.27400000	2606.96600000	2601.65400000	2606.98600000	2595.28600000	2595.50000000	2601.58000000	2607.15200000	2597.03800000	2598.81400000	2589.15400000	2592.65600000	2596.88200000	2593.21800000	2587.38000000	2588.94000000	2573.30000000	2578.08000000	2599.90780000	2601.80300000
2895585284.28093624	2632.90200000	2630.04400000	2606.79200000	2603.37600000	2578.60000000	2583.85600000	2612.61800000	2614.82200000	2597.77200000	2594.88800000	2576.55600000	2582.02800000	2621.93800000	2623.20200000	2647.42800000	2646.00200000	2593.32400000	2595.31400000	2574.57200000	2576.21000000	2604.25020000	2604.97420000
2896588628.76254177	2609.10200000	2609.24800000	2588.20000000	2589.60400000	2612.12000000	2614.89800000	2624.09000000	2627.23800000	2589.48200000	2588.96600000	2579.67800000	2576.71000000	2594.14000000	2593.12000000	2589.52000000	2592.30400000	2574.06600000	2575.93200000	2567.21400000	2565.65600000	2592.76120000	2593.36760000
2897591973.24414730	2606.09400000	2601.69800000	2595.47800000	2593.62000000	2617.31200000	2610.04600000	2605.06000000	2603.48800000	2602.24800000	2606.56000000	2576.80000000	2581.22400000	2630.40200000	2632.99400000	2625.88800000	2622.74800000	2581.80000000	2583.43200000	2565.21600000	2560.34400000	2600.62980000	2599.61540000
2898595317.72575235	2577.34400000	2570.22000000	2605.83000000	2605.69200000	2588.33200000	2591.12400000	2608.64600000	2608.85200000	2649.57000000	2649.74600000	2575.84000000	2580.34200000	2594.92600000	2599.14400000	2605.92000000	2601.71000000	2574.96000000	2575.09000000	2554.00800000	2552.08600000	2593.53760000	2593.40060000
2899598662.20735788	2621.34200000	2625.07000000	2634.54200000	2632.47600000	2610.76800000	2612.71600000	2634.33600000	2634.65800000	2600.65400000	2597.58200000	2598.56200000	2602.09000000	2590.10800000	2590.14400000	2625.98200000	2620.52800000	2618.86600000	2618.64400000	2563.98800000	2562.66800000	2609.91480000	2609.65760000
2900602006.68896341	2622.42600000	2626.42200000	2601.88600000	2598.68800000	2595.86400000	2591.46800000	2605.28400000	2601.65400000	2600.03200000	2601.65800000	2569.55400000	2565.92600000	2611.30400000	2614.06000000	2614.35600000	2614.77600000	2588.38800000	2598.12600000	2586.20000000	2587.39200000	2599.52940000	2600.01700000
2901605351.17056847	2617.52400000	2618.90800000	2604.44800000	2602.10800000	2582.15800000	2580.21800000	2610.20200000	2609.02600000	2596.02600000	2596.32800000	2583.56800000	2581.50400000	2630.95800000	2628.40400000	2645.23600000	2642.69600000	2580.32000000	2578.61400000	2582.86800000	2582.34800000	2603.33080000	2602.01540000
2902608695.65217400	2618.64600000	2620.46400000	2605.81200000	2601.58600000	2601.77800000	2597.40600000	2600.28600000	2599.49600000	2595.95400000	2593.67000000	2567.86000000	2572.44000000	2619.97400000	2618.99600000	2609.97200000	2613.36600000	2596.15800000	2598.09000000	2594.02400000	2593.22200000	2601.04640000	2600.87360000
2903612040.13377905	2616.92600000	2619.29000000	2599.78600000	2597.28600000	2585.85400000	2590.76600000	2607.96200000	2607.91000000	2602.93200000	2599.47000000	2579.24000000	2580.48000000	2614.82000000	2615.01600000	2596.33000000	2597.81800000	2562.35400000	2562.34000000	2563.31000000	2555.97000000	2592.95140000	2592.63460000
2904615384.61538458	2618.73400000	2614.18600000	2600.59400000	2598.29400000	2589.76200000	2588.95800000	2616.57200000	2608.84600000	2590.99400000	2590.12800000	2585.34000000	2591.03000000	2615.30800000	2616.39800000	2659.99800000	2662.76800000	2574.35800000	2574.73000000	2569.98000000	2570.47600000	2602.16400000	2601.58140000
2905618729.09699011	2563.95600000	2560.39600000	2631.01600000	2627.95200000	2605.51800000	2606.68600000	2647.07000000	2642.38400000	2638.55000000	2637.20800000	2572.94000000	2574.43800000	2588.20200000	2587.49200000	2581.68800000	2576.42400000	2603.93800000	2601.35800000	2554.57600000	2553.17000000	2598.74540000	2596.75080000
2906622073.57859516	2569.94200000	2569.41400000	2607.23600000	2613.62400000	2596.18600000	2590.39600000	2614.17400000	2610.44000000	2650.38400000	2646.21600000	2576.53800000	2571.14600000	2594.46000000	2592.19200000	2590.02000000	2590.85800000	2578.96400000	2575.71600000	2555.12400000	2554.84400000	2593.30280000	2591.48460000
2907625418.06020069	2627.83800000	2627.42000000	2623.88200000	2623.96400000	2625.68800000	2621.76000000	2645.34200000	2644.42000000	2595.12200000	2594.57800000	2606.47600000	2603.95800000	2585.10800000	2584.59800000	2630.03600000	2631.91800000	2606.62600000	2605.95000000	2563.87000000	2557.28000000	2610.99880000	2609.58460000
2908628762.54180622	2626.73400000	2623.66800000	2631.42600000	2633.24600000	2593.39600000	2589.95800000	2637.58600000	2640.30000000	2593.33800000	2592.72600000	2577.96600000	2578.53400000	2600.99200000	2602.33200000	2639.15800000	2640.85600000	2602.41600000	2600.07800000	2552.05800000	2553.95000000	2605.50700000	2605.56480000
2909632107.02341127	2579.48800000	2578.56200000	2634.95000000	2634.15400000	2621.07200000	2619.85200000	2652.16400000	2646.54600000	2646.61600000	2647.94800000	2600.99200000	2600.48400000	2613.20400000	2605.95800000	2579.23800000	2573.01200000	2617.02200000	2612.99200000	2603.43200000	2603.67400000	2614.81780000	2612.31820000
2910635451.50501680	2626.61600000	2623.79200000	2604.30400000	2606.84800000	2577.32000000	2579.16800000	2604.29800000	2600.62800000	2609.25400000	2607.17200000	2584.97000000	2578.85600000	2615.02400000	2615.45600000	2610.32000000	2607.30000000	2568.33800000	2562.80200000	2567.58400000	2563.68200000	2596.80280000	2594.57040000
2911638795.98662186	2626.49600000	2625.47000000	2612.92400000	2609.42800000	2582.74200000	2580.91400000	2595.58400000	2592.15600000	2596.74600000	2591.02400000	2589.76400000	2588.86800000	2618.95600000	2618.99800000	2615.07600000	2613.55400000	2576.14800000	2570.15800000	2568.33400000	2566.66000000	2598.27700000	2595.72300000
2912642140.46822739	2565.28400000	2561.95600000	2637.38000000	2636.57400000	2604.05000000	2602.45000000	2643.38200000	2646.68400000	2633.21200000	2629.89800000	2576.85800000	2571.07600000	2598.67400000	2597.64200000	2593.37200000	2592.45200000	2610.12000000	2612.08400000	2560.71400000	2556.62600000	2602.30460000	2600.74420000
2913645484.94983292	2656.45800000	2655.76200000	2608.62800000	2607.86800000	2611.61200000	2617.85800000	2601.90200000	2597.34400000	2607.26600000	2605.46000000	2592.61200000	2593.69000000	2588.09800000	2590.91200000	2590.59800000	2595.64400000	2597.19600000	2592.08800000	2579.46400000	2582.02800000	2603.38340000	2603.86540000
2914648829.43143797	2620.91400000	2619.04800000	2600.24200000	2596.43800000	2587.03800000	2589.99400000	2611.86600000	2608.33400000	2602.56600000	2600.85200000	2589.80200000	2585.69600000	2629.27800000	2630.36400000	2652.01800000	2654.24600000	2571.53600000	2563.92000000	2575.93200000	2577.34600000	2604.11920000	2602.62380000
2915652173.91304350	2630.93000000	2634.48600000	2607.57600000	2603.87000000	2612.15200000	2613.08000000	2610.73800000	2612.14200000	2602.64400000	2602.08800000	2584.53800000	2579.91400000	2600.23200000	2597.27000000	2617.11000000	2618.38200000	2589.13800000	2589.68400000	2575.49600000	2573.83400000	2603.05540000	2602.47500000
2916655518.39464903	2629.83600000	2623.18200000	2620.84600000	2621.28000000	2598.22000000	2597.65400000	2644.50000000	2640.50600000	2594.49800000	2595.36000000	2585.67000000	2583.43200000	2622.75600000	2618.30800000	2656.49000000	2655.16400000	2581.35800000	2577.74200000	2571.38000000	2567.28400000	2610.55540000	2607.99120000
2917658862.87625408	2630.17000000	2630.41200000	2605.58600000	2604.41400000	2585.00600000	2582.23400000	2617.33000000	2612.22200000	2598.32400000	2591.24000000	2585.85200000	2582.95400000	2625.86400000	2624.92200000	2653.00800000	2646.03800000	2590.38600000	2587.01200000	2586.21800000	2578.99000000	2607.77440000	2604.04380000
2918662207.35785961	2630.92800000	2632.73000000	2636.49000000	2636.18400000	2618.47000000	2618.12200000	2640.46200000	2639.90600000	2604.19000000	2603.00200000	2593.08400000	2594.31200000	2597.00800000	2596.05400000	2638.53800000	2637.00400000	2626.65800000	2628.26400000	2560.91600000	2563.66600000	2614.67440000	2614.92440000
2919665551.83946514	2601.86400000	2599.65600000	2593.17200000	2592.94400000	2614.21600000	2612.47800000	2603.15800000	2606.37000000	2623.84600000	2621.60200000	2569.67800000	2569.49200000	2629.04400000	2629.58400000	2630.58400000	2629.00000000	2577.90400000	2578.35000000	2549.74200000	2548.32600000	2599.32080000	2598.78020000
2920668896.32107019	2559.32800000	2561.97800000	2635.06800000	2633.92000000	2603.69600000	2601.10600000	2638.48000000	2639.54200000	2635.54800000	2634.02400000	2580.99000000	2575.26800000	2608.67200000	2602.23000000	2597.87600000	2597.98200000	2618.88400000	2615.17000000	2562.22600000	2563.59600000	2604.07680000	2602.48160000
2921672240.80267572	2618.57000000	2619.86800000	2599.40200000	2602.56600000	2600.85600000	2597.97800000	2621.73600000	2615.21800000	2591.93800000	2593.67200000	2589.66800000	2589.10800000	2619.04000000	2618.85600000	2664.94200000	2662.35600000	2574.12600000	2573.07200000	2573.82200000	2574.33000000	2605.41000000	2604.70240000
2922675585.28428078	2621.08400000	2620.86200000	2603.92400000	2603.07000000	2586.13400000	2582.50600000	2607.44800000	2604.79000000	2596.74800000	2595.67000000	2586.44800000	2581.90200000	2628.75600000	2624.07600000	2636.93600000	2638.97400000	2578.29200000	2574.09800000	2585.09000000	2582.58200000	2603.08600000	2600.85300000
2923678929.76588631	2632.30600000	2634.28800000	2603.19600000	2602.37800000	2575.76400000	2575.07600000	2610.49000000	2603.82200000	2602.61000000	2598.12600000	2574.82600000	2570.88600000	2612.35000000	2612.05200000	2646.67600000	2647.13400000	2588.56600000	2590.88000000	2571.91800000	2569.33800000	2601.87020000	2600.39800000
2924682274.24749184	2631.17200000	2631.36800000	2602.16200000	2601.91200000	2606.99400000	2606.88600000	2620.98800000	2621.60600000	2603.04200000	2599.48600000	2580.87600000	2582.17800000	2600.89800000	2600.20200000	2628.39600000	2622.97400000	2590.98000000	2594.55200000	2579.75600000	2577.87800000	2604.52640000	2603.90420000
2925685618.72909689	2561.52000000	2555.68400000	2625.12200000	2624.66400000	2599.18000000	2593.04400000	2639.45800000	2638.36600000	2635.32800000	2630.40600000	2579.13600000	2580.68800000	2601.07400000	2598.27400000	2609.88000000	2605.90000000	2591.29000000	2591.29600000	2559.31200000	2558.38800000	2600.13000000	2597.67100000
2926688963.21070242	2624.52600000	2619.07200000	2599.70200000	2589.22200000	2608.01600000	2609.81200000	2623.27800000	2617.28600000	2588.59200000	2587.94000000	2579.17400000	2574.34800000	2599.53400000	2594.95800000	2595.10600000	2593.93400000	2584.89400000	2581.90800000	2574.70200000	2575.16600000	2597.75240000	2594.36460000
2927692307.69230747	2647.69000000	2643.66600000	2603.87000000	2598.71200000	2608.11600000	2602.04400000	2599.36400000	2604.89800000	2602.10200000	2598.11800000	2587.47400000	2583.90600000	2613.12600000	2606.88200000	2621.61800000	2614.32400000	2603.39400000	2596.16400000	2585.18200000	2582.46400000	2607.19360000	2603.11780000
2928695652.17391300	2605.60400000	2599.62000000	2600.50400000	2598.50800000	2611.64600000	2614.28400000	2612.13000000	2609.24400000	2604.00800000	2599.64600000	2584.91800000	2580.21200000	2641.27800000	2634.81200000	2624.32600000	2623.77800000	2588.41000000	2585.82800000	2570.33400000	2568.33600000	2604.31580000	2601.42680000
2929698996.65551853	2657.27200000	2654.38800000	2610.01000000	2608.37000000	2624.38200000	2621.81800000	2599.24600000	2599.60600000	2596.61200000	2597.51000000	2597.04800000	2592.19200000	2591.10800000	2588.17000000	2595.74000000	2594.21200000	2600.89400000	2600.67800000	2578.93200000	2580.24800000	2605.12440000	2603.71920000
2930702341.13712358	2632.36200000	2633.77400000	2635.48800000	2633.68000000	2611.92000000	2608.87000000	2636.47200000	2640.53200000	2596.49200000	2598.30800000	2590.54200000	2589.99400000	2600.68200000	2597.52200000	2645.45800000	2641.42400000	2618.46400000	2618.98600000	2561.03800000	2565.28400000	2612.89180000	2612.83740000
2931705685.61872911	2572.86600000	2568.68800000	2610.77400000	2611.54800000	2593.15200000	2592.71600000	2612.24400000	2610.64200000	2649.29600000	2646.53800000	2577.77400000	2573.17600000	2591.97000000	2595.19200000	2590.17000000	2589.33400000	2575.30600000	2577.35600000	2554.90000000	2547.96000000	2592.84520000	2591.31500000
2932709030.10033464	2624.83400000	2621.62800000	2601.63400000	2596.93400000	2608.43200000	2608.58000000	2628.14400000	2625.69800000	2592.21000000	2594.11200000	2584.31800000	2582.23400000	2600.90800000	2599.84000000	2602.64600000	2598.62600000	2584.50400000	2578.24800000	2577.08200000	2575.61000000	2600.47120000	2598.15100000
2933712374.58193970	2620.93600000	2621.49400000	2609.77200000	2610.75200000	2598.42600000	2599.84200000	2631.20800000	2630.65400000	2589.50200000	2590.12000000	2589.47400000	2586.15400000	2620.36800000	2617.68600000	2655.11200000	2657.12200000	2579.71000000	2570.80200000	2564.19000000	2565.95200000	2605.86980000	2605.05780000
2934715719.06354523	2620.81200000	2617.06600000	2596.67600000	2591.38200000	2617.39000000	2613.55200000	2627.15600000	2625.84800000	2600.08200000	2597.16000000	2588.83800000	2587.95600000	2603.04000000	2603.04000000	2598.40000000	2594.74000000	2580.51200000	2575.96000000	2575.43800000	2572.56200000	2600.83440000	2597.92660000
2935719063.54515076	2637.96800000	2638.58600000	2605.51200000	2603.48000000	2635.44800000	2632.15400000	2609.56200000	2605.42600000	2596.07600000	2592.78600000	2597.22400000	2597.86000000	2596.28000000	2593.54200000	2595.41000000	2597.34200000	2601.65600000	2604.87600000	2572.48400000	2571.91400000	2604.76200000	2603.79660000
2936722408.02675581	2643.69600000	2637.57200000	2609.55800000	2605.25000000	2636.21800000	2635.18600000	2622.28000000	2619.67000000	2600.22000000	2602.80600000	2598.70400000	2599.25400000	2605.16000000	2603.87200000	2604.88800000	2600.29800000	2609.86800000	2609.83400000	2578.92400000	2576.35200000	2610.95160000	2609.00940000
2937725752.50836134	2632.51400000	2630.46800000	2605.63800000	2598.81000000	2582.64400000	2576.16200000	2613.15000000	2613.20200000	2605.65600000	2599.78200000	2578.67000000	2579.62000000	2617.23800000	2615.44400000	2647.60800000	2654.15600000	2593.98800000	2593.44000000	2574.67000000	2568.68600000	2605.17760000	2602.97700000
2938729096.98996639	2590.95600000	2587.79200000	2599.39600000	2601.03000000	2593.91200000	2592.97800000	2610.61600000	2612.85400000	2650.71000000	2652.45600000	2579.39600000	2570.65200000	2614.03800000	2611.25000000	2613.29600000	2615.59200000	2575.76200000	2579.63800000	2560.41800000	2555.69800000	2598.85000000	2597.99400000
2939732441.47157192	2635.31200000	2630.19200000	2605.23200000	2604.06400000	2572.46200000	2575.41400000	2602.56800000	2604.66800000	2594.52400000	2594.22800000	2574.37800000	2573.06200000	2613.65200000	2609.99800000	2643.33400000	2637.33200000	2590.38400000	2588.73000000	2565.20800000	2563.56400000	2599.70540000	2598.12520000
2940735785.95317745	2595.08800000	2594.33200000	2602.94800000	2597.59200000	2599.10600000	2598.95000000	2614.38400000	2612.10200000	2654.52800000	2647.62000000	2579.42400000	2579.87400000	2619.50400000	2621.30000000	2622.49400000	2619.77200000	2576.52600000	2579.54000000	2564.04600000	2564.46200000	2602.80480000	2601.55440000
2941739130.43478251	2560.67200000	2560.54400000	2630.05000000	2624.80400000	2602.05200000	2601.72400000	2639.23600000	2637.27600000	2635.67000000	2634.68800000	2575.00400000	2578.41800000	2606.44600000	2603.26400000	2608.26400000	2607.54200000	2590.60400000	2591.13000000	2559.45000000	2556.62800000	2600.74480000	2599.60180000
2942742474.91638803	2655.21000000	2655.32600000	2608.02200000	2601.69600000	2610.40400000	2607.67000000	2595.17800000	2595.01600000	2602.99800000	2599.13200000	2595.88600000	2593.35400000	2589.83600000	2588.64600000	2588.71600000	2589.53800000	2595.93000000	2590.17800000	2575.46200000	2574.06800000	2601.76420000	2599.46240000
2943745819.39799309	2593.60000000	2588.40200000	2602.09400000	2600.39600000	2598.56600000	2593.00000000	2613.11400000	2611.99000000	2651.88400000	2652.42000000	2574.21600000	2578.83800000	2615.26400000	2617.99200000	2620.46400000	2618.25200000	2576.73200000	2578.50800000	2561.25800000	2563.81200000	2600.71920000	2600.36100000
2944749163.87959862	2630.83600000	2632.98800000	2609.59200000	2611.96400000	2580.12000000	2582.51000000	2599.13000000	2603.86000000	2604.25800000	2604.45600000	2583.74000000	2582.82800000	2617.67000000	2619.03000000	2612.26200000	2612.61400000	2573.35800000	2569.98200000	2564.67000000	2573.15600000	2597.56360000	2599.33880000
2945752508.36120415	2627.65400000	2630.02400000	2606.11800000	2604.12600000	2600.75000000	2594.58000000	2606.33600000	2603.33400000	2604.34000000	2601.84600000	2588.94400000	2586.03200000	2612.98600000	2606.52400000	2638.44200000	2638.66800000	2598.68800000	2596.60600000	2581.79400000	2577.40400000	2606.60520000	2603.91440000
2946755852.84280920	2616.51200000	2611.26800000	2605.34200000	2605.44400000	2602.43800000	2597.31400000	2601.93400000	2598.57400000	2598.49400000	2595.39600000	2568.33400000	2569.53800000	2623.33800000	2616.21000000	2611.28800000	2608.65800000	2596.30000000	2596.28200000	2590.46200000	2590.99800000	2601.44420000	2598.96820000
2947759197.32441473	2626.58400000	2619.56600000	2599.84400000	2602.82800000	2601.52000000	2600.51000000	2623.79800000	2622.88600000	2589.71200000	2588.05000000	2578.06800000	2579.43200000	2604.39800000	2602.97600000	2615.76600000	2618.13400000	2607.65000000	2606.43800000	2586.54400000	2587.89400000	2603.38840000	2602.87140000
2948762541.80602026	2633.25400000	2632.20400000	2634.02200000	2635.02600000	2619.78000000	2619.31600000	2639.68200000	2637.66400000	2606.29000000	2602.48000000	2595.48400000	2590.03000000	2600.36000000	2596.98000000	2633.11200000	2635.88400000	2630.06600000	2629.15600000	2562.37400000	2560.74400000	2615.44240000	2613.94840000
2949765886.28762531	2603.71200000	2602.21400000	2596.57400000	2595.95600000	2620.57000000	2620.35800000	2609.52800000	2606.22600000	2617.77000000	2620.05800000	2576.97600000	2576.43800000	2634.56600000	2630.87000000	2632.20800000	2628.34600000	2585.20400000	2578.15000000	2555.72800000	2555.83200000	2603.28360000	2601.44480000
2950769230.76923084	2645.73000000	2643.44800000	2601.47600000	2599.66000000	2595.82600000	2595.22800000	2598.37200000	2598.67200000	2596.36600000	2598.96600000	2588.05400000	2587.70000000	2599.93400000	2597.81200000	2593.72200000	2595.02800000	2582.89400000	2583.09200000	2578.60000000	2574.92800000	2598.09740000	2597.45340000
2951772575.25083637	2613.24400000	2606.68600000	2609.09200000	2609.01000000	2618.05200000	2616.58200000	2611.80600000	2608.27800000	2597.75200000	2596.57200000	2586.85600000	2585.40400000	2642.61400000	2641.00200000	2628.64400000	2626.01600000	2594.82200000	2594.07400000	2575.88800000	2570.62400000	2607.87700000	2605.42480000
2952775919.73244143	2627.76800000	2628.84200000	2625.17400000	2620.09800000	2594.84400000	2588.28600000	2638.04000000	2640.47200000	2590.25000000	2588.27200000	2579.87400000	2574.80600000	2612.66000000	2609.32600000	2639.26600000	2640.37800000	2588.10600000	2590.93000000	2558.57400000	2561.51000000	2605.45560000	2604.29200000
2953779264.21404696	2636.31600000	2633.00800000	2602.50800000	2602.14600000	2617.51400000	2613.82600000	2620.89600000	2621.17000000	2599.68000000	2597.19000000	2594.18400000	2597.00600000	2602.45000000	2602.17400000	2604.02000000	2601.82200000	2607.83400000	2610.77000000	2579.79400000	2577.82600000	2606.51960000	2605.69380000
2954782608.69565201	2637.14200000	2639.14600000	2615.21400000	2608.39000000	2605.93400000	2606.77800000	2612.37000000	2608.54200000	2607.11200000	2603.96600000	2590.45400000	2587.67400000	2616.74800000	2616.61200000	2641.47000000	2642.19400000	2607.80200000	2610.36600000	2585.46200000	2579.14000000	2611.97080000	2610.28080000
2955785953.17725754	2625.66000000	2629.42200000	2615.72400000	2612.30800000	2589.67000000	2589.77000000	2597.91400000	2599.58800000	2592.78800000	2589.32200000	2590.77200000	2588.02200000	2621.71600000	2619.79200000	2619.41000000	2620.80600000	2579.98800000	2579.38000000	2569.95200000	2571.13400000	2600.35940000	2599.95440000
2956789297.65886307	2588.06800000	2588.46600000	2598.84600000	2599.56800000	2592.17600000	2588.69200000	2612.76000000	2604.97600000	2661.26600000	2657.00800000	2575.34800000	2573.16200000	2607.74200000	2601.87000000	2611.53600000	2608.36600000	2578.76200000	2575.69600000	2554.00200000	2553.85400000	2598.05060000	2595.16580000
2957792642.14046812	2641.64600000	2641.92000000	2606.73400000	2601.19200000	2607.86800000	2602.49200000	2608.88000000	2605.52800000	2602.10200000	2602.87400000	2588.63600000	2589.26400000	2612.32200000	2611.11600000	2625.12200000	2625.90200000	2608.96800000	2604.12000000	2579.40400000	2582.14600000	2608.16820000	2606.65540000
2958795986.62207365	2633.60400000	2631.43600000	2599.91400000	2600.37000000	2612.00400000	2608.12400000	2626.61800000	2621.54400000	2599.60400000	2597.44600000	2590.18600000	2590.54800000	2616.06400000	2614.71200000	2611.71400000	2608.64200000	2609.80800000	2608.89000000	2592.26200000	2585.85400000	2609.17780000	2606.75660000
2959799331.10367870	2632.07600000	2629.72000000	2605.49800000	2604.83400000	2603.57200000	2602.11200000	2625.33000000	2622.86800000	2595.44800000	2593.77000000	2581.91400000	2581.52000000	2608.69200000	2605.37000000	2615.89000000	2614.26400000	2610.34600000	2609.99000000	2591.12000000	2589.85200000	2606.98860000	2605.43000000
2960802675.58528423	2625.41600000	2623.86800000	2597.50200000	2599.50000000	2611.23600000	2609.88600000	2619.38800000	2618.32800000	2591.59600000	2587.72000000	2577.68400000	2576.77000000	2591.75200000	2592.03000000	2603.06200000	2599.70200000	2586.05000000	2581.53400000	2575.40200000	2568.56800000	2597.90880000	2595.79060000
2961806020.06688976	2629.80400000	2628.48000000	2640.21800000	2638.65600000	2618.31000000	2616.05400000	2640.55600000	2642.62800000	2602.19600000	2600.45000000	2607.04400000	2609.52600000	2593.31600000	2595.74200000	2635.21000000	2628.10800000	2619.34000000	2622.52200000	2568.83400000	2568.05800000	2615.48280000	2615.02240000
2962809364.54849482	2617.59200000	2616.75200000	2594.72000000	2594.81600000	2616.33800000	2612.06000000	2629.02600000	2626.12800000	2602.34400000	2595.42800000	2582.33800000	2582.15600000	2601.34400000	2604.57800000	2598.93600000	2598.29600000	2581.52800000	2578.02000000	2573.08400000	2571.54800000	2599.72500000	2597.97820000
2963812709.03010035	2627.10800000	2622.10600000	2603.80600000	2598.77800000	2594.47800000	2593.85600000	2615.38800000	2609.89400000	2599.49600000	2595.55200000	2594.40200000	2592.55600000	2633.40400000	2629.32800000	2657.15800000	2653.23000000	2576.22800000	2573.32600000	2581.27000000	2581.97000000	2608.27380000	2605.05960000
2964816053.51170588	2587.85400000	2586.62600000	2597.93800000	2601.05000000	2590.58800000	2589.36800000	2613.12200000	2610.36600000	2651.73000000	2653.06200000	2573.52600000	2578.95000000	2611.06200000	2607.46000000	2616.49600000	2612.07000000	2575.07600000	2575.23400000	2558.26200000	2561.12600000	2597.56540000	2597.53120000
2965819397.99331093	2581.38600000	2581.92600000	2638.30600000	2632.29400000	2626.08000000	2627.91000000	2650.34800000	2647.91200000	2648.70000000	2647.97000000	2604.72000000	2600.78600000	2616.23800000	2612.23600000	2577.42200000	2575.70600000	2622.44000000	2619.20000000	2610.64200000	2609.19600000	2617.62820000	2615.51360000
2966822742.47491646	2652.87000000	2651.09800000	2605.91200000	2606.07400000	2607.24000000	2604.12200000	2608.43000000	2608.75800000	2601.65200000	2598.66400000	2592.25600000	2590.34200000	2606.49200000	2606.18000000	2624.65800000	2618.42000000	2605.81000000	2606.29000000	2583.52800000	2582.28400000	2608.88480000	2607.22320000
2967826086.95652199	2634.39200000	2627.93200000	2632.39400000	2633.93800000	2613.01000000	2616.43800000	2641.99400000	2639.19400000	2605.72200000	2600.19000000	2595.31800000	2593.12600000	2598.07400000	2600.28800000	2641.31200000	2639.03600000	2629.26200000	2626.33800000	2559.23800000	2560.78200000	2615.07160000	2613.72620000
2968829431.43812704	2608.36200000	2607.03400000	2601.23600000	2599.24800000	2606.88200000	2604.38400000	2607.42600000	2604.43600000	2646.75200000	2650.16400000	2573.72400000	2568.77800000	2627.95200000	2621.02200000	2623.74800000	2621.22000000	2579.27000000	2576.36600000	2555.36000000	2554.92000000	2603.07120000	2600.75720000
2969832775.91973257	2628.03600000	2627.28200000	2628.74400000	2626.77200000	2633.73800000	2630.22800000	2654.12400000	2647.76600000	2594.26200000	2596.61800000	2610.10000000	2609.11600000	2586.49000000	2586.94800000	2627.12400000	2627.63600000	2615.88000000	2612.94800000	2562.75800000	2563.59000000	2614.12560000	2612.89040000
2970836120.40133762	2629.11000000	2626.35200000	2606.51400000	2598.98200000	2600.82800000	2596.81000000	2608.19800000	2603.29000000	2608.85800000	2605.59200000	2591.28800000	2585.73600000	2605.25800000	2604.20400000	2638.66400000	2632.98200000	2596.88400000	2598.51600000	2580.03200000	2577.45200000	2606.56340000	2602.99160000
2971839464.88294315	2578.42600000	2576.21000000	2640.15400000	2634.49200000	2626.40200000	2622.60800000	2639.41000000	2639.59000000	2645.11000000	2645.59600000	2608.03200000	2600.21600000	2615.64000000	2611.09400000	2583.14200000	2582.16200000	2629.63400000	2625.65800000	2613.81600000	2612.74000000	2617.97660000	2615.03660000
2972842809.36454868	2632.87000000	2628.12400000	2644.22400000	2638.10400000	2621.32400000	2617.36600000	2643.70600000	2636.67000000	2602.75400000	2606.95600000	2596.71800000	2593.72200000	2596.17600000	2596.75200000	2636.71800000	2635.55600000	2630.84600000	2629.30000000	2567.19400000	2565.37000000	2617.25300000	2614.79200000
2973846153.84615374	2646.05000000	2648.50600000	2610.82800000	2602.23600000	2605.07400000	2595.15200000	2601.73400000	2596.46800000	2608.75800000	2605.13600000	2597.03800000	2592.43600000	2597.43800000	2596.23200000	2596.89000000	2593.21200000	2584.57600000	2582.49800000	2582.71400000	2576.34800000	2603.11000000	2598.82240000
2974849498.32775927	2636.01400000	2634.34800000	2609.54800000	2605.30600000	2602.43800000	2598.96200000	2611.86800000	2609.07800000	2605.00200000	2604.68000000	2594.56000000	2590.52800000	2611.39600000	2608.27600000	2641.76000000	2641.56000000	2601.03000000	2600.89400000	2580.34000000	2581.02200000	2609.39560000	2607.46540000
2975852842.80936432	2621.16400000	2621.33000000	2603.42800000	2594.53600000	2605.29800000	2600.63000000	2607.97000000	2607.32800000	2607.28600000	2603.77800000	2587.77000000	2588.33800000	2607.50000000	2608.13600000	2630.04800000	2628.90200000	2593.64800000	2595.49800000	2580.82000000	2581.57800000	2604.49320000	2603.00540000
2976856187.29096985	2579.50800000	2582.03200000	2639.28200000	2637.16200000	2623.54000000	2618.74800000	2648.01200000	2649.15000000	2647.39400000	2647.66000000	2601.30600000	2598.07400000	2614.09400000	2607.80800000	2578.21400000	2574.50400000	2625.99400000	2624.51200000	2611.09200000	2609.84800000	2616.84360000	2614.94980000
2977859531.77257538	2583.51000000	2579.06200000	2639.05600000	2636.08600000	2625.14600000	2621.55600000	2645.73000000	2643.82800000	2649.65800000	2647.48000000	2604.03400000	2602.72000000	2615.35800000	2612.25000000	2579.61800000	2580.85200000	2622.38000000	2625.50000000	2611.25400000	2611.73400000	2617.57440000	2616.10680000
2978862876.25418043	2567.07000000	2563.94200000	2623.81400000	2626.86600000	2608.17000000	2603.10200000	2640.53400000	2631.69400000	2635.71600000	2638.60400000	2580.35400000	2578.93600000	2609.80200000	2601.88600000	2611.47200000	2601.37000000	2601.72800000	2595.83000000	2561.52400000	2556.76400000	2604.01840000	2599.89940000
2979866220.73578596	2629.92200000	2627.70600000	2607.29200000	2608.31400000	2580.25400000	2579.43600000	2593.10800000	2589.11200000	2593.97600000	2588.85800000	2585.46800000	2583.75200000	2618.39000000	2615.26600000	2611.46800000	2612.27400000	2568.74800000	2571.34000000	2564.56000000	2570.63200000	2595.31860000	2594.66900000
2980869565.21739149	2633.92000000	2628.71800000	2614.59200000	2612.26800000	2585.80600000	2583.29000000	2600.45800000	2594.79200000	2595.28800000	2589.33600000	2586.13000000	2590.01200000	2617.75400000	2619.63800000	2618.34600000	2614.98000000	2576.04600000	2573.16200000	2570.36400000	2572.23800000	2599.87040000	2597.84340000
2981872909.69899654	2637.93200000	2635.44600000	2609.12400000	2607.16400000	2616.83400000	2616.54800000	2614.71000000	2612.01600000	2602.95800000	2603.61200000	2584.79200000	2580.33200000	2599.69000000	2604.00400000	2624.05400000	2616.01000000	2587.03800000	2588.13000000	2583.22400000	2580.28000000	2606.03560000	2604.35420000
2982876254.18060207	2604.63400000	2608.91200000	2598.51200000	2595.16400000	2611.40000000	2612.09600000	2613.02000000	2611.29000000	2633.72800000	2634.15800000	2573.92800000	2572.43200000	2632.85400000	2628.46600000	2627.86200000	2621.25200000	2575.83600000	2577.71800000	2555.31200000	2553.42200000	2602.70860000	2601.49100000
2983879598.66220760	2577.12800000	2575.93200000	2610.67000000	2606.99400000	2589.31000000	2590.14800000	2608.69600000	2605.78600000	2651.40800000	2650.41400000	2577.63400000	2574.07600000	2593.74800000	2595.63200000	2591.81200000	2593.62200000	2571.67400000	2573.68200000	2554.48200000	2551.14600000	2592.65620000	2591.74320000
2984882943.14381266	2635.53400000	2631.90800000	2633.34200000	2640.74400000	2613.44200000	2615.93400000	2636.80600000	2637.61000000	2595.60400000	2593.75000000	2607.57800000	2602.94800000	2594.38000000	2594.42000000	2629.41000000	2628.05200000	2618.64400000	2616.58800000	2566.35400000	2568.75600000	2613.10940000	2613.07100000
2985886287.62541819	2637.38400000	2638.68200000	2600.51000000	2604.26800000	2619.65600000	2610.91600000	2628.90000000	2626.47600000	2603.75600000	2602.31400000	2592.37800000	2592.84800000	2603.48800000	2606.16400000	2608.27200000	2608.64400000	2611.23600000	2611.25000000	2582.92000000	2583.32800000	2608.85000000	2608.48900000
2986889632.10702324	2632.56200000	2632.59200000	2599.09400000	2597.00800000	2615.76000000	2613.89200000	2624.75600000	2622.41000000	2599.61400000	2597.33600000	2594.03600000	2595.19400000	2596.08400000	2595.59600000	2602.25400000	2593.68400000	2603.29400000	2603.90800000	2570.37600000	2574.44000000	2603.78300000	2602.60600000
2987892976.58862877	2582.26000000	2580.33000000	2599.64800000	2604.90200000	2589.14000000	2593.25000000	2606.45200000	2605.94600000	2656.63000000	2652.65200000	2575.32200000	2574.59200000	2604.94800000	2602.46200000	2607.79000000	2604.87800000	2575.78600000	2576.31800000	2553.21400000	2552.74400000	2595.11900000	2594.80740000
2988896321.07023430	2638.53000000	2637.31800000	2604.34800000	2604.15600000	2622.50800000	2612.23200000	2615.72800000	2617.34200000	2601.00400000	2601.00400000	2582.56000000	2581.19200000	2603.16600000	2600.57200000	2618.73200000	2614.34000000	2589.67200000	2587.25800000	2576.52800000	2578.33800000	2605.27760000	2603.37520000
2989899665.55183935	2583.04200000	2578.30400000	2638.16200000	2636.61800000	2619.37800000	2619.41800000	2649.14000000	2649.61000000	2646.70200000	2646.36400000	2602.25200000	2600.68000000	2610.37400000	2612.22200000	2574.54000000	2570.74800000	2610.18800000	2611.90600000	2603.58800000	2600.90200000	2613.73660000	2612.67720000
2990903010.03344488	2624.32000000	2622.12800000	2600.86800000	2602.09000000	2603.20000000	2599.80400000	2601.58800000	2602.39800000	2603.70800000	2600.20400000	2568.08200000	2566.48800000	2620.08400000	2615.27800000	2611.59200000	2607.19600000	2596.08600000	2597.78200000	2590.67200000	2587.65600000	2602.02000000	2600.10240000
2991906354.51504993	2613.31400000	2612.46400000	2615.84600000	2616.95600000	2607.74200000	2606.72400000	2611.18600000	2606.21200000	2595.55200000	2596.19400000	2577.04600000	2577.49000000	2634.74200000	2627.09800000	2616.81800000	2616.74800000	2603.61400000	2601.11000000	2585.94800000	2586.87400000	2606.18080000	2604.78700000
2992909698.99665546	2624.92200000	2622.66400000	2601.88600000	2596.90600000	2592.66600000	2591.11600000	2612.58600000	2611.13200000	2605.47800000	2607.51400000	2586.83000000	2587.05600000	2639.80800000	2639.80200000	2652.17200000	2644.85200000	2571.21400000	2572.66200000	2581.78400000	2581.17800000	2606.93460000	2605.48820000
2993913043.47826099	2637.95200000	2633.73200000	2606.18600000	2602.24000000	2613.42600000	2609.26000000	2621.55400000	2624.81600000	2601.16800000	2597.36400000	2590.02400000	2584.24600000	2613.21800000	2613.43600000	2614.47600000	2608.27600000	2618.99000000	2611.44200000	2591.04600000	2587.85000000	2610.80400000	2607.26620000
2994916387.95986605	2635.97800000	2638.80600000	2605.79000000	2607.63800000	2582.66600000	2581.36000000	2611.35200000	2610.49400000	2603.08000000	2599.96800000	2575.45400000	2576.60800000	2618.32600000	2612.17600000	2647.36200000	2648.56200000	2593.47600000	2595.37000000	2573.89600000	2568.23000000	2604.73800000	2603.92120000
2995919732.44147158	2633.94200000	2629.61800000	2638.13200000	2635.48800000	2606.01200000	2606.10600000	2634.42200000	2635.27600000	2595.40600000	2595.27800000	2586.00800000	2585.01600000	2597.68000000	2600.48800000	2641.18600000	2641.56600000	2618.62400000	2613.28200000	2564.76200000	2564.96800000	2611.61740000	2610.70860000
2996923076.92307711	2628.70400000	2632.02600000	2632.86000000	2633.02600000	2618.06400000	2619.62000000	2641.78000000	2638.09600000	2593.60200000	2595.69400000	2607.47800000	2610.46000000	2592.02200000	2592.07800000	2643.84400000	2639.96000000	2616.11600000	2616.11800000	2564.53600000	2561.44400000	2613.90060000	2613.85220000
2997926421.40468216	2628.54800000	2626.74200000	2599.33800000	2595.89000000	2602.74800000	2604.13800000	2615.67600000	2618.27600000	2598.02600000	2594.91600000	2578.74000000	2576.78600000	2596.63000000	2592.07000000	2622.17000000	2625.22400000	2597.51600000	2592.23400000	2572.59600000	2575.27000000	2601.19880000	2600.15460000
2998929765.88628769	2630.56600000	2631.73200000	2626.22000000	2627.72600000	2592.22200000	2594.60000000	2642.90200000	2641.62000000	2595.41400000	2592.05200000	2580.66400000	2580.57600000	2609.44400000	2611.67600000	2644.23400000	2640.70200000	2596.47400000	2593.36600000	2555.02600000	2552.90600000	2607.31660000	2606.69560000
2999933110.36789322	2580.42400000	2576.60600000	2636.04600000	2631.00200000	2618.28200000	2616.69000000	2652.23200000	2651.96000000	2645.51600000	2648.46200000	2600.02000000	2597.52400000	2609.31800000	2611.11200000	2577.12800000	2570.64400000	2615.56600000	2614.80400000	2606.52200000	2600.10000000	2614.10540000	2611.89040000
3000936454.84949827	2636.18800000	2631.37400000	2600.97400000	2601.98200000	2601.16000000	2600.64600000	2604.73800000	2608.30800000	2605.39400000	2602.68600000	2584.40000000	2590.67400000	2608.61800000	2611.60000000	2624.12000000	2629.12800000	2606.99800000	2605.23600000	2577.28000000	2577.16000000	2604.98700000	2605.87940000
3001939799.33110380	2624.27400000	2622.25000000	2599.94600000	2603.08800000	2597.57200000	2596.17800000	2604.05200000	2602.40000000	2605.17600000	2604.95200000	2572.23600000	2570.13000000	2610.80600000	2613.92400000	2620.99200000	2613.38000000	2599.58200000	2594.60600000	2583.90800000	2578.79400000	2601.85440000	2599.97020000
3002943143.81270885	2623.98200000	2625.21800000	2603.79400000	2603.84000000	2592.99400000	2588.73200000	2615.04200000	2613.97600000	2612.01400000	2609.26400000	2589.70600000	2589.66000000	2640.08800000	2637.05400000	2656.71000000	2650.65000000	2576.16200000	2579.47800000	2588.59200000	2587.75000000	2609.90840000	2608.56220000
3003946488.29431438	2613.42200000	2610.39200000	2594.10800000	2593.09400000	2613.09200000	2613.15000000	2628.57400000	2623.44000000	2593.67000000	2592.74800000	2581.05600000	2578.78000000	2602.68800000	2594.02600000	2594.71000000	2597.50000000	2579.18200000	2577.74200000	2575.32000000	2569.56800000	2597.58220000	2595.04400000
3004949832.77591991	2632.52600000	2631.40200000	2609.93000000	2602.95000000	2584.36400000	2585.79800000	2612.72600000	2607.55200000	2603.96200000	2604.19600000	2579.93400000	2582.81400000	2627.45600000	2619.04000000	2654.39800000	2652.38200000	2595.80200000	2595.93000000	2576.95800000	2575.18200000	2607.80560000	2605.72460000
3005953177.25752497	2568.30600000	2564.23400000	2635.18600000	2628.92200000	2604.21600000	2602.40400000	2644.83800000	2643.78400000	2644.64800000	2639.85000000	2576.98200000	2580.26400000	2591.00800000	2589.47400000	2576.39400000	2576.34200000	2604.46800000	2603.70200000	2567.18400000	2569.30800000	2601.32300000	2599.82840000
3006956521.73913050	2626.28800000	2616.91800000	2607.13400000	2603.50000000	2603.41000000	2607.67800000	2627.50200000	2624.99800000	2592.70400000	2589.53400000	2593.67200000	2587.82200000	2622.15400000	2621.72400000	2665.73000000	2665.41800000	2576.43000000	2573.81200000	2570.35800000	2566.46800000	2608.53820000	2605.78720000
3007959866.22073555	2631.77400000	2628.60200000	2606.45800000	2608.63400000	2580.28400000	2576.22800000	2605.51600000	2599.97200000	2606.89200000	2606.70600000	2583.15000000	2584.01000000	2621.28800000	2621.91200000	2612.94000000	2608.88000000	2572.50600000	2570.17000000	2567.77200000	2563.00200000	2598.85800000	2596.81160000
3008963210.70234108	2641.10200000	2639.05600000	2607.43000000	2607.68400000	2632.61000000	2636.15200000	2616.99200000	2616.48000000	2600.94400000	2600.91200000	2600.88000000	2599.17200000	2604.07000000	2601.40800000	2602.93800000	2601.02200000	2607.22000000	2602.37600000	2575.71200000	2575.94800000	2608.98980000	2608.02100000
3009966555.18394661	2630.38800000	2634.04000000	2626.85200000	2624.26200000	2635.59400000	2635.83400000	2653.60200000	2644.18000000	2600.55000000	2600.07800000	2611.25000000	2609.59600000	2588.61600000	2587.35600000	2630.03600000	2625.95600000	2617.42200000	2614.55400000	2573.83800000	2566.13400000	2616.81480000	2614.19900000
3010969899.66555166	2562.89200000	2562.07800000	2631.48000000	2627.66800000	2603.18000000	2602.92800000	2638.76000000	2637.35200000	2633.73400000	2631.52600000	2575.31400000	2575.14200000	2608.19800000	2605.15600000	2603.22000000	2608.38600000	2609.65400000	2606.83600000	2557.71000000	2557.59800000	2602.41420000	2601.46700000
3011973244.14715719	2623.98000000	2626.20000000	2608.10400000	2602.22800000	2587.41000000	2581.47200000	2616.34400000	2611.11000000	2596.67200000	2598.66600000	2582.15400000	2577.93800000	2631.39800000	2622.95600000	2644.76600000	2646.75600000	2583.77800000	2579.49400000	2578.73000000	2580.35800000	2605.33360000	2602.71780000
3012976588.62876272	2633.67600000	2632.96600000	2606.43800000	2599.99000000	2636.67600000	2635.28200000	2621.29400000	2617.50000000	2602.83800000	2598.74600000	2594.79200000	2587.37200000	2599.62600000	2597.65600000	2602.09000000	2598.76800000	2604.43600000	2603.41200000	2574.55800000	2570.73000000	2607.64240000	2604.24220000
3013979933.11036777	2630.21200000	2624.61800000	2642.71000000	2635.73200000	2597.34400000	2594.30000000	2640.37600000	2636.56200000	2594.87800000	2592.15200000	2573.98000000	2577.26600000	2599.52800000	2600.22400000	2641.97600000	2641.47800000	2604.99600000	2601.86200000	2559.77400000	2554.73000000	2608.57740000	2605.89240000
3014983277.59197330	2571.68800000	2575.72200000	2617.53800000	2614.60400000	2603.77000000	2597.52800000	2626.75800000	2626.62200000	2655.19400000	2650.32600000	2578.35800000	2575.10200000	2601.07200000	2599.39200000	2600.97800000	2597.07600000	2590.08400000	2588.02600000	2558.49800000	2556.28000000	2600.39380000	2598.06780000
3015986622.07357883	2563.68000000	2557.58000000	2628.14000000	2632.41400000	2605.05400000	2602.85600000	2647.89200000	2643.88400000	2642.31600000	2640.68000000	2575.46800000	2576.73600000	2589.02800000	2587.84800000	2582.60000000	2580.62800000	2605.77800000	2604.65400000	2563.95000000	2561.55200000	2600.39060000	2598.88320000
3016989966.55518389	2571.92000000	2571.72000000	2621.09400000	2617.38400000	2596.53400000	2603.63000000	2629.47400000	2625.62400000	2644.91600000	2643.57400000	2570.28200000	2567.26000000	2601.83400000	2599.42000000	2593.42000000	2595.75400000	2585.40800000	2589.67200000	2551.57400000	2548.54200000	2596.64560000	2596.25800000
3017993311.03678942	2573.80200000	2572.18400000	2628.69600000	2627.23000000	2608.28400000	2603.82800000	2644.16400000	2644.86600000	2642.88800000	2642.41800000	2582.99800000	2579.77800000	2599.51800000	2601.49800000	2565.68600000	2563.61800000	2601.03800000	2599.69000000	2585.94800000	2578.96000000	2603.30220000	2601.40700000
3018996655.51839447	2657.08600000	2650.01200000	2600.93000000	2600.38200000	2603.85000000	2602.42000000	2603.43800000	2603.03000000	2605.10600000	2600.18200000	2589.83800000	2589.03800000	2606.84400000	2605.91400000	2614.04000000	2610.89200000	2596.38800000	2598.25200000	2583.63400000	2580.10600000	2606.11540000	2604.02280000
3020000000.00000000	2625.37200000	2626.21600000	2616.19800000	2613.21200000	2602.08800000	2600.89600000	2643.21600000	2635.79800000	2593.63400000	2593.07000000	2588.08800000	2586.43600000	2617.47400000	2621.12600000	2655.47600000	2656.59800000	2582.07000000	2581.55400000	2569.04200000	2566.54200000	2609.26580000	2608.14480000
