freq	PL_sig1	PL_ref1	PL_sig2	PL_ref2	PL_sig3	PL_ref3	PL_sig4	PL_ref4	PL_sig5	PL_ref5	PL_sig6	PL_ref6	PL_sig7	PL_ref7	PL_sig8	PL_ref8	PL_sig9	PL_ref9	PL_sig10	PL_ref10	avgPL_sig	avgPL_ref
2720000000.00000000	2420.16200000	2417.73000000	2436.93000000	2434.95800000	2415.88400000	2418.83200000	2418.09200000	2414.08000000	2415.70600000	2411.29000000	2415.06200000	2416.57600000	2436.57400000	2436.24200000	2436.52600000	2430.71200000	2424.58800000	2423.61400000	2415.65800000	2414.10600000	2423.51820000	2421.81400000
2721003344.48160553	2418.49400000	2420.72200000	2449.05000000	2447.60000000	2423.72600000	2418.57200000	2416.58800000	2416.34000000	2424.07600000	2425.44400000	2411.18400000	2412.91000000	2431.34200000	2431.41600000	2428.00400000	2431.98000000	2411.78400000	2413.17600000	2415.80800000	2415.95600000	2423.00560000	2423.41160000
2722006688.96321058	2440.63200000	2442.54000000	2437.80800000	2440.55000000	2431.01200000	2429.94200000	2409.51400000	2407.63800000	2410.22800000	2409.91000000	2437.10200000	2435.98600000	2421.24800000	2418.74800000	2404.08400000	2404.01600000	2413.04400000	2413.45200000	2411.11200000	2411.81800000	2421.57840000	2421.46000000
2723010033.44481611	2442.87800000	2436.69600000	2438.94600000	2439.92000000	2413.93400000	2408.71800000	2405.40400000	2407.21800000	2447.44400000	2446.75200000	2409.81800000	2409.51200000	2426.03600000	2427.94400000	2424.90200000	2428.12600000	2416.87400000	2416.06400000	2408.87600000	2404.67400000	2423.51120000	2422.56240000
2724013377.92642164	2437.97600000	2440.10400000	2448.98800000	2446.84400000	2433.84000000	2428.98200000	2407.66000000	2407.43800000	2412.59400000	2412.04400000	2444.70200000	2442.46200000	2426.20200000	2423.55400000	2410.11400000	2408.96600000	2414.09400000	2411.42200000	2410.03800000	2409.19800000	2424.62080000	2423.10140000
2725016722.40802670	2439.50600000	2437.66600000	2447.08600000	2448.52000000	2427.33400000	2423.63000000	2417.02800000	2417.65000000	2419.68000000	2417.53400000	2415.18800000	2414.15400000	2417.14600000	2416.79600000	2424.36400000	2424.18200000	2419.99000000	2422.44000000	2409.26800000	2407.20800000	2423.65900000	2422.97800000
2726020066.88963223	2437.16000000	2435.61800000	2421.18200000	2422.79800000	2432.15400000	2431.22600000	2417.98400000	2410.65400000	2405.04000000	2404.02200000	2425.73800000	2428.56400000	2420.64800000	2419.62600000	2406.45800000	2406.77400000	2411.37600000	2412.62600000	2414.54600000	2414.51000000	2419.22860000	2418.64180000
2727023411.37123728	2425.17400000	2421.96800000	2437.16200000	2433.77200000	2417.57000000	2418.08200000	2419.58200000	2420.98000000	2422.64600000	2417.80600000	2414.39600000	2417.44800000	2441.28600000	2444.52000000	2435.27200000	2434.79000000	2427.24600000	2424.86800000	2413.79800000	2415.16000000	2425.41320000	2424.93940000
2728026755.85284281	2416.59800000	2417.98600000	2444.28400000	2446.71600000	2428.02800000	2425.84600000	2419.76800000	2417.25600000	2434.55400000	2429.32000000	2411.16800000	2407.86200000	2425.30600000	2423.07200000	2424.31000000	2424.31600000	2417.95600000	2415.13800000	2414.29000000	2414.26600000	2423.62620000	2422.17780000
2729030100.33444834	2416.11200000	2414.82600000	2444.36400000	2443.13600000	2424.44400000	2424.25600000	2419.13600000	2417.23600000	2442.49600000	2437.80800000	2412.19000000	2411.63200000	2425.50800000	2423.78400000	2418.51600000	2421.66000000	2416.75800000	2416.56200000	2408.63400000	2411.37600000	2422.81580000	2422.22760000
2730033444.81605339	2438.92600000	2439.96400000	2448.14800000	2446.39400000	2420.81400000	2420.50600000	2417.00400000	2410.35400000	2425.65400000	2423.33200000	2410.26400000	2409.48400000	2413.65800000	2415.50000000	2425.82600000	2418.70800000	2422.15800000	2419.65600000	2405.20000000	2404.38200000	2422.76520000	2420.82800000
2731036789.29765892	2420.25200000	2415.81200000	2444.02800000	2439.07600000	2422.14400000	2419.86400000	2417.20000000	2411.86600000	2426.78200000	2429.06000000	2412.15200000	2404.03200000	2423.35400000	2422.13800000	2423.05600000	2422.24400000	2411.42600000	2412.87600000	2412.97800000	2411.07000000	2421.33720000	2418.80380000
2732040133.77926445	2449.57400000	2445.65400000	2443.37000000	2440.14800000	2413.14000000	2410.13600000	2401.88800000	2404.13400000	2442.16200000	2440.66600000	2406.93400000	2410.62800000	2417.88600000	2417.61800000	2429.91600000	2428.91600000	2414.91800000	2414.71400000	2405.87400000	2410.48000000	2422.56620000	2422.30940000
2733043478.26086950	2416.65000000	2417.36000000	2442.69400000	2441.38400000	2420.83200000	2422.08200000	2419.17200000	2413.28800000	2425.70000000	2421.28600000	2409.58400000	2407.36600000	2427.57600000	2427.05800000	2425.03800000	2425.14000000	2410.76000000	2409.70400000	2411.91800000	2411.41600000	2420.99240000	2419.60840000
2734046822.74247503	2423.40600000	2420.19200000	2436.25800000	2439.40600000	2431.23800000	2430.82800000	2419.91400000	2420.05800000	2401.31200000	2404.64800000	2414.13800000	2412.66600000	2424.60200000	2423.12800000	2426.08000000	2425.84800000	2417.21200000	2415.57600000	2421.48800000	2418.84800000	2421.56480000	2421.11980000
2735050167.22408009	2442.94400000	2443.62400000	2428.12400000	2430.14400000	2432.47600000	2429.21800000	2411.91600000	2413.58800000	2409.97000000	2415.84200000	2437.43400000	2437.90000000	2423.96400000	2418.96600000	2403.23000000	2402.67400000	2411.69400000	2414.60400000	2416.94400000	2415.13800000	2421.86960000	2422.16980000
2736053511.70568562	2414.06800000	2417.51600000	2453.01400000	2452.78000000	2415.00000000	2417.25600000	2404.45200000	2402.15800000	2438.79200000	2434.44800000	2402.38000000	2399.95600000	2420.93200000	2419.85600000	2420.03600000	2416.52200000	2425.43400000	2428.99400000	2407.16000000	2406.45600000	2420.12680000	2419.59420000
2737056856.18729115	2417.38000000	2414.57600000	2452.98400000	2450.89800000	2426.50600000	2421.70000000	2419.74200000	2415.60400000	2442.22800000	2442.95000000	2413.27400000	2409.71200000	2426.29800000	2426.89400000	2425.17000000	2423.29600000	2427.33200000	2428.30200000	2413.72000000	2409.26400000	2426.46340000	2424.31960000
2738060200.66889620	2423.98000000	2424.88200000	2432.54200000	2430.58800000	2409.72200000	2413.24200000	2419.83400000	2416.38600000	2421.48400000	2421.54800000	2449.97000000	2445.12200000	2422.35400000	2423.00200000	2403.48200000	2405.61000000	2423.05000000	2416.07200000	2443.46800000	2438.44200000	2424.98860000	2423.48940000
2739063545.15050173	2439.32400000	2434.88400000	2424.63600000	2426.38200000	2431.98800000	2428.34200000	2410.70600000	2410.37000000	2408.77800000	2409.24600000	2436.24400000	2433.02000000	2419.20000000	2419.84000000	2402.63400000	2402.97400000	2408.44600000	2413.65000000	2411.12600000	2407.97000000	2419.30820000	2418.66780000
2740066889.63210726	2431.91400000	2431.99600000	2441.69200000	2439.88000000	2419.86200000	2419.98000000	2429.66000000	2427.81600000	2428.02400000	2419.77800000	2441.89000000	2441.83400000	2431.04200000	2428.14200000	2417.54800000	2415.30400000	2410.60000000	2409.62000000	2448.72400000	2449.30600000	2430.09560000	2428.36560000
2741070234.11371231	2441.43000000	2444.43400000	2453.04200000	2454.46200000	2424.73200000	2426.09200000	2420.59000000	2423.37600000	2412.48400000	2410.83000000	2419.92600000	2423.40800000	2423.98000000	2422.01800000	2428.37200000	2425.64200000	2408.92000000	2408.07800000	2407.68600000	2405.09600000	2424.11620000	2424.34360000
2742073578.59531784	2441.87600000	2437.33200000	2460.01400000	2454.41400000	2424.74000000	2423.39600000	2424.78200000	2426.70400000	2411.06000000	2404.04200000	2411.36200000	2412.06600000	2424.10000000	2421.86400000	2426.28400000	2427.30200000	2402.92400000	2400.45800000	2405.53400000	2410.29800000	2423.26760000	2421.78760000
2743076923.07692289	2452.72400000	2448.82800000	2457.35800000	2455.97400000	2426.88400000	2430.16200000	2428.53600000	2426.89200000	2419.10200000	2418.52000000	2424.11800000	2421.66400000	2431.82600000	2428.29800000	2433.57400000	2429.92400000	2414.79200000	2410.84600000	2409.87800000	2414.03400000	2429.87920000	2428.51420000
2744080267.55852842	2430.96800000	2429.26200000	2444.87800000	2443.97200000	2425.42800000	2423.07000000	2417.14200000	2415.56600000	2446.05400000	2448.43000000	2404.00200000	2398.10200000	2435.06200000	2433.30200000	2425.47600000	2422.58400000	2419.41400000	2423.02000000	2404.48200000	2402.87600000	2425.29060000	2424.01840000
2745083612.04013395	2422.54800000	2424.39400000	2432.80000000	2437.28400000	2423.42000000	2418.93200000	2417.27000000	2415.76400000	2410.74800000	2414.05200000	2418.87800000	2414.40600000	2435.25200000	2434.57200000	2432.87800000	2433.26800000	2430.12800000	2426.73200000	2415.47200000	2416.61600000	2423.93940000	2423.60200000
2746086956.52173901	2414.98400000	2418.56400000	2438.78800000	2441.29400000	2411.38600000	2407.80800000	2420.45400000	2415.24200000	2418.91000000	2416.71000000	2407.85000000	2407.14000000	2438.93600000	2440.59000000	2439.88400000	2436.85200000	2416.24800000	2415.84200000	2408.68200000	2406.19600000	2421.61220000	2420.62380000
2747090301.00334454	2439.43600000	2440.40400000	2434.07200000	2432.62400000	2436.24000000	2432.99000000	2426.50200000	2428.40200000	2423.92800000	2428.93800000	2445.96000000	2442.09200000	2430.26200000	2422.65800000	2414.15800000	2410.47800000	2426.94200000	2424.71600000	2436.22600000	2433.05200000	2431.37260000	2429.63540000
2748093645.48495007	2432.25800000	2429.41400000	2429.64600000	2422.75600000	2416.39000000	2418.55600000	2416.62000000	2417.79800000	2421.87200000	2419.07200000	2435.30400000	2439.83200000	2418.34600000	2415.95800000	2408.28400000	2407.33800000	2423.51600000	2419.31600000	2437.86200000	2434.13600000	2424.00980000	2422.41760000
2749096989.96655512	2447.42600000	2445.68200000	2442.69400000	2443.34600000	2419.28600000	2418.40800000	2408.88200000	2409.73400000	2437.82800000	2435.22400000	2415.50400000	2416.15600000	2408.99000000	2410.34600000	2427.91400000	2425.49600000	2419.67000000	2418.55400000	2413.08000000	2413.90400000	2424.12740000	2423.68500000
2750100334.44816065	2442.47000000	2440.07600000	2429.55600000	2429.17200000	2433.84200000	2430.82400000	2417.25600000	2416.08600000	2410.30600000	2408.53000000	2437.82000000	2436.76400000	2429.44600000	2426.21600000	2409.04400000	2407.68200000	2413.60000000	2416.38200000	2416.93400000	2417.52800000	2424.02740000	2422.92600000
2751103678.92976570	2442.32200000	2440.74400000	2438.08000000	2440.37400000	2449.58600000	2448.21200000	2430.18600000	2426.68800000	2425.92400000	2424.65400000	2446.89000000	2449.31800000	2431.02000000	2427.83800000	2413.87800000	2416.35400000	2426.90600000	2422.26400000	2432.74400000	2429.63600000	2433.75360000	2432.60820000
2752107023.41137123	2444.43400000	2439.24200000	2454.10600000	2445.86600000	2422.73200000	2422.69400000	2416.97000000	2414.51400000	2429.27600000	2424.75200000	2414.69800000	2414.64800000	2414.59400000	2416.98400000	2424.68600000	2427.25200000	2423.35000000	2425.45000000	2410.32200000	2406.33600000	2425.51680000	2423.77380000
2753110367.89297676	2418.80400000	2419.61000000	2435.17800000	2437.39800000	2423.46600000	2420.98600000	2417.41000000	2417.18000000	2422.32600000	2419.82400000	2415.29600000	2414.30200000	2448.37200000	2445.90000000	2438.58800000	2439.42600000	2422.64400000	2423.13400000	2413.29800000	2413.50000000	2425.53820000	2425.12600000
2754113712.37458181	2442.68200000	2439.69000000	2445.25600000	2441.94600000	2418.18800000	2419.27800000	2413.21000000	2410.56200000	2432.67200000	2431.57600000	2414.61600000	2411.65600000	2411.83000000	2413.25800000	2425.66200000	2424.61800000	2421.66200000	2417.03200000	2406.55200000	2407.34400000	2423.23300000	2421.69600000
2755117056.85618734	2423.34600000	2419.82000000	2453.05200000	2449.18400000	2421.10600000	2424.14600000	2419.23000000	2415.93800000	2428.91200000	2421.65800000	2422.08400000	2421.38400000	2434.24400000	2434.46000000	2441.75200000	2438.31000000	2417.38600000	2420.27600000	2422.52200000	2424.76600000	2428.36340000	2426.99420000
2756120401.33779287	2451.10400000	2450.10600000	2448.30000000	2448.61000000	2428.09400000	2422.55000000	2414.65000000	2410.26800000	2441.26400000	2443.24800000	2419.59200000	2423.76200000	2415.57400000	2417.44000000	2432.65200000	2431.35400000	2423.03800000	2425.57200000	2419.55000000	2418.54400000	2429.38180000	2429.14540000
2757123745.81939793	2424.36000000	2423.88600000	2451.22200000	2446.45400000	2416.65200000	2416.61800000	2404.76800000	2406.72200000	2439.50200000	2437.84200000	2399.85800000	2398.14200000	2423.21800000	2418.45800000	2412.80600000	2415.57600000	2423.16000000	2424.57000000	2407.73400000	2404.73600000	2420.32800000	2419.30040000
2758127090.30100346	2443.39800000	2441.47000000	2434.81800000	2433.56400000	2435.12800000	2438.82800000	2426.82800000	2423.27400000	2416.41000000	2413.86400000	2430.45600000	2433.29000000	2426.54000000	2420.28600000	2419.99600000	2423.88200000	2415.03200000	2415.72000000	2424.66600000	2420.17200000	2427.32720000	2426.43500000
2759130434.78260851	2431.58400000	2434.36200000	2424.63000000	2422.35000000	2427.17000000	2425.84600000	2411.10000000	2409.28400000	2408.84000000	2403.77400000	2422.87600000	2422.40600000	2414.46400000	2411.94000000	2413.16200000	2411.57400000	2407.16400000	2403.89600000	2420.89400000	2422.05600000	2418.18840000	2416.74880000
2760133779.26421404	2420.45800000	2421.06400000	2452.85000000	2446.34600000	2417.19600000	2414.46600000	2416.85800000	2415.19200000	2428.33400000	2423.64200000	2423.43800000	2423.67600000	2441.17600000	2436.55000000	2438.53000000	2438.22800000	2419.17200000	2414.72400000	2426.48000000	2421.40600000	2428.44920000	2425.52940000
2761137123.74581957	2431.40400000	2429.08000000	2449.85600000	2450.49600000	2421.17400000	2418.01600000	2403.92400000	2406.23000000	2413.45600000	2412.56600000	2434.51400000	2433.91400000	2413.45200000	2414.76600000	2420.31800000	2419.46000000	2416.19600000	2418.93200000	2404.25400000	2406.85400000	2420.85480000	2421.03140000
2762140468.22742462	2422.19200000	2420.90000000	2448.88400000	2447.02400000	2420.66000000	2417.97200000	2426.23800000	2422.19600000	2421.58400000	2426.44400000	2420.96800000	2415.49600000	2445.25400000	2444.87200000	2446.67200000	2440.78600000	2421.47200000	2421.69800000	2416.72400000	2414.98000000	2429.06480000	2427.23680000
2763143812.70903015	2418.60200000	2420.99800000	2448.06200000	2447.26000000	2417.35200000	2422.33000000	2414.15800000	2417.35600000	2426.55400000	2420.03600000	2418.58800000	2414.28600000	2428.24800000	2426.69200000	2436.21400000	2436.75600000	2411.22800000	2411.65000000	2418.67600000	2419.80000000	2423.76820000	2423.71640000
2764147157.19063568	2436.84400000	2432.44800000	2452.04600000	2449.01000000	2422.78200000	2423.36200000	2409.88600000	2409.09200000	2416.44200000	2417.64600000	2434.40600000	2429.49600000	2418.74800000	2416.08600000	2423.27600000	2418.47200000	2417.39200000	2419.27000000	2411.39000000	2407.85800000	2424.32120000	2422.27400000
2765150501.67224073	2426.95800000	2426.74000000	2436.54200000	2436.57200000	2417.37200000	2412.70400000	2412.79000000	2410.83200000	2442.25200000	2442.35800000	2396.15200000	2395.66200000	2423.18200000	2423.45400000	2416.00800000	2420.60800000	2414.45600000	2414.41200000	2400.96800000	2397.36600000	2418.66800000	2418.07080000
2766153846.15384626	2441.89200000	2439.62800000	2459.59000000	2456.89600000	2429.19600000	2431.08000000	2424.55400000	2424.95200000	2404.67800000	2403.17600000	2421.47000000	2415.99800000	2429.05600000	2425.10200000	2430.95600000	2427.58200000	2412.80600000	2411.15800000	2423.08800000	2424.92000000	2427.72860000	2426.04920000
2767157190.63545132	2449.50000000	2447.74200000	2467.40000000	2465.40000000	2433.88800000	2432.68800000	2431.54200000	2432.76200000	2411.10200000	2410.20600000	2419.48400000	2418.22200000	2431.75400000	2428.30200000	2430.68800000	2430.16800000	2411.83200000	2417.43000000	2425.14400000	2422.44000000	2431.23340000	2430.53600000
2768160535.11705685	2415.22800000	2416.88800000	2450.78600000	2446.92000000	2425.85200000	2424.66600000	2417.66800000	2415.67600000	2431.07200000	2427.18000000	2411.80000000	2411.14600000	2428.79600000	2426.41600000	2426.36400000	2429.91600000	2414.62200000	2410.38200000	2414.03400000	2410.25600000	2423.62220000	2421.94460000
2769163879.59866238	2440.20200000	2442.33200000	2456.26400000	2458.01200000	2426.45200000	2430.41400000	2425.66200000	2425.97000000	2407.47200000	2405.19600000	2411.79600000	2414.55400000	2422.19200000	2422.13000000	2427.87400000	2426.19800000	2404.60800000	2406.84200000	2411.45200000	2413.80600000	2423.39740000	2424.54540000
2770167224.08026743	2435.42800000	2438.92000000	2443.81800000	2438.18200000	2416.85800000	2419.37200000	2415.08800000	2408.71000000	2448.74400000	2450.91800000	2405.05800000	2406.32400000	2428.20400000	2426.62000000	2428.86600000	2424.09800000	2419.26200000	2419.52200000	2411.60800000	2408.86400000	2425.29340000	2424.15300000
2771170568.56187296	2417.74200000	2417.36200000	2440.80800000	2443.11000000	2412.88800000	2413.41200000	2418.21600000	2420.32400000	2415.49600000	2420.90400000	2413.62200000	2411.77000000	2444.40000000	2441.91200000	2439.21600000	2437.79200000	2416.69000000	2413.05200000	2409.83600000	2410.03800000	2422.89140000	2422.96760000
2772173913.04347849	2417.95600000	2412.72200000	2451.36200000	2450.54800000	2420.77600000	2422.07400000	2409.95000000	2413.88000000	2437.93400000	2438.93000000	2407.53800000	2408.82000000	2422.70800000	2422.50800000	2419.58800000	2418.42200000	2422.66600000	2426.07600000	2406.71000000	2406.51000000	2421.71880000	2422.04900000
2773177257.52508354	2434.73600000	2433.17600000	2426.40400000	2426.05000000	2427.78600000	2425.47800000	2408.56000000	2410.06200000	2404.96600000	2398.63200000	2425.37000000	2419.93000000	2416.13600000	2417.07400000	2408.39000000	2407.21600000	2404.68800000	2401.80600000	2420.87400000	2415.18000000	2417.79100000	2415.46040000
2774180602.00668907	2441.03200000	2436.85800000	2452.71600000	2451.58000000	2421.98800000	2424.74600000	2419.00200000	2411.19200000	2417.04400000	2421.36000000	2429.05000000	2425.29400000	2418.22800000	2416.84600000	2423.72600000	2419.73800000	2420.59400000	2422.06000000	2411.61400000	2408.78400000	2425.49940000	2423.84580000
2775183946.48829412	2441.68600000	2440.91400000	2428.05000000	2427.25600000	2433.14200000	2428.77600000	2420.45600000	2421.63200000	2413.19200000	2411.02800000	2431.09200000	2429.55000000	2417.94000000	2424.38400000	2413.54400000	2414.19000000	2418.26600000	2417.07600000	2423.38400000	2420.30600000	2424.07520000	2423.51120000
2776187290.96989965	2420.09800000	2415.05200000	2447.58000000	2443.35000000	2426.89600000	2425.94600000	2417.47400000	2413.78200000	2428.50800000	2425.96200000	2415.12400000	2414.64600000	2430.14800000	2427.06400000	2436.16400000	2432.60600000	2417.70000000	2412.73000000	2416.13800000	2414.30800000	2425.58300000	2422.54460000
2777190635.45150518	2434.29000000	2429.84200000	2447.93400000	2446.56600000	2430.77800000	2428.57600000	2418.52600000	2420.90000000	2404.81400000	2404.70400000	2419.12800000	2412.22000000	2427.56000000	2420.60600000	2426.37400000	2426.45000000	2409.61000000	2409.06000000	2420.26200000	2420.37200000	2423.92760000	2421.92960000
2778193979.93311024	2425.26000000	2425.23200000	2424.41600000	2423.44800000	2409.92200000	2413.20600000	2413.14200000	2412.06400000	2423.16200000	2421.73600000	2438.01000000	2439.91000000	2413.15200000	2420.96600000	2408.13600000	2406.47800000	2426.27800000	2423.01000000	2436.90000000	2429.72800000	2421.83780000	2421.57780000
2779197324.41471577	2420.24400000	2412.96600000	2441.96200000	2439.37600000	2424.00400000	2419.76400000	2414.58000000	2418.67200000	2430.28000000	2421.85000000	2405.65200000	2406.43000000	2424.81400000	2419.66400000	2425.30000000	2425.48200000	2413.12600000	2407.91000000	2416.09000000	2411.72000000	2421.60520000	2418.38340000
2780200668.89632130	2439.70600000	2440.81400000	2424.28200000	2425.62800000	2434.80400000	2433.85600000	2414.56000000	2416.42800000	2411.43400000	2405.66800000	2437.95800000	2436.87800000	2427.39200000	2422.88200000	2412.40400000	2413.80200000	2414.09200000	2415.91200000	2417.43800000	2415.91600000	2423.40700000	2422.77840000
2781204013.37792635	2441.64800000	2437.83400000	2423.92800000	2426.75800000	2430.41000000	2433.47800000	2414.39800000	2412.97800000	2408.55200000	2408.08000000	2436.42800000	2430.95400000	2422.42200000	2420.66000000	2409.88800000	2407.02600000	2411.59400000	2411.73000000	2417.38800000	2413.83200000	2421.66560000	2420.33300000
2782207357.85953188	2432.03000000	2430.19800000	2424.95800000	2425.85600000	2425.11600000	2426.74600000	2408.66800000	2409.32800000	2399.41800000	2400.10200000	2418.54000000	2416.11600000	2415.14200000	2411.47200000	2404.64600000	2405.04000000	2402.38000000	2403.31200000	2415.67200000	2420.41600000	2414.65700000	2414.85860000
2783210702.34113693	2447.66000000	2447.21800000	2428.46200000	2428.04200000	2418.09200000	2419.76000000	2424.99400000	2423.78800000	2428.94800000	2425.85000000	2439.15400000	2434.68600000	2426.66000000	2429.32600000	2409.85400000	2411.03600000	2401.64000000	2399.31800000	2438.88000000	2439.50600000	2426.43440000	2425.85300000
2784214046.82274246	2432.73000000	2435.05600000	2433.90800000	2431.24400000	2420.49000000	2419.83400000	2427.32600000	2416.97800000	2424.91400000	2422.64200000	2440.39800000	2435.59600000	2426.59600000	2424.00800000	2410.53600000	2409.52800000	2427.02600000	2426.80200000	2440.76600000	2440.80800000	2428.46900000	2426.24960000
2785217391.30434799	2424.83000000	2425.77200000	2435.79800000	2436.84400000	2429.53000000	2427.75000000	2420.67200000	2417.70400000	2406.26000000	2402.84400000	2422.84000000	2412.53200000	2428.70200000	2425.72400000	2428.12200000	2424.74000000	2414.56600000	2415.39400000	2422.70600000	2415.86000000	2423.40260000	2420.51640000
2786220735.78595304	2437.94600000	2436.11000000	2444.28000000	2440.25400000	2422.93600000	2418.96000000	2429.20400000	2429.25800000	2426.11000000	2423.62000000	2439.62000000	2439.83200000	2434.83800000	2436.82400000	2414.18200000	2415.10200000	2407.26800000	2404.05400000	2448.37800000	2447.02800000	2430.47620000	2429.10420000
2787224080.26755857	2428.12400000	2426.25800000	2454.38400000	2454.93600000	2420.99800000	2420.57000000	2418.91800000	2417.21600000	2434.74400000	2426.88200000	2429.51200000	2425.99600000	2443.04200000	2441.76800000	2446.71400000	2444.65400000	2422.86000000	2421.17600000	2423.08400000	2422.87200000	2432.23800000	2430.23280000
2788227424.74916410	2434.80800000	2431.66800000	2446.38200000	2442.60600000	2421.63400000	2418.59200000	2416.70200000	2410.83200000	2419.39000000	2419.14200000	2408.68800000	2409.21200000	2413.85000000	2406.40200000	2420.90400000	2417.67000000	2417.96200000	2418.18400000	2400.01600000	2400.91200000	2420.03360000	2417.52200000
2789230769.23076916	2427.81200000	2427.37600000	2438.27000000	2441.70400000	2419.09000000	2419.24600000	2411.26000000	2413.39400000	2442.56000000	2444.22200000	2399.61600000	2398.57200000	2431.00600000	2428.08200000	2419.20400000	2419.28600000	2420.87200000	2420.49000000	2400.49400000	2396.52800000	2421.01840000	2420.89000000
2790234113.71237469	2427.64600000	2432.15600000	2433.16000000	2435.90400000	2410.59000000	2411.87600000	2406.90000000	2410.22400000	2444.22800000	2438.51000000	2399.44800000	2397.64000000	2424.56000000	2425.79400000	2418.54600000	2413.56800000	2412.19200000	2413.27600000	2401.42200000	2398.01400000	2417.86920000	2417.69620000
2791237458.19397974	2418.35200000	2418.90200000	2452.69200000	2449.82200000	2418.37800000	2417.64600000	2424.89200000	2427.59800000	2428.50600000	2425.83600000	2416.10400000	2415.46400000	2444.27600000	2441.45400000	2437.51600000	2442.27800000	2418.48400000	2418.22400000	2414.02200000	2407.68400000	2427.32220000	2426.49080000
2792240802.67558527	2438.79400000	2435.61800000	2424.61000000	2424.96800000	2430.27600000	2429.74800000	2413.24000000	2412.05400000	2407.39800000	2406.01200000	2424.16000000	2426.75200000	2417.15800000	2415.93400000	2410.32800000	2413.27000000	2412.12200000	2408.78000000	2423.79000000	2417.50800000	2420.18760000	2419.06440000
2793244147.15719080	2455.57200000	2451.06800000	2440.21600000	2442.71800000	2417.93000000	2411.95400000	2413.43200000	2409.60400000	2435.48200000	2436.66400000	2420.82800000	2415.67000000	2408.14000000	2407.73600000	2426.19000000	2427.45400000	2420.65400000	2417.15400000	2419.16000000	2420.77400000	2425.76040000	2424.07960000
2794247491.63879585	2438.75000000	2436.46600000	2426.19000000	2423.09200000	2431.38400000	2428.73800000	2410.01000000	2414.04600000	2406.85600000	2406.74000000	2430.94000000	2426.91200000	2415.87000000	2416.32600000	2413.08600000	2410.42000000	2411.47600000	2413.02200000	2420.42600000	2415.53400000	2420.49880000	2419.12960000
2795250836.12040138	2422.85800000	2425.02200000	2427.56800000	2434.59000000	2409.56800000	2407.65000000	2419.14600000	2418.99800000	2425.52400000	2418.85200000	2444.48600000	2449.08600000	2420.28600000	2420.99200000	2406.61000000	2404.58200000	2417.90200000	2418.22600000	2439.52600000	2438.64600000	2423.34740000	2423.66440000
2796254180.60200691	2443.64000000	2444.28800000	2443.73200000	2442.02200000	2415.48800000	2413.05200000	2406.14800000	2401.79400000	2449.71600000	2442.95200000	2411.69400000	2409.04800000	2419.48400000	2418.97000000	2426.83400000	2429.03600000	2417.05000000	2417.18600000	2411.12600000	2407.96600000	2424.49120000	2422.63140000
2797257525.08361197	2420.17000000	2419.03400000	2452.62400000	2453.77800000	2417.35600000	2413.98000000	2408.89400000	2408.16200000	2437.32200000	2434.69800000	2403.21000000	2402.97000000	2418.80600000	2421.15400000	2418.43200000	2421.16000000	2425.05200000	2428.60800000	2410.31000000	2409.42200000	2421.21760000	2421.29660000
2798260869.56521749	2443.53200000	2445.95400000	2444.93400000	2443.43200000	2416.75400000	2416.01800000	2411.01600000	2409.04800000	2429.52200000	2429.76000000	2415.66400000	2414.67400000	2411.40400000	2410.50000000	2422.40800000	2421.62200000	2420.37400000	2421.61800000	2409.24000000	2406.72000000	2422.48480000	2421.93460000
2799264214.04682255	2446.79600000	2449.75000000	2428.87400000	2432.22200000	2434.21200000	2431.98400000	2412.21800000	2410.93400000	2414.84000000	2413.37400000	2437.42200000	2434.52800000	2422.51200000	2419.73400000	2405.20200000	2403.46200000	2415.42400000	2411.91200000	2415.86400000	2414.19000000	2423.33640000	2422.20900000
2800267558.52842808	2417.50800000	2417.99200000	2446.58600000	2446.59000000	2425.87400000	2423.12400000	2421.72800000	2422.91400000	2443.05600000	2443.05600000	2415.28400000	2411.39400000	2429.03200000	2422.42600000	2422.78800000	2422.64400000	2417.36400000	2420.45600000	2412.05800000	2415.79200000	2425.12780000	2424.63880000
2801270903.01003361	2446.70400000	2443.85200000	2466.37400000	2462.89200000	2433.14600000	2430.82400000	2430.44000000	2425.77000000	2410.07400000	2403.12200000	2419.33800000	2419.13600000	2429.10000000	2425.96000000	2431.70000000	2426.43400000	2411.98600000	2407.92000000	2426.57200000	2428.11400000	2430.54340000	2427.40240000
2802274247.49163866	2450.33600000	2441.85400000	2447.80000000	2447.11600000	2428.01600000	2429.16200000	2420.58600000	2419.52000000	2418.82400000	2414.90200000	2423.02200000	2424.16800000	2434.91400000	2437.37000000	2429.46400000	2426.15200000	2409.46200000	2408.43200000	2408.15000000	2409.96200000	2427.05740000	2425.86380000
2803277591.97324419	2417.27600000	2414.35000000	2453.57600000	2448.44200000	2416.10400000	2411.42000000	2418.26000000	2420.75000000	2428.31000000	2423.27400000	2414.46800000	2410.82600000	2438.14400000	2436.29600000	2436.89400000	2435.58400000	2412.14000000	2414.83000000	2411.26400000	2413.00600000	2424.64360000	2422.87780000
2804280936.45484972	2434.76400000	2432.14800000	2448.13200000	2453.02600000	2421.85200000	2421.85200000	2406.46200000	2409.86000000	2410.08600000	2412.73000000	2436.27000000	2435.61200000	2417.70600000	2416.28400000	2418.04600000	2415.80800000	2415.33800000	2415.87800000	2406.46000000	2406.39200000	2421.51160000	2421.95900000
2805284280.93645477	2433.26600000	2431.41000000	2443.79800000	2445.24200000	2415.13800000	2416.90800000	2418.53200000	2421.95800000	2448.22000000	2446.84000000	2402.59800000	2402.19800000	2430.21600000	2432.60800000	2422.31400000	2420.81200000	2419.74000000	2422.86400000	2405.17400000	2399.75200000	2423.89960000	2424.05920000
2806287625.41806030	2417.35200000	2414.23000000	2429.76200000	2430.56200000	2415.24200000	2412.69600000	2411.80400000	2413.73400000	2409.68800000	2412.97600000	2415.05600000	2411.25800000	2433.90600000	2435.53800000	2429.30800000	2430.96400000	2423.57600000	2419.63200000	2409.35400000	2414.08200000	2419.50480000	2419.56720000
2807290969.89966536	2436.67800000	2434.04400000	2448.72200000	2445.96800000	2421.31000000	2417.88800000	2410.60000000	2410.37200000	2427.51200000	2424.08600000	2412.52400000	2410.71200000	2412.63800000	2414.06600000	2417.31400000	2423.85000000	2417.94400000	2420.76000000	2403.60600000	2408.48800000	2420.88480000	2421.02340000
2808294314.38127089	2433.28600000	2425.76800000	2448.58800000	2449.62800000	2422.67600000	2419.01000000	2404.03000000	2399.69600000	2407.80800000	2408.54800000	2438.89800000	2436.80600000	2416.11200000	2415.93400000	2414.08800000	2414.84600000	2408.95200000	2408.89600000	2403.40800000	2407.41800000	2419.78460000	2418.65500000
2809297658.86287642	2446.00200000	2439.41400000	2456.63400000	2455.35200000	2429.11600000	2431.26000000	2433.81600000	2430.84600000	2412.54800000	2413.09400000	2415.01600000	2412.72600000	2423.91800000	2430.46600000	2430.10400000	2430.36400000	2407.70800000	2409.41000000	2413.34000000	2413.69000000	2426.82020000	2426.66220000
2810301003.34448147	2421.38600000	2421.54400000	2448.68600000	2445.49000000	2426.14600000	2424.89600000	2417.33800000	2420.89800000	2436.86600000	2432.53000000	2413.76000000	2409.72000000	2427.51200000	2428.50400000	2429.78000000	2426.62600000	2420.69000000	2419.58400000	2415.77000000	2416.01400000	2425.79340000	2424.58060000
2811304347.82608700	2453.78800000	2451.88200000	2441.85400000	2442.62600000	2415.67400000	2415.73000000	2404.05200000	2405.28200000	2442.46200000	2442.76400000	2414.80200000	2415.71600000	2412.40600000	2410.13200000	2434.54000000	2427.10200000	2420.67400000	2417.74200000	2415.15000000	2413.44600000	2425.54020000	2424.24220000
2812307692.30769253	2440.87600000	2438.55800000	2435.15000000	2437.68800000	2437.20600000	2438.81000000	2427.72800000	2429.59200000	2420.07800000	2424.23200000	2443.53800000	2441.66200000	2422.00400000	2422.58400000	2408.52600000	2404.87000000	2425.56800000	2426.59600000	2432.65000000	2432.70800000	2429.33240000	2429.73000000
2813311036.78929758	2428.03400000	2431.70800000	2447.87600000	2445.58000000	2423.55400000	2421.99400000	2421.66800000	2417.00800000	2446.87200000	2447.28000000	2398.99000000	2398.69200000	2429.52000000	2431.98800000	2425.16200000	2421.56600000	2421.41400000	2423.32000000	2402.53600000	2403.47800000	2424.56260000	2424.26140000
2814314381.27090311	2426.59200000	2423.31400000	2432.86600000	2429.02800000	2413.94400000	2413.13200000	2417.67600000	2416.60200000	2421.65000000	2420.42600000	2448.61800000	2446.54400000	2426.14600000	2423.50000000	2407.80200000	2409.43800000	2424.67400000	2422.19000000	2442.77800000	2441.53000000	2426.27460000	2424.57040000
2815317725.75250816	2439.03000000	2434.72200000	2424.19200000	2418.25600000	2430.93000000	2428.73800000	2413.12800000	2411.46000000	2404.43000000	2401.10000000	2428.60200000	2423.38400000	2417.58800000	2415.46200000	2406.25800000	2405.45400000	2407.23000000	2411.14800000	2410.43400000	2413.05400000	2418.18220000	2416.27780000
2816321070.23411369	2428.69600000	2424.93000000	2444.37800000	2444.30600000	2415.96000000	2414.54000000	2405.21400000	2405.49600000	2439.78400000	2436.22200000	2396.69200000	2396.80000000	2419.83600000	2420.03800000	2409.30000000	2414.37600000	2421.94400000	2423.54600000	2402.92000000	2402.28200000	2418.47240000	2418.25360000
2817324414.71571922	2429.33600000	2426.06000000	2427.23000000	2428.35000000	2417.70200000	2415.71400000	2423.23600000	2420.33200000	2427.62000000	2422.64800000	2442.91600000	2440.54400000	2419.72000000	2420.72800000	2409.60000000	2408.76200000	2428.13400000	2424.66800000	2436.92800000	2440.40800000	2426.24220000	2424.82140000
2818327759.19732428	2436.02000000	2439.11200000	2435.58800000	2433.51400000	2434.48800000	2427.46800000	2426.94400000	2425.24400000	2424.27200000	2424.71600000	2441.27800000	2439.09800000	2424.96200000	2426.55200000	2415.04400000	2413.79000000	2428.77200000	2429.11600000	2441.76000000	2441.78800000	2430.91280000	2430.03980000
2819331103.67892981	2416.90000000	2413.09000000	2448.39600000	2446.00600000	2418.17600000	2418.62600000	2413.48600000	2416.04600000	2425.68600000	2424.72800000	2415.83200000	2416.87200000	2431.08600000	2432.09600000	2434.95600000	2436.94800000	2414.72800000	2415.88200000	2416.85000000	2421.21000000	2423.60960000	2424.15040000
2820334448.16053534	2434.66600000	2435.29600000	2445.98400000	2443.88000000	2436.79400000	2433.55000000	2424.51800000	2428.52600000	2408.50800000	2406.97200000	2417.01200000	2418.30600000	2426.44000000	2423.77000000	2428.46000000	2427.81600000	2418.09400000	2417.08800000	2423.01800000	2424.19200000	2426.34940000	2425.93960000
2821337792.64214039	2438.25600000	2442.74600000	2446.18600000	2437.36800000	2409.68800000	2412.22200000	2409.05000000	2410.00600000	2448.47800000	2445.94200000	2410.84000000	2405.76600000	2425.82600000	2427.32400000	2431.36200000	2430.63400000	2418.83600000	2418.35000000	2411.12200000	2413.96200000	2424.96440000	2424.43200000
2822341137.12374592	2416.43600000	2413.50600000	2446.48200000	2447.62200000	2413.74200000	2412.57000000	2422.71800000	2416.70200000	2423.48400000	2426.36600000	2411.75600000	2412.48200000	2438.48000000	2439.20200000	2436.09200000	2434.23800000	2416.24400000	2415.04000000	2406.78600000	2408.91200000	2423.22200000	2422.66400000
2823344481.60535097	2441.60600000	2442.07600000	2438.34800000	2441.53800000	2420.51200000	2418.81400000	2427.92200000	2428.95200000	2426.11200000	2427.07400000	2436.73400000	2436.34600000	2435.62600000	2428.72000000	2413.88600000	2413.58200000	2401.06200000	2406.25400000	2442.79400000	2446.18000000	2428.46020000	2428.95360000
2824347826.08695650	2415.11000000	2418.31000000	2444.61400000	2446.43600000	2414.89200000	2410.28600000	2416.01000000	2416.96400000	2427.24000000	2426.59000000	2415.52200000	2412.48200000	2433.29200000	2437.74800000	2429.86200000	2434.33000000	2410.57400000	2412.40800000	2413.95000000	2409.11400000	2422.10660000	2422.46680000
2825351170.56856203	2427.83400000	2423.92400000	2439.77400000	2438.68000000	2414.27400000	2414.08400000	2416.16000000	2414.88600000	2444.36800000	2442.89600000	2394.48400000	2396.54600000	2424.41400000	2426.52400000	2413.09200000	2412.47000000	2416.22400000	2420.43000000	2401.46000000	2402.05200000	2419.20840000	2419.24920000
2826354515.05016708	2428.17200000	2429.96600000	2444.66200000	2448.07000000	2425.55000000	2428.40000000	2401.12000000	2398.75200000	2413.99200000	2412.59400000	2444.03800000	2441.79800000	2416.88800000	2425.12000000	2407.66400000	2403.78600000	2411.29200000	2411.09200000	2406.03200000	2404.01400000	2419.94100000	2420.35920000
2827357859.53177261	2441.72600000	2441.41400000	2429.42000000	2427.67600000	2434.53800000	2434.69800000	2415.92200000	2414.99600000	2415.91000000	2408.99000000	2438.61200000	2440.18400000	2424.57200000	2427.68800000	2408.03800000	2406.13400000	2412.65800000	2411.01400000	2416.64800000	2411.83000000	2423.80440000	2422.46240000
2828361204.01337814	2437.58000000	2439.68000000	2428.76600000	2422.85000000	2432.57000000	2431.93800000	2415.39200000	2416.28800000	2409.95800000	2412.54800000	2430.26000000	2428.01800000	2419.79200000	2424.99000000	2412.98400000	2410.55600000	2415.51600000	2414.52800000	2425.51200000	2417.76000000	2422.83300000	2421.91560000
2829364548.49498320	2436.23800000	2433.84400000	2441.22000000	2439.03200000	2423.98800000	2421.79400000	2431.49600000	2431.38600000	2424.82400000	2424.78000000	2447.77400000	2444.76800000	2431.33800000	2431.65200000	2419.71200000	2416.86000000	2411.96000000	2411.88000000	2453.41200000	2454.30600000	2432.19620000	2431.03020000
2830367892.97658873	2428.96000000	2427.76800000	2434.11200000	2433.84000000	2414.07800000	2412.87000000	2422.72400000	2420.05200000	2418.37200000	2424.22000000	2448.90600000	2448.04600000	2422.00800000	2423.12200000	2413.11800000	2411.86800000	2418.84400000	2415.97600000	2447.49600000	2443.69600000	2426.86180000	2426.14580000
2831371237.45819378	2444.44600000	2445.33000000	2460.41200000	2462.74400000	2430.90800000	2427.03200000	2429.40600000	2430.02400000	2411.55200000	2407.71800000	2417.31400000	2415.79000000	2429.64200000	2431.96400000	2426.62800000	2430.46800000	2411.43400000	2411.06000000	2418.12800000	2423.24200000	2427.98700000	2428.53720000
2832374581.93979931	2419.92400000	2419.21000000	2450.28800000	2452.10400000	2417.64200000	2419.76600000	2428.71000000	2423.18400000	2428.05800000	2430.13800000	2414.87600000	2415.97600000	2442.05400000	2442.40800000	2442.46000000	2444.49200000	2419.92800000	2420.10000000	2422.06000000	2419.39400000	2428.60000000	2428.67720000
2833377926.42140484	2426.48200000	2429.78400000	2441.77400000	2441.95400000	2415.39800000	2416.07800000	2415.07000000	2412.67400000	2447.36000000	2446.15000000	2400.15200000	2398.82400000	2431.05800000	2427.78800000	2415.35800000	2416.68400000	2417.45800000	2416.82200000	2404.19200000	2401.98200000	2421.43020000	2420.87400000
2834381270.90300989	2417.30400000	2414.67400000	2447.65400000	2448.51400000	2413.48000000	2414.00000000	2408.56600000	2402.64000000	2433.12800000	2431.35200000	2398.63200000	2399.94800000	2419.11000000	2417.76200000	2409.89400000	2410.26200000	2422.14800000	2420.98000000	2405.44400000	2403.05400000	2417.53600000	2416.31860000
2835384615.38461542	2432.10600000	2439.06800000	2451.61400000	2451.28600000	2426.30200000	2424.87800000	2424.16000000	2428.19600000	2399.33800000	2398.66400000	2413.17800000	2416.46200000	2425.12400000	2424.20600000	2427.14200000	2427.60200000	2403.05400000	2403.38200000	2420.36800000	2423.76600000	2422.23860000	2423.75100000
2836387959.86622095	2455.17800000	2460.79800000	2439.87600000	2442.37400000	2421.16800000	2415.28600000	2412.08600000	2410.87000000	2436.68200000	2434.93400000	2416.91800000	2420.74200000	2411.71200000	2412.97800000	2428.96000000	2428.20800000	2425.34600000	2423.32600000	2423.29200000	2422.39600000	2427.12180000	2427.19120000
2837391304.34782600	2431.67000000	2432.29400000	2442.26600000	2440.56600000	2422.91800000	2420.97000000	2405.85400000	2403.35800000	2409.93200000	2410.39800000	2434.46800000	2437.52200000	2415.96600000	2417.20200000	2414.32800000	2414.15600000	2402.26800000	2403.87800000	2408.22600000	2405.30400000	2418.78960000	2418.56480000
2838394648.82943153	2428.13000000	2428.28400000	2443.77200000	2445.82400000	2434.63000000	2433.39600000	2421.09400000	2428.13400000	2402.86400000	2401.48800000	2416.88600000	2414.01400000	2421.74400000	2422.03000000	2431.80200000	2431.67400000	2415.95000000	2418.21600000	2421.10000000	2422.00600000	2423.79720000	2424.50660000
2839397993.31103659	2437.32000000	2435.40200000	2450.42000000	2443.60600000	2427.85000000	2423.34800000	2421.85600000	2424.58400000	2405.46400000	2405.95800000	2414.73800000	2418.81600000	2427.18400000	2424.71400000	2426.86000000	2424.28000000	2408.02000000	2406.51400000	2423.54200000	2424.53800000	2424.32540000	2423.17600000
2840401337.79264212	2431.88800000	2432.26000000	2446.00200000	2448.49800000	2422.36800000	2421.35400000	2412.95000000	2416.76800000	2447.49600000	2446.43600000	2400.19600000	2402.41800000	2431.50800000	2429.73800000	2417.45000000	2418.07000000	2420.55200000	2422.22600000	2403.90400000	2408.07600000	2423.43140000	2424.58440000
2841404682.27424765	2446.28200000	2446.74200000	2447.30600000	2445.44400000	2419.25000000	2420.74400000	2412.88000000	2414.60800000	2433.87200000	2435.49400000	2419.00600000	2420.55000000	2412.46600000	2415.48000000	2427.84000000	2430.11800000	2423.35800000	2423.33200000	2408.99000000	2409.90800000	2425.12500000	2426.24200000
2842408026.75585270	2448.71400000	2444.55600000	2425.78400000	2423.46000000	2416.55400000	2415.53000000	2421.59600000	2421.80000000	2423.51800000	2427.86800000	2439.64600000	2436.69400000	2428.20400000	2430.44800000	2412.60600000	2412.88600000	2401.18000000	2404.92600000	2442.18400000	2442.59200000	2425.99860000	2426.07600000
2843411371.23745823	2426.93800000	2433.19400000	2441.92200000	2440.97600000	2422.99600000	2424.52400000	2404.66400000	2407.24000000	2411.80800000	2414.04200000	2441.57200000	2446.29800000	2416.60400000	2420.03200000	2416.13800000	2417.46400000	2410.49200000	2412.50400000	2405.21800000	2409.23200000	2419.83520000	2422.55060000
2844414715.71906376	2413.07400000	2416.90400000	2441.54800000	2442.31800000	2422.68600000	2425.51000000	2414.79200000	2417.70000000	2423.11000000	2425.01600000	2408.42000000	2411.62600000	2428.73400000	2426.85000000	2432.26000000	2428.26000000	2409.94200000	2414.03800000	2413.04400000	2411.96000000	2420.76100000	2422.01820000
2845418060.20066881	2445.45600000	2446.29600000	2463.56800000	2460.60400000	2427.78400000	2435.66800000	2428.64800000	2428.08600000	2409.43400000	2411.86800000	2418.01800000	2415.28800000	2429.04000000	2430.34600000	2427.64400000	2428.06400000	2413.13400000	2409.64200000	2417.48000000	2417.03000000	2428.02060000	2428.28920000
2846421404.68227434	2437.89200000	2436.09400000	2433.04000000	2436.26800000	2411.60200000	2413.70800000	2403.01800000	2409.38200000	2442.22000000	2444.25800000	2407.35200000	2406.65200000	2418.43200000	2426.16600000	2418.64000000	2426.17000000	2417.17400000	2414.46800000	2405.39800000	2405.24200000	2419.47680000	2421.84080000
2847424749.16387939	2427.28600000	2431.49400000	2442.51800000	2448.31400000	2418.24400000	2424.95200000	2401.85000000	2404.85600000	2412.35200000	2412.79600000	2437.71000000	2435.33800000	2411.52600000	2415.40200000	2410.85800000	2416.14400000	2405.24600000	2410.43600000	2401.89200000	2406.69800000	2416.94820000	2420.64300000
2848428093.64548492	2452.40400000	2452.45000000	2438.28600000	2444.09600000	2421.79200000	2422.37200000	2411.23400000	2411.30200000	2439.37600000	2440.46400000	2421.73000000	2421.13200000	2412.27200000	2412.82400000	2427.70000000	2428.22800000	2422.27400000	2421.01800000	2415.29800000	2420.07000000	2426.23660000	2427.39560000
2849431438.12709045	2434.05400000	2436.03600000	2452.52400000	2452.98800000	2421.56400000	2429.55800000	2419.56200000	2423.66800000	2397.02200000	2404.38400000	2413.10600000	2418.61000000	2420.33400000	2425.12400000	2422.24600000	2427.93800000	2402.23800000	2405.13600000	2417.89000000	2421.41400000	2420.05400000	2424.48560000
2850434782.60869551	2451.08200000	2446.61200000	2453.87600000	2454.30600000	2431.66200000	2435.62600000	2417.58800000	2421.30000000	2416.67200000	2423.62400000	2425.79400000	2426.83400000	2438.52800000	2445.85600000	2429.89600000	2429.80000000	2410.55000000	2406.68400000	2409.69400000	2412.23600000	2428.53420000	2430.28780000
2851438127.09030104	2427.20000000	2429.89800000	2446.26200000	2443.16200000	2427.50400000	2430.75400000	2399.31400000	2404.50600000	2410.33400000	2413.68200000	2438.19200000	2439.71400000	2414.90800000	2422.99400000	2403.63600000	2410.16000000	2411.40400000	2416.04000000	2399.79600000	2407.87600000	2417.85500000	2421.87860000
2852441471.57190657	2422.67000000	2427.30200000	2433.38400000	2431.88200000	2411.05600000	2413.83000000	2408.64400000	2408.71200000	2437.01000000	2440.53800000	2394.81600000	2397.24000000	2419.01600000	2422.79800000	2413.40200000	2420.88200000	2411.80600000	2413.45200000	2392.57200000	2396.76000000	2414.43760000	2417.33960000
2853444816.05351162	2441.83000000	2450.01200000	2434.50800000	2439.98400000	2421.02200000	2421.33000000	2405.59600000	2411.68800000	2435.78600000	2439.67400000	2415.60200000	2421.54600000	2411.12800000	2410.99200000	2425.85000000	2428.27600000	2416.72600000	2418.27000000	2413.90600000	2418.07600000	2422.19540000	2425.98480000
2854448160.53511715	2417.67400000	2419.61400000	2443.72600000	2445.20400000	2413.73200000	2416.39400000	2423.30000000	2424.31000000	2419.60800000	2426.54800000	2414.89600000	2416.60200000	2441.36200000	2442.23600000	2435.52200000	2438.70000000	2417.30800000	2421.37000000	2408.81400000	2418.24200000	2423.59420000	2426.92200000
2855451505.01672220	2433.21800000	2435.08400000	2430.75200000	2430.96200000	2433.84200000	2437.90600000	2420.50400000	2420.51800000	2417.45600000	2418.59600000	2435.35000000	2446.22400000	2415.63400000	2420.77400000	2403.91000000	2410.01800000	2415.48800000	2423.94400000	2422.74600000	2428.18000000	2422.89000000	2427.22060000
2856454849.49832773	2427.41600000	2434.75800000	2424.24400000	2428.80400000	2408.52600000	2410.14400000	2398.16400000	2404.28000000	2435.15400000	2441.10400000	2394.97200000	2394.93400000	2419.44800000	2423.21600000	2412.86600000	2415.84200000	2405.87800000	2410.27800000	2391.80800000	2397.11400000	2411.84760000	2416.04740000
2857458193.97993326	2412.69400000	2413.75400000	2440.65600000	2449.91200000	2420.28200000	2427.81400000	2413.65800000	2416.35800000	2421.35800000	2428.80400000	2408.50200000	2409.69000000	2422.95200000	2427.28800000	2424.76600000	2430.89600000	2406.89400000	2411.23400000	2407.87000000	2412.76200000	2417.96320000	2422.85120000
2858461538.46153831	2433.18600000	2436.95000000	2425.67600000	2434.57600000	2424.92800000	2430.79000000	2417.95800000	2424.25800000	2415.86600000	2419.02800000	2436.13000000	2441.97000000	2416.94600000	2421.50200000	2402.43000000	2411.31800000	2418.33400000	2422.89600000	2420.98800000	2429.46200000	2421.24420000	2427.27500000
2859464882.94314384	2419.18800000	2425.35000000	2430.88200000	2435.71800000	2422.94000000	2422.41800000	2408.24400000	2417.57200000	2406.82600000	2407.45600000	2410.56000000	2416.77800000	2428.01000000	2430.77000000	2423.76200000	2425.74400000	2409.68000000	2419.66200000	2411.72200000	2417.91800000	2417.18140000	2421.93860000
2860468227.42474937	2430.51200000	2443.48000000	2426.55600000	2431.59000000	2428.43000000	2432.74000000	2414.50000000	2417.67600000	2402.74200000	2409.79400000	2420.49600000	2429.33200000	2411.04000000	2422.63400000	2408.57200000	2417.03000000	2403.90200000	2414.46800000	2413.20600000	2421.77000000	2415.99560000	2424.05140000
2861471571.90635443	2413.46600000	2417.48800000	2443.42200000	2449.13000000	2419.21800000	2422.30600000	2414.97800000	2418.28000000	2429.45200000	2437.03400000	2404.74600000	2410.97000000	2415.79200000	2424.73400000	2411.75400000	2418.71000000	2413.96400000	2423.63800000	2402.31600000	2412.00800000	2416.91080000	2423.42980000
2862474916.38795996	2410.00600000	2415.17400000	2422.47200000	2433.42200000	2409.19400000	2418.19800000	2404.64600000	2413.56400000	2408.56200000	2416.96200000	2403.22800000	2413.05400000	2433.79600000	2439.32600000	2430.18400000	2428.70600000	2411.61200000	2420.64000000	2404.08800000	2412.18200000	2413.77880000	2421.12280000
2863478260.86956501	2441.06200000	2448.48400000	2431.94600000	2438.13200000	2406.89800000	2418.92000000	2399.12800000	2410.01000000	2422.85000000	2436.79600000	2405.68000000	2420.00600000	2400.41400000	2406.31400000	2413.18600000	2422.92400000	2407.85800000	2420.74800000	2413.35600000	2417.31400000	2414.23780000	2423.96480000
2864481605.35117054	2408.92000000	2422.16200000	2418.53000000	2432.01600000	2404.00000000	2412.95400000	2403.43400000	2414.57800000	2403.48600000	2417.82400000	2398.14600000	2410.09600000	2426.15600000	2439.74600000	2423.80200000	2434.59800000	2411.37800000	2423.44400000	2400.50600000	2415.16200000	2409.83580000	2422.25800000
2865484949.83277607	2418.39200000	2434.63400000	2420.23600000	2432.91400000	2415.99000000	2424.69000000	2412.01000000	2422.27200000	2411.59000000	2424.38400000	2422.68600000	2437.43800000	2409.49800000	2420.21200000	2396.73600000	2408.05800000	2414.73000000	2429.46000000	2423.00600000	2437.92600000	2414.48740000	2427.19880000
2866488294.31438112	2424.06600000	2436.75400000	2432.66400000	2447.28200000	2413.16000000	2422.89800000	2418.22400000	2431.09200000	2414.39000000	2428.27400000	2437.13600000	2447.52800000	2420.94200000	2434.12600000	2401.64800000	2416.83400000	2406.06000000	2416.96200000	2435.89400000	2454.99800000	2420.41840000	2433.67480000
2867491638.79598665	2409.27000000	2420.33000000	2419.35200000	2434.83000000	2409.16000000	2422.35800000	2404.35200000	2418.24600000	2399.76800000	2411.64800000	2403.75000000	2417.29800000	2419.10200000	2431.54200000	2417.30800000	2430.79200000	2411.10800000	2426.11000000	2405.25600000	2414.06800000	2409.84260000	2422.72220000
2868494983.27759218	2407.82800000	2416.91200000	2442.74800000	2455.53600000	2410.05400000	2424.33200000	2401.72200000	2413.27800000	2423.27200000	2435.88000000	2394.69200000	2407.01200000	2410.41400000	2424.36000000	2406.17200000	2422.12200000	2415.59800000	2432.93000000	2393.01200000	2405.43000000	2410.55120000	2423.77920000
2869498327.75919724	2403.89600000	2420.61600000	2443.40800000	2452.87600000	2405.38400000	2417.07000000	2393.15600000	2412.75800000	2421.92800000	2437.35400000	2386.38400000	2407.95200000	2405.70800000	2426.44200000	2406.39800000	2418.99600000	2415.71400000	2434.12800000	2389.18200000	2406.99400000	2407.11580000	2423.51860000
2870501672.24080276	2436.11600000	2448.92600000	2433.21800000	2441.21200000	2398.16200000	2413.81600000	2392.96200000	2406.03600000	2424.94600000	2440.36800000	2398.50000000	2415.13400000	2399.71000000	2410.82200000	2412.29000000	2429.97000000	2399.46200000	2420.79400000	2403.16200000	2412.61200000	2409.85280000	2423.96900000
2871505016.72240782	2405.84600000	2420.69800000	2423.80400000	2435.36400000	2407.92200000	2422.23200000	2395.78200000	2410.63800000	2388.15600000	2400.87200000	2399.82600000	2414.05200000	2406.06400000	2425.29200000	2406.48000000	2426.40400000	2398.36800000	2418.13800000	2401.99400000	2414.29200000	2403.42420000	2418.79820000
2872508361.20401335	2400.84200000	2416.47600000	2424.98800000	2435.56400000	2403.76800000	2415.10200000	2402.45600000	2415.41400000	2403.60800000	2414.86000000	2399.23400000	2418.24400000	2430.52800000	2440.65400000	2418.81400000	2440.30200000	2402.47000000	2419.58600000	2397.52800000	2406.00800000	2408.42360000	2422.22100000
2873511705.68561888	2404.06600000	2416.24800000	2433.10000000	2445.39800000	2404.20200000	2413.72000000	2398.22400000	2411.56200000	2412.60200000	2426.04400000	2408.83000000	2421.94800000	2421.75800000	2435.07200000	2422.39600000	2436.86600000	2399.04400000	2415.14000000	2407.38200000	2424.14600000	2411.16040000	2424.61440000
2874515050.16722393	2423.77800000	2438.57200000	2416.08200000	2426.15400000	2421.72000000	2429.33400000	2400.55400000	2411.03600000	2399.17000000	2411.45000000	2412.22000000	2422.43000000	2400.29400000	2412.29400000	2403.49800000	2414.44600000	2390.67800000	2407.68800000	2408.51000000	2419.35800000	2407.65040000	2419.27620000
2875518394.64882946	2420.55600000	2430.99200000	2413.04800000	2422.25600000	2412.26600000	2423.46400000	2397.14800000	2407.27000000	2391.60000000	2401.78600000	2405.48400000	2421.36200000	2400.73000000	2410.56600000	2396.74400000	2409.32200000	2391.18200000	2401.62600000	2406.21200000	2414.69000000	2403.49700000	2414.33340000
2876521739.13043499	2435.65200000	2445.12800000	2413.69000000	2426.86200000	2404.41600000	2414.21200000	2412.21800000	2424.75400000	2413.54200000	2422.32600000	2422.08000000	2437.82200000	2415.65400000	2425.38600000	2395.28200000	2410.13000000	2393.57000000	2402.72200000	2429.95600000	2440.43400000	2413.60600000	2424.97760000
2877525083.61204004	2443.97800000	2448.42800000	2433.51400000	2443.27400000	2406.08400000	2416.44600000	2396.06200000	2404.72800000	2434.50800000	2444.59800000	2402.32800000	2413.54000000	2404.41800000	2418.28000000	2419.34000000	2428.46400000	2409.05400000	2413.94200000	2405.02600000	2412.17600000	2415.43120000	2424.38760000
2878528428.09364557	2435.14800000	2445.08200000	2422.58000000	2426.60400000	2410.25800000	2419.67400000	2415.42000000	2427.33000000	2420.35000000	2430.15800000	2427.83200000	2438.81000000	2423.45200000	2428.44400000	2402.20200000	2409.24200000	2397.44600000	2399.69800000	2434.28000000	2441.85000000	2418.89680000	2426.68920000
2879531772.57525063	2438.33800000	2441.63800000	2429.48600000	2437.63800000	2422.18000000	2429.56800000	2398.88200000	2408.99200000	2402.54200000	2412.19200000	2429.62800000	2438.23400000	2410.01600000	2419.44400000	2393.23400000	2403.87000000	2404.05600000	2412.01000000	2410.59400000	2413.44000000	2413.89560000	2421.70260000
2880535117.05685616	2414.52400000	2420.82600000	2443.57600000	2448.20800000	2408.23200000	2416.42400000	2409.08200000	2415.31200000	2420.11800000	2425.72800000	2407.89800000	2424.53600000	2427.71600000	2434.08000000	2431.80200000	2440.88400000	2409.14400000	2411.01400000	2417.95800000	2418.18400000	2419.00500000	2425.51960000
2881538461.53846169	2439.72000000	2441.75600000	2429.42000000	2433.61600000	2418.10400000	2425.01800000	2423.48800000	2425.92400000	2423.98600000	2428.83800000	2433.57000000	2438.52400000	2424.55200000	2428.97400000	2406.10200000	2413.93600000	2401.68400000	2406.25600000	2438.35400000	2445.91600000	2423.89800000	2428.87580000
2882541806.02006674	2430.44400000	2432.64000000	2438.75000000	2444.89200000	2423.81000000	2430.42400000	2400.90000000	2405.63800000	2408.08200000	2409.68400000	2437.14800000	2439.58000000	2414.05600000	2419.21800000	2403.58600000	2408.26800000	2404.26800000	2409.60800000	2403.25000000	2407.94800000	2416.42940000	2420.79000000
2883545150.50167227	2431.54600000	2438.59400000	2442.57800000	2449.35600000	2416.75800000	2420.17400000	2410.64800000	2416.63000000	2412.36000000	2413.57400000	2410.50800000	2414.92400000	2411.07200000	2413.39200000	2418.16800000	2419.46600000	2415.52000000	2423.98000000	2402.56000000	2400.89600000	2417.17180000	2421.09860000
2884548494.98327780	2454.07600000	2455.04000000	2439.46800000	2443.20000000	2411.96400000	2416.82000000	2410.48600000	2411.95600000	2433.27000000	2439.97800000	2416.58800000	2420.12600000	2409.74000000	2407.35800000	2426.84400000	2430.67400000	2416.69800000	2422.50400000	2417.08000000	2421.33800000	2423.62140000	2426.89940000
2885551839.46488285	2413.25200000	2411.03400000	2429.32200000	2435.25000000	2414.96000000	2418.16200000	2411.44800000	2412.50600000	2411.32200000	2418.63600000	2410.18000000	2411.35200000	2436.10600000	2437.84600000	2430.51000000	2440.82400000	2421.42200000	2422.98000000	2413.16600000	2415.55600000	2419.16880000	2422.41460000
2886555183.94648838	2447.53000000	2451.24400000	2447.75200000	2446.26600000	2424.25200000	2428.88800000	2415.32400000	2415.35800000	2414.83000000	2419.96000000	2419.54400000	2420.77400000	2434.41000000	2435.62600000	2426.08600000	2432.73000000	2408.82000000	2412.00400000	2405.21200000	2408.72200000	2424.37600000	2427.15720000
2887558528.42809343	2436.00800000	2440.32000000	2440.45600000	2443.22000000	2416.18800000	2414.18200000	2406.78000000	2409.19800000	2427.33800000	2433.38200000	2407.28600000	2412.41200000	2406.03400000	2407.83400000	2419.06800000	2415.71800000	2420.94800000	2422.84800000	2401.01800000	2405.52600000	2418.11240000	2420.46400000
2888561872.90969896	2418.76400000	2423.60400000	2434.06400000	2434.33600000	2418.90600000	2420.29600000	2414.83800000	2418.19200000	2408.57000000	2404.83400000	2418.94400000	2415.75000000	2430.05400000	2433.91400000	2426.83200000	2428.35400000	2421.78400000	2419.72800000	2419.90800000	2417.36400000	2421.26640000	2421.63720000
2889565217.39130449	2449.40000000	2451.21600000	2436.90400000	2441.05200000	2414.64000000	2414.62600000	2404.90400000	2407.53600000	2431.73400000	2440.24600000	2415.59800000	2414.86000000	2408.32600000	2409.98400000	2426.85600000	2426.43800000	2423.36200000	2418.23200000	2418.81200000	2416.25600000	2423.05360000	2424.04460000
2890568561.87290955	2450.08000000	2452.25400000	2443.01200000	2445.41000000	2417.29400000	2416.86400000	2403.32000000	2407.13800000	2442.68400000	2440.24200000	2414.25000000	2415.32800000	2412.81000000	2412.22600000	2429.02200000	2432.34600000	2418.55200000	2418.16400000	2410.31000000	2412.86400000	2424.13340000	2425.28360000
2891571906.35451508	2416.06000000	2413.59000000	2442.30000000	2444.72600000	2420.98600000	2420.06600000	2412.35600000	2414.14400000	2425.93800000	2429.43400000	2406.55600000	2408.08400000	2423.57200000	2424.86000000	2418.64800000	2424.26600000	2410.96000000	2411.95600000	2408.72400000	2406.82600000	2418.61000000	2419.79520000
2892575250.83612061	2421.32000000	2419.75200000	2451.16800000	2457.05800000	2417.74400000	2415.60800000	2410.55800000	2410.31800000	2436.64200000	2436.10400000	2404.06800000	2406.99200000	2423.13200000	2426.04000000	2421.31000000	2419.78400000	2431.40800000	2433.55000000	2406.27600000	2412.32200000	2422.36260000	2423.75280000
2893578595.31772566	2420.91600000	2423.68200000	2450.21600000	2453.02000000	2416.74400000	2417.40000000	2417.60600000	2419.30600000	2422.22800000	2425.62200000	2420.24000000	2420.62600000	2438.24200000	2436.54600000	2438.44600000	2435.79200000	2414.46400000	2419.79600000	2421.65200000	2422.09800000	2426.07540000	2427.38880000
2894581939.79933119	2447.28600000	2443.04200000	2454.68000000	2456.24600000	2432.30800000	2432.47000000	2432.88400000	2430.59200000	2413.39000000	2412.59800000	2412.46600000	2417.93000000	2428.51600000	2426.56200000	2430.63000000	2430.50200000	2409.28000000	2414.16800000	2415.67600000	2414.94000000	2427.71160000	2427.90500000
2895585284.28093624	2448.05800000	2446.25800000	2429.37000000	2430.64400000	2418.66600000	2423.82600000	2425.08200000	2428.06400000	2431.41400000	2428.57200000	2435.73400000	2437.57200000	2430.83000000	2430.56800000	2407.63200000	2409.86400000	2400.34800000	2401.76800000	2439.95800000	2443.05600000	2426.70920000	2428.01920000
2896588628.76254177	2420.00800000	2418.52600000	2446.14400000	2444.40600000	2419.81800000	2417.62800000	2419.90200000	2418.25800000	2421.92400000	2422.75800000	2414.43200000	2419.66200000	2445.77200000	2447.46000000	2444.32400000	2443.54200000	2422.90000000	2424.44600000	2410.95200000	2413.54400000	2426.61760000	2427.02300000
2897591973.24414730	2420.13800000	2421.73000000	2444.21800000	2444.41400000	2424.12400000	2421.25400000	2423.22600000	2418.63400000	2419.25600000	2421.35200000	2417.31200000	2417.84000000	2447.50000000	2448.43600000	2439.88600000	2443.60800000	2423.60000000	2423.34800000	2411.20400000	2408.28800000	2427.04640000	2426.89040000
2898595317.72575235	2438.07200000	2436.26000000	2434.13400000	2433.64400000	2442.35800000	2440.35000000	2426.80800000	2427.20400000	2419.30400000	2423.29000000	2446.34200000	2447.61800000	2422.20400000	2422.97800000	2411.44400000	2412.67400000	2425.97400000	2424.33200000	2432.37000000	2430.73800000	2429.90100000	2429.90880000
2899598662.20735788	2427.85600000	2432.35200000	2433.05600000	2430.85400000	2417.64600000	2417.47000000	2422.21800000	2425.59400000	2426.81200000	2424.09600000	2452.34400000	2452.55600000	2428.96800000	2426.67600000	2416.66000000	2416.05400000	2415.13000000	2415.04400000	2446.25400000	2448.64000000	2428.69440000	2428.93360000
2900602006.68896341	2424.30600000	2421.79600000	2452.76600000	2448.02800000	2422.74400000	2420.79000000	2423.63200000	2419.61800000	2429.38200000	2429.50400000	2419.58000000	2419.55400000	2436.66200000	2437.25800000	2443.42800000	2441.49200000	2411.58000000	2415.26400000	2422.63400000	2419.41800000	2428.67140000	2427.27220000
2901605351.17056847	2431.06400000	2432.26800000	2449.95800000	2451.51400000	2417.05600000	2420.65800000	2406.35000000	2407.53400000	2414.83400000	2409.60000000	2431.63800000	2434.30000000	2416.29600000	2415.87000000	2416.30000000	2415.60400000	2417.87600000	2412.80600000	2401.92000000	2399.27000000	2420.32920000	2419.94240000
2902608695.65217400	2442.27000000	2440.19600000	2426.57600000	2426.83600000	2432.38400000	2434.38800000	2424.00400000	2422.59600000	2414.37600000	2408.18800000	2432.12600000	2431.46800000	2421.14600000	2423.93800000	2420.15400000	2414.10200000	2416.15200000	2411.92400000	2424.19000000	2427.17400000	2425.33780000	2424.08100000
2903612040.13377905	2438.29200000	2441.28400000	2459.66000000	2459.39800000	2425.18400000	2430.28400000	2423.71400000	2425.21200000	2405.37600000	2409.09800000	2418.06400000	2411.09400000	2421.02600000	2421.79000000	2427.70800000	2423.74000000	2403.48000000	2407.39400000	2413.07800000	2408.41200000	2423.55820000	2423.77060000
2904615384.61538458	2447.59200000	2447.90000000	2443.87600000	2443.72800000	2418.36800000	2419.01600000	2409.68400000	2407.77200000	2438.24400000	2432.60600000	2418.81800000	2414.32800000	2412.44600000	2409.65400000	2428.99400000	2426.26600000	2424.68800000	2418.35800000	2410.15000000	2412.89000000	2425.28600000	2423.25180000
2905618729.09699011	2426.98400000	2425.62200000	2434.89200000	2432.95600000	2418.51800000	2417.83000000	2422.04600000	2425.61800000	2423.22600000	2419.55200000	2450.57400000	2448.84600000	2424.08800000	2423.75200000	2412.71200000	2414.44400000	2415.54800000	2417.05200000	2445.69800000	2443.48200000	2427.42860000	2426.91540000
2906622073.57859516	2436.96600000	2435.26000000	2425.41800000	2423.25600000	2429.15200000	2427.61400000	2418.87600000	2412.31000000	2406.48000000	2405.40200000	2428.40800000	2426.89600000	2416.65400000	2417.89400000	2415.33800000	2411.01000000	2405.38600000	2408.63600000	2418.81800000	2418.23600000	2420.14960000	2418.65140000
2907625418.06020069	2419.70200000	2417.64800000	2455.49400000	2455.00800000	2425.65600000	2423.63600000	2421.03200000	2419.48000000	2442.35400000	2441.92600000	2409.68800000	2414.11000000	2423.52600000	2427.65600000	2425.66600000	2423.44000000	2424.17000000	2425.15000000	2413.28200000	2408.55800000	2426.05700000	2425.66120000
2908628762.54180622	2438.85600000	2438.33800000	2442.51200000	2441.33000000	2428.26200000	2427.49200000	2408.82000000	2406.65000000	2413.95200000	2415.73000000	2439.33200000	2438.95200000	2419.76400000	2420.67000000	2406.03400000	2406.51800000	2409.55000000	2410.63000000	2413.11200000	2410.52200000	2422.01940000	2421.68320000
2909632107.02341127	2413.79000000	2418.15800000	2452.90800000	2446.55200000	2423.06200000	2419.30000000	2414.42400000	2410.94400000	2437.82600000	2439.35600000	2409.15800000	2409.06400000	2423.90200000	2421.16800000	2422.08000000	2416.04600000	2427.02400000	2424.64000000	2410.49600000	2406.81200000	2423.46700000	2421.20400000
2910635451.50501680	2440.26400000	2437.41000000	2456.18400000	2450.97200000	2425.95200000	2426.81600000	2437.47800000	2435.19800000	2428.16000000	2429.06800000	2455.51000000	2455.36000000	2440.63000000	2437.40000000	2422.82000000	2421.14200000	2422.09200000	2420.08800000	2457.01200000	2453.03400000	2438.61020000	2436.64880000
2911638795.98662186	2449.82600000	2453.65800000	2427.33400000	2425.85200000	2415.00600000	2417.59000000	2424.78600000	2422.70600000	2424.09400000	2423.52600000	2441.15400000	2439.66400000	2430.12400000	2427.77600000	2409.58000000	2411.30800000	2404.56200000	2406.25000000	2442.68200000	2443.51800000	2426.91480000	2427.18480000
2912642140.46822739	2424.30000000	2422.41800000	2435.75600000	2441.37200000	2430.80000000	2429.70000000	2419.94400000	2414.34400000	2407.92600000	2403.53800000	2419.29800000	2413.94000000	2426.53800000	2422.38600000	2427.50400000	2426.28400000	2418.72400000	2415.14800000	2422.15400000	2417.94000000	2423.29440000	2420.70700000
2913645484.94983292	2442.53600000	2442.41800000	2462.13800000	2460.13400000	2432.11000000	2431.71000000	2426.02800000	2425.16800000	2410.80000000	2410.55800000	2415.81000000	2411.60800000	2427.63200000	2424.98200000	2428.81000000	2429.06600000	2413.11000000	2405.03600000	2413.86000000	2413.58600000	2427.28340000	2425.42660000
2914648829.43143797	2438.24400000	2443.51600000	2430.90000000	2435.06800000	2434.00400000	2432.98600000	2418.95800000	2420.95200000	2411.94800000	2410.83200000	2428.56600000	2425.74800000	2420.46400000	2418.62000000	2419.42400000	2421.01600000	2411.04000000	2407.26600000	2418.64800000	2422.99600000	2423.21960000	2423.90000000
2915652173.91304350	2439.78200000	2436.76800000	2423.64800000	2427.92400000	2435.23200000	2435.46200000	2416.11800000	2417.02200000	2409.95400000	2407.90600000	2438.70000000	2434.07800000	2426.07400000	2425.26400000	2408.77200000	2406.31000000	2410.60000000	2413.35200000	2416.35200000	2415.33200000	2422.52320000	2421.94180000
2916655518.39464903	2420.18000000	2416.75600000	2447.26800000	2449.42200000	2415.42400000	2416.13800000	2404.35200000	2408.33800000	2432.54400000	2433.63600000	2400.69200000	2399.85000000	2419.78400000	2421.18600000	2414.09000000	2415.65400000	2422.49600000	2424.49400000	2409.18200000	2401.84400000	2418.60120000	2418.73180000
2917658862.87625408	2431.99000000	2430.70200000	2436.39400000	2427.14000000	2415.90800000	2415.10200000	2416.07800000	2416.01400000	2423.55800000	2429.39400000	2449.30000000	2446.80200000	2428.32000000	2423.27600000	2409.05000000	2408.08600000	2427.12200000	2426.71600000	2443.39400000	2441.38800000	2428.11140000	2426.46200000
2918662207.35785961	2446.79200000	2445.83400000	2458.38400000	2457.04400000	2431.56000000	2431.27600000	2428.08400000	2428.05000000	2414.23400000	2411.21800000	2414.57400000	2419.55600000	2426.63200000	2431.36200000	2427.65400000	2432.71400000	2407.76800000	2407.83400000	2417.50600000	2419.24800000	2427.31880000	2428.41360000
2919665551.83946514	2450.95600000	2447.43000000	2440.20200000	2435.89800000	2421.05000000	2425.89400000	2409.38600000	2413.49000000	2437.02000000	2439.64200000	2422.39200000	2420.42200000	2419.08400000	2413.81800000	2428.58000000	2428.17000000	2422.43000000	2421.77800000	2416.84400000	2415.46200000	2426.79440000	2426.20040000
2920668896.32107019	2414.46600000	2417.00200000	2431.77800000	2429.93000000	2414.35000000	2412.31000000	2416.96000000	2414.58000000	2416.87800000	2412.79800000	2414.96600000	2413.40800000	2440.50600000	2437.91000000	2433.47000000	2427.81600000	2419.21400000	2426.87000000	2416.37600000	2412.00400000	2421.89640000	2420.46280000
2921672240.80267572	2421.16600000	2416.70400000	2451.15200000	2446.50200000	2428.43200000	2428.01800000	2423.65400000	2423.12400000	2440.32400000	2441.28000000	2413.43400000	2415.43200000	2431.16800000	2428.06400000	2428.16800000	2425.77000000	2419.01200000	2422.37000000	2413.44200000	2412.96200000	2426.99520000	2426.02260000
2922675585.28428078	2420.84400000	2413.05400000	2448.58400000	2443.78400000	2424.15800000	2422.81600000	2418.32000000	2418.29400000	2434.53000000	2435.23000000	2410.63800000	2409.14600000	2427.32000000	2425.72200000	2421.98200000	2425.77000000	2414.41000000	2411.39600000	2410.90800000	2414.94000000	2423.16940000	2422.01520000
2923678929.76588631	2416.50000000	2418.55600000	2446.75000000	2448.58400000	2425.63200000	2423.41800000	2414.35800000	2416.55400000	2428.52400000	2424.30400000	2415.81600000	2414.62600000	2431.33200000	2427.37400000	2433.12200000	2433.17200000	2418.14600000	2415.49600000	2417.66800000	2417.73800000	2424.78480000	2423.98220000
2924682274.24749184	2427.39600000	2426.21400000	2427.49400000	2426.80200000	2414.60600000	2407.18200000	2412.70000000	2413.61400000	2422.40800000	2419.55000000	2443.00000000	2444.02800000	2421.89400000	2421.28600000	2405.05200000	2408.61600000	2425.89400000	2423.61200000	2438.11200000	2440.59800000	2423.85560000	2423.15020000
2925685618.72909689	2435.85600000	2439.17400000	2434.58400000	2432.57600000	2431.77400000	2429.91200000	2429.03800000	2424.44800000	2427.48600000	2423.91800000	2442.49000000	2440.70200000	2423.75000000	2427.97800000	2412.44600000	2410.26600000	2427.07800000	2426.19800000	2438.57200000	2432.62600000	2430.30740000	2428.77980000
2926688963.21070242	2421.23000000	2416.93600000	2456.20600000	2450.15000000	2421.93000000	2424.93600000	2412.91000000	2408.53400000	2439.67200000	2437.81800000	2410.19600000	2409.45600000	2425.33800000	2422.52600000	2423.13800000	2426.17200000	2429.72600000	2429.67600000	2413.08000000	2413.30400000	2425.34260000	2423.95080000
2927692307.69230747	2432.84600000	2424.62000000	2427.87400000	2429.43200000	2417.85000000	2417.39800000	2423.18600000	2421.09200000	2427.28600000	2422.09000000	2435.19000000	2437.88000000	2421.52200000	2419.64600000	2407.28000000	2404.36800000	2426.25400000	2422.17400000	2438.04200000	2438.10400000	2425.73300000	2423.68040000
2928695652.17391300	2445.60200000	2441.80600000	2448.55400000	2450.55000000	2426.50600000	2424.33600000	2426.86000000	2425.18800000	2412.67000000	2408.70200000	2419.61200000	2412.48000000	2426.43600000	2425.07600000	2430.98800000	2429.92000000	2409.78600000	2406.76000000	2406.32200000	2405.51400000	2425.33360000	2423.03320000
2929698996.65551853	2435.33000000	2430.18200000	2448.91600000	2445.00400000	2430.06400000	2426.02400000	2407.42400000	2405.24000000	2409.93800000	2415.46800000	2442.30200000	2436.24200000	2422.88400000	2421.80000000	2406.78600000	2407.60000000	2409.01000000	2409.66800000	2406.79400000	2410.76200000	2421.94480000	2420.79900000
2930702341.13712358	2435.44400000	2433.86800000	2450.07600000	2446.80800000	2427.20400000	2429.26800000	2426.84600000	2426.21800000	2406.51200000	2400.48200000	2418.28400000	2417.00400000	2427.76600000	2429.17200000	2428.73600000	2425.45400000	2411.78400000	2409.16200000	2423.08400000	2423.03600000	2425.57360000	2424.04720000
2931705685.61872911	2432.60600000	2432.71000000	2444.26400000	2443.51200000	2428.31200000	2428.29200000	2406.83200000	2406.18000000	2413.74800000	2411.84600000	2447.23600000	2443.49000000	2420.94000000	2421.38200000	2413.76200000	2413.15400000	2416.07000000	2414.87400000	2408.11400000	2412.25400000	2423.18840000	2422.76940000
2932709030.10033464	2436.43800000	2433.70600000	2432.29200000	2430.75800000	2424.04000000	2425.40600000	2427.65800000	2421.94000000	2429.53200000	2420.74200000	2437.58200000	2436.78800000	2424.41200000	2424.46800000	2413.86600000	2411.20400000	2429.60800000	2426.46800000	2442.25000000	2439.43600000	2429.76780000	2427.09160000
2933712374.58193970	2449.97400000	2443.01800000	2432.63400000	2427.14600000	2435.54200000	2432.39600000	2410.33000000	2412.84600000	2412.38000000	2414.39800000	2437.97600000	2440.05800000	2421.72400000	2421.07800000	2404.37000000	2405.60000000	2413.74000000	2409.34000000	2414.21600000	2414.71600000	2423.28860000	2422.05960000
2934715719.06354523	2449.05000000	2446.72200000	2446.75400000	2452.38000000	2420.63200000	2420.14000000	2412.27400000	2411.52800000	2437.89800000	2437.07400000	2421.34000000	2420.89400000	2414.81400000	2412.87200000	2430.84400000	2428.20200000	2425.12400000	2425.34000000	2416.96800000	2412.76800000	2427.56980000	2426.79200000
2935719063.54515076	2442.12000000	2436.96800000	2441.11800000	2436.47800000	2414.54400000	2416.66200000	2411.96600000	2408.03200000	2444.99200000	2442.46000000	2408.74000000	2405.84600000	2428.01400000	2424.56200000	2421.98000000	2424.28800000	2418.45200000	2414.82000000	2407.52800000	2407.15200000	2423.94540000	2421.72680000
2936722408.02675581	2432.45800000	2427.27000000	2443.84000000	2439.98000000	2425.85200000	2425.47000000	2429.16200000	2428.56800000	2430.83600000	2428.81400000	2450.73800000	2450.30800000	2437.82000000	2440.48600000	2424.14000000	2421.41400000	2422.45200000	2422.87200000	2449.13600000	2448.24400000	2434.64340000	2433.34260000
2937725752.50836134	2447.02400000	2437.46800000	2431.00200000	2429.35000000	2433.17200000	2435.72000000	2420.26600000	2416.21800000	2411.42600000	2412.75400000	2433.54400000	2433.03000000	2424.86800000	2421.68400000	2417.38800000	2414.13200000	2418.32000000	2416.56200000	2424.25200000	2426.37400000	2426.12620000	2424.32920000
2938729096.98996639	2444.71800000	2443.09000000	2445.80800000	2449.39200000	2422.92800000	2422.80200000	2415.42000000	2413.09600000	2431.74800000	2431.77200000	2419.00800000	2417.06600000	2415.25000000	2417.41200000	2426.15600000	2427.49400000	2424.39600000	2421.78800000	2410.98000000	2408.23200000	2425.64120000	2425.21440000
2939732441.47157192	2417.25600000	2414.44200000	2440.03200000	2443.04600000	2413.13200000	2410.61800000	2422.83200000	2422.75600000	2422.05000000	2420.72400000	2416.31000000	2411.86600000	2440.53800000	2439.19000000	2437.79600000	2439.53800000	2416.18800000	2415.79000000	2412.58400000	2409.06800000	2423.87180000	2422.70380000
2940735785.95317745	2432.74000000	2429.17800000	2440.84800000	2437.77000000	2425.22400000	2425.18000000	2404.63600000	2403.80600000	2412.13600000	2414.49000000	2441.74800000	2441.36800000	2422.98800000	2419.96200000	2413.06200000	2413.92000000	2409.67400000	2411.60000000	2412.57800000	2409.85600000	2421.56340000	2420.71300000
2941739130.43478251	2425.47400000	2423.30600000	2460.82400000	2458.18600000	2427.72000000	2427.05600000	2416.84600000	2415.96600000	2442.53600000	2441.82600000	2411.35400000	2412.00800000	2430.22000000	2428.65400000	2427.85000000	2426.03000000	2437.33000000	2431.89400000	2414.54600000	2412.70800000	2429.47000000	2427.76340000
2942742474.91638803	2440.39400000	2438.27800000	2453.23800000	2451.87000000	2419.01200000	2422.53400000	2420.09400000	2417.19800000	2417.51600000	2419.78000000	2422.01000000	2420.39800000	2417.86600000	2414.56600000	2424.36600000	2418.13400000	2420.61400000	2422.51800000	2407.37800000	2410.44000000	2424.24880000	2423.57160000
2943745819.39799309	2444.37200000	2446.07400000	2440.21400000	2437.97200000	2450.45200000	2452.30000000	2432.71800000	2426.90000000	2425.03400000	2427.13800000	2449.75000000	2449.59000000	2429.82200000	2427.62000000	2418.18200000	2415.84200000	2429.01800000	2425.24600000	2434.00200000	2433.70800000	2435.35640000	2434.23900000
2944749163.87959862	2439.84200000	2439.41000000	2429.74000000	2431.92400000	2433.22800000	2431.29200000	2420.42400000	2419.76200000	2411.60200000	2409.53600000	2430.13400000	2430.70000000	2422.14800000	2418.92000000	2418.68400000	2413.83600000	2416.66400000	2414.32000000	2423.83600000	2418.03400000	2424.63020000	2422.77340000
2945752508.36120415	2432.95000000	2437.47400000	2452.21200000	2449.71800000	2421.05600000	2421.50800000	2416.38000000	2415.49800000	2417.91400000	2415.40800000	2430.57200000	2428.38000000	2420.14800000	2417.06400000	2421.10600000	2419.04600000	2422.00400000	2420.27600000	2405.94800000	2405.02600000	2424.02900000	2422.93980000
2946755852.84280920	2432.64800000	2432.00200000	2439.93200000	2442.67800000	2424.00400000	2421.73200000	2433.01600000	2433.43600000	2434.81600000	2430.11800000	2455.68800000	2450.74800000	2435.87400000	2438.36000000	2422.02800000	2422.42600000	2421.32000000	2421.51200000	2449.48400000	2449.95000000	2434.88100000	2434.29620000
2947759197.32441473	2447.31600000	2444.61000000	2425.32200000	2423.65400000	2417.36000000	2416.61800000	2421.28400000	2421.57000000	2430.26000000	2424.21200000	2437.82600000	2437.05600000	2426.11200000	2427.48000000	2412.22600000	2408.91400000	2402.97600000	2400.78000000	2439.69800000	2440.04200000	2426.03800000	2424.49360000
2948762541.80602026	2440.69000000	2438.80000000	2452.36400000	2453.67000000	2424.99200000	2424.20400000	2419.29400000	2419.88400000	2420.24000000	2420.17000000	2428.93800000	2427.92600000	2420.85200000	2418.69800000	2421.46200000	2422.91800000	2422.97000000	2425.43200000	2411.89600000	2408.95800000	2426.36980000	2426.06600000
2949765886.28762531	2443.04000000	2437.97000000	2433.96800000	2430.45600000	2436.58400000	2438.89200000	2425.75000000	2425.28400000	2423.66200000	2419.70800000	2434.81400000	2434.46800000	2427.47800000	2423.89800000	2416.30000000	2415.64200000	2418.59600000	2423.71800000	2429.52800000	2427.56600000	2428.97200000	2427.76020000
2950769230.76923084	2442.72200000	2444.78600000	2440.07800000	2440.96800000	2416.39800000	2419.48800000	2409.33400000	2408.66000000	2448.92000000	2443.85600000	2410.88200000	2405.94400000	2423.16200000	2419.27800000	2429.77800000	2425.59200000	2415.66200000	2416.18600000	2410.33000000	2412.78600000	2424.72660000	2423.75440000
2951772575.25083637	2437.14800000	2432.59800000	2429.07600000	2425.18400000	2430.10400000	2430.40600000	2413.14800000	2410.99200000	2408.02400000	2403.97400000	2425.28000000	2423.74000000	2415.58200000	2415.97200000	2413.28800000	2415.96200000	2405.21000000	2408.93200000	2420.46600000	2422.55200000	2419.73260000	2419.03120000
2952775919.73244143	2446.83600000	2445.22200000	2467.23800000	2463.49000000	2432.29800000	2430.77800000	2428.24800000	2429.73800000	2407.60200000	2407.59000000	2420.33600000	2417.38800000	2429.17200000	2432.32600000	2434.99000000	2430.88800000	2410.32200000	2409.15400000	2427.75800000	2424.46800000	2430.48000000	2429.10420000
2953779264.21404696	2425.92400000	2424.66000000	2436.88000000	2436.70600000	2425.56200000	2424.80400000	2420.69400000	2416.19200000	2406.69000000	2409.67400000	2420.74600000	2415.74400000	2429.51000000	2431.18400000	2429.65800000	2431.98000000	2423.38000000	2419.79400000	2423.81600000	2419.03800000	2424.28600000	2422.97760000
2954782608.69565201	2425.55000000	2422.64800000	2460.45200000	2455.19200000	2427.38400000	2421.66200000	2413.34600000	2417.62600000	2444.79000000	2441.39200000	2410.66600000	2406.86400000	2430.21200000	2428.01800000	2424.81000000	2424.60800000	2430.89200000	2432.50600000	2412.57800000	2411.64600000	2428.06800000	2426.21620000
2955785953.17725754	2444.12600000	2441.02200000	2432.90600000	2426.41400000	2431.28600000	2434.52400000	2413.68600000	2414.03400000	2408.98600000	2410.82800000	2436.71000000	2439.38200000	2425.40400000	2426.81600000	2412.12800000	2407.42200000	2415.31400000	2412.79000000	2417.17200000	2414.02600000	2423.77180000	2422.72580000
2956789297.65886307	2444.04000000	2442.82600000	2432.95600000	2432.57000000	2434.48200000	2434.11600000	2413.59600000	2413.85200000	2416.98000000	2416.54400000	2436.94000000	2438.14000000	2428.49000000	2430.71200000	2408.80600000	2408.46400000	2414.10800000	2418.64200000	2416.58000000	2413.16400000	2424.69780000	2424.90300000
2957792642.14046812	2435.62600000	2428.66200000	2438.22600000	2437.58800000	2422.76800000	2424.93600000	2430.37000000	2430.17200000	2427.14200000	2428.19600000	2453.58200000	2447.65600000	2437.08400000	2431.13800000	2422.85400000	2419.66800000	2420.30800000	2422.53400000	2450.17400000	2450.42800000	2433.81340000	2432.09780000
2958795986.62207365	2439.44800000	2437.91400000	2447.17200000	2446.26800000	2420.03200000	2418.32400000	2415.20400000	2413.37400000	2431.79000000	2427.75600000	2419.61600000	2411.06400000	2417.70800000	2412.73600000	2427.54000000	2423.50600000	2423.33400000	2423.40400000	2411.92400000	2405.09400000	2425.37680000	2421.94400000
2959799331.10367870	2435.21400000	2437.82000000	2439.37600000	2437.44000000	2421.61800000	2419.74200000	2428.87200000	2428.32600000	2425.95600000	2424.40000000	2439.67400000	2440.31800000	2431.56600000	2433.22200000	2412.95200000	2409.24400000	2404.66200000	2406.69000000	2442.16800000	2444.68400000	2428.20580000	2428.18860000
2960802675.58528423	2442.95600000	2444.00200000	2438.39400000	2438.47600000	2423.23400000	2422.62600000	2431.88800000	2431.49400000	2428.55600000	2429.45600000	2442.20400000	2440.53800000	2433.56200000	2429.90400000	2418.47600000	2410.85000000	2408.71800000	2400.82400000	2448.11200000	2446.66600000	2431.61000000	2429.48360000
2961806020.06688976	2434.82800000	2436.60200000	2443.94800000	2446.17600000	2424.10400000	2419.86800000	2433.09400000	2433.73200000	2432.30600000	2428.72000000	2457.62400000	2451.00400000	2439.98400000	2432.74000000	2420.52200000	2418.22400000	2422.40400000	2421.31200000	2453.13600000	2450.87600000	2436.19500000	2433.92540000
2962809364.54849482	2438.41000000	2436.61800000	2446.14800000	2439.55200000	2421.92600000	2418.70000000	2425.17400000	2427.59800000	2422.47600000	2422.72200000	2444.75600000	2441.13400000	2430.96400000	2433.73200000	2417.62000000	2417.27600000	2407.50600000	2401.27200000	2448.92400000	2448.69600000	2430.39040000	2428.73000000
2963812709.03010035	2458.05400000	2455.39200000	2443.68800000	2442.02800000	2417.83600000	2413.95600000	2412.13400000	2409.81400000	2442.27800000	2440.34600000	2418.04800000	2419.83200000	2411.39200000	2407.65200000	2432.53000000	2433.83800000	2421.32400000	2419.93000000	2420.01200000	2416.73600000	2427.72960000	2425.95240000
2964816053.51170588	2423.43800000	2421.93000000	2442.34800000	2442.13400000	2422.77000000	2420.32200000	2419.24800000	2424.16200000	2422.24800000	2419.60400000	2420.30600000	2416.25800000	2448.76400000	2445.47800000	2440.86600000	2437.57200000	2423.89200000	2424.58000000	2413.12800000	2410.01200000	2427.70080000	2426.20520000
2965819397.99331093	2423.28600000	2418.38400000	2447.20000000	2450.74600000	2420.30600000	2418.65800000	2429.32200000	2426.71400000	2434.30600000	2429.43400000	2419.96000000	2418.99000000	2444.52800000	2445.43800000	2444.29000000	2444.21800000	2422.62600000	2421.43800000	2419.52200000	2419.62600000	2430.53460000	2429.36460000
2966822742.47491646	2426.96000000	2425.52200000	2456.55600000	2454.95000000	2422.13800000	2424.74600000	2425.53600000	2423.45800000	2436.90000000	2436.59600000	2434.00000000	2428.49800000	2447.00800000	2448.83200000	2448.08000000	2446.51400000	2420.03600000	2423.42600000	2430.22000000	2428.60200000	2434.74340000	2434.11440000
2967826086.95652199	2429.07400000	2428.98400000	2444.04000000	2444.67000000	2415.77000000	2420.06400000	2413.71600000	2415.63800000	2448.72000000	2444.29800000	2402.09200000	2400.05200000	2432.37200000	2432.72000000	2419.75400000	2417.70000000	2421.16000000	2420.67000000	2408.27800000	2401.02400000	2423.49760000	2422.58200000
2968829431.43812704	2449.04800000	2449.21400000	2455.31000000	2455.16800000	2426.94000000	2426.43200000	2426.98800000	2423.95600000	2421.62400000	2418.05000000	2425.13000000	2419.04400000	2435.20800000	2434.42400000	2436.92000000	2428.09200000	2413.17200000	2414.01400000	2412.83600000	2408.08800000	2430.31760000	2427.64820000
2969832775.91973257	2448.33000000	2448.73600000	2465.82800000	2464.20000000	2435.51600000	2433.12600000	2433.55000000	2433.72400000	2416.70800000	2415.63000000	2420.66800000	2422.91800000	2434.70000000	2439.31800000	2439.66800000	2435.01000000	2419.47000000	2414.59400000	2425.11000000	2426.48600000	2433.95480000	2433.37420000
2970836120.40133762	2425.57000000	2422.92000000	2436.45800000	2433.24600000	2420.83800000	2417.24800000	2418.87400000	2414.05200000	2421.33600000	2423.82200000	2414.64400000	2415.99800000	2444.74600000	2438.69600000	2435.22800000	2439.82200000	2429.31200000	2426.27600000	2418.39800000	2413.61200000	2426.54040000	2424.56920000
2971839464.88294315	2435.85000000	2436.70400000	2448.80400000	2449.42200000	2435.13000000	2432.34600000	2409.85400000	2407.95400000	2416.92200000	2413.56800000	2442.08800000	2441.32200000	2425.38800000	2428.24000000	2411.41600000	2410.50000000	2416.56800000	2411.30600000	2412.17400000	2410.47200000	2425.41940000	2424.18340000
2972842809.36454868	2454.40000000	2456.76800000	2442.78200000	2442.99200000	2421.60400000	2424.67400000	2413.97600000	2410.85200000	2439.90800000	2438.73600000	2422.43200000	2422.63200000	2414.61200000	2414.11400000	2428.26000000	2427.81000000	2422.23200000	2424.79400000	2420.27000000	2421.04000000	2428.04760000	2428.44120000
2973846153.84615374	2420.89800000	2419.81600000	2450.76000000	2443.32600000	2419.09400000	2421.31200000	2422.27000000	2420.62200000	2427.12200000	2425.09800000	2414.77400000	2417.79000000	2449.85400000	2447.70200000	2446.15200000	2443.97000000	2423.58200000	2425.57600000	2417.30600000	2417.08400000	2429.18120000	2428.22960000
2974849498.32775927	2456.64400000	2453.66800000	2443.33000000	2448.63400000	2427.31600000	2426.24400000	2412.87000000	2411.73800000	2448.49600000	2441.53200000	2425.39400000	2425.91000000	2420.37200000	2417.30000000	2433.51600000	2434.17000000	2425.25000000	2422.17400000	2417.18000000	2421.56600000	2431.03680000	2430.29360000
2975852842.80936432	2435.50200000	2434.09000000	2450.81000000	2448.56200000	2420.86200000	2420.58200000	2414.02400000	2413.07600000	2446.90800000	2442.66200000	2408.45400000	2401.58800000	2431.78800000	2429.43400000	2421.23200000	2420.70000000	2427.48600000	2422.51400000	2406.99400000	2407.12400000	2426.40600000	2424.03320000
2976856187.29096985	2417.81200000	2417.41800000	2452.77800000	2445.50800000	2419.20400000	2417.86400000	2421.37400000	2416.00400000	2430.38800000	2427.07000000	2419.36800000	2415.91200000	2444.89000000	2440.94000000	2438.30400000	2437.39400000	2415.87600000	2417.14800000	2418.10400000	2418.59600000	2427.80980000	2425.38540000
2977859531.77257538	2423.91800000	2420.72800000	2437.06400000	2439.45200000	2421.08200000	2423.92200000	2418.08400000	2416.83600000	2425.24800000	2418.26800000	2415.45800000	2414.96400000	2446.54000000	2444.63000000	2438.61000000	2437.54800000	2425.45200000	2426.11800000	2417.18600000	2411.84200000	2426.86420000	2425.43080000
2978862876.25418043	2437.95000000	2437.09600000	2435.60200000	2434.39200000	2444.31400000	2442.72400000	2427.35800000	2427.76200000	2421.58600000	2421.63000000	2448.82400000	2446.04000000	2424.93200000	2417.94000000	2410.29600000	2410.87400000	2424.24200000	2427.47000000	2433.95400000	2431.34400000	2430.90580000	2429.72720000
2979866220.73578596	2431.40800000	2432.78200000	2435.46000000	2431.34400000	2420.64400000	2420.88600000	2426.85000000	2427.85800000	2427.15000000	2430.30400000	2450.63000000	2452.34000000	2430.92400000	2432.81200000	2422.32800000	2416.76800000	2423.60600000	2415.63400000	2451.12600000	2449.64600000	2432.01260000	2431.03740000
2980869565.21739149	2444.41800000	2441.62200000	2460.29800000	2457.38400000	2428.94000000	2429.78800000	2430.93600000	2432.73600000	2410.95600000	2407.57200000	2419.28600000	2419.06800000	2430.34600000	2425.45400000	2435.90000000	2429.13800000	2412.31400000	2412.95200000	2426.87200000	2425.74200000	2430.02660000	2428.14560000
2981872909.69899654	2420.79600000	2422.72200000	2447.06600000	2442.83000000	2417.15200000	2418.73600000	2426.38800000	2425.63800000	2424.92600000	2424.41800000	2416.77400000	2415.89800000	2446.82400000	2444.30400000	2443.66400000	2442.53200000	2427.36800000	2418.44200000	2416.00600000	2418.89200000	2428.69640000	2427.44120000
2982876254.18060207	2447.18600000	2443.16600000	2433.30400000	2434.29400000	2435.30400000	2437.52200000	2420.52600000	2419.43400000	2416.61800000	2416.23000000	2437.71400000	2431.82000000	2424.59800000	2426.59800000	2424.95800000	2420.26400000	2416.44600000	2411.24200000	2426.97200000	2426.56600000	2428.36260000	2426.71360000
2983879598.66220760	2431.81400000	2427.84200000	2442.49000000	2440.51800000	2415.24400000	2416.31800000	2418.58400000	2417.03000000	2445.52000000	2442.32400000	2403.71400000	2398.03200000	2433.16200000	2428.07000000	2421.63400000	2419.03600000	2422.08200000	2420.01000000	2405.65000000	2405.41000000	2423.98940000	2421.45900000
2984882943.14381266	2424.84000000	2422.70600000	2449.97200000	2449.51600000	2428.28600000	2424.01800000	2421.27600000	2420.49800000	2434.87200000	2431.63200000	2409.14000000	2407.99600000	2429.78200000	2423.71200000	2428.70800000	2428.21600000	2420.03200000	2412.77200000	2415.46800000	2415.12600000	2426.23760000	2423.61920000
2985886287.62541819	2441.81600000	2442.96200000	2434.64800000	2434.76800000	2449.66400000	2442.69400000	2427.89800000	2428.45600000	2421.59800000	2423.94600000	2444.58400000	2439.64600000	2424.37800000	2424.85800000	2417.78400000	2421.19400000	2423.92000000	2421.67800000	2431.56000000	2430.62000000	2431.78500000	2431.08220000
2986889632.10702324	2419.30600000	2419.75400000	2447.94800000	2447.80400000	2423.71000000	2422.80200000	2428.08800000	2419.87400000	2438.98200000	2440.04600000	2413.84200000	2412.44600000	2426.50400000	2423.45800000	2422.20400000	2422.82800000	2420.84800000	2416.97400000	2411.81400000	2407.32600000	2425.32460000	2423.33120000
2987892976.58862877	2447.25200000	2446.58800000	2437.02200000	2437.02800000	2451.80000000	2445.46400000	2431.62800000	2429.99600000	2427.71200000	2425.81400000	2453.89400000	2449.23200000	2429.09400000	2426.25200000	2420.16200000	2420.72200000	2427.20400000	2430.33800000	2433.47000000	2431.13400000	2435.92380000	2434.25680000
2988896321.07023430	2445.71800000	2443.91200000	2436.18600000	2436.62600000	2436.36200000	2434.71400000	2412.24800000	2412.00000000	2415.20800000	2414.35800000	2440.12200000	2437.81000000	2421.63400000	2420.86200000	2409.14800000	2402.06800000	2415.57400000	2417.18600000	2419.11200000	2418.19600000	2425.13120000	2423.77320000
2989899665.55183935	2434.63200000	2438.03400000	2436.19400000	2433.38600000	2414.81800000	2414.40800000	2414.29600000	2410.98600000	2442.95800000	2446.05800000	2401.50400000	2399.87000000	2428.09000000	2422.59000000	2425.09200000	2416.21800000	2418.02000000	2415.11600000	2404.95200000	2404.60800000	2422.05560000	2420.12740000
2990903010.03344488	2447.54800000	2447.76400000	2464.43400000	2462.64200000	2434.23200000	2430.14400000	2431.51400000	2430.74000000	2414.68000000	2408.87400000	2418.92800000	2416.86200000	2433.09400000	2426.05000000	2430.83800000	2431.64400000	2414.03200000	2407.62200000	2423.65200000	2425.80600000	2431.29520000	2428.81480000
2991906354.51504993	2433.44400000	2425.40600000	2446.45600000	2445.74800000	2421.93800000	2419.34000000	2414.43000000	2412.19400000	2443.44600000	2441.07800000	2399.12600000	2402.92800000	2427.40800000	2424.57600000	2414.33200000	2415.61800000	2421.86800000	2421.56400000	2407.15200000	2408.09200000	2422.96000000	2421.65440000
2992909698.99665546	2448.47800000	2448.59400000	2445.93400000	2440.68800000	2418.51200000	2410.41000000	2405.84000000	2402.44400000	2443.70800000	2443.44800000	2416.75000000	2409.06600000	2420.66000000	2417.83200000	2431.41800000	2427.92200000	2417.28200000	2413.10200000	2407.51000000	2406.98800000	2425.60920000	2422.04940000
2993913043.47826099	2433.57400000	2426.25000000	2445.72400000	2443.48800000	2420.35400000	2423.85000000	2421.71800000	2412.82800000	2452.44400000	2451.57600000	2397.93400000	2398.80400000	2433.79000000	2434.32200000	2427.67600000	2423.75800000	2424.48600000	2421.50200000	2407.10200000	2403.16200000	2426.48020000	2423.95400000
2994916387.95986605	2438.45600000	2439.38600000	2427.04000000	2423.66600000	2431.03400000	2429.16200000	2417.52800000	2416.88800000	2408.54800000	2406.35000000	2432.84600000	2430.89000000	2420.77400000	2420.63800000	2412.70400000	2408.17400000	2410.84800000	2413.05800000	2418.35800000	2416.51800000	2421.81360000	2420.47300000
2995919732.44147158	2432.48600000	2436.15000000	2445.52400000	2446.45400000	2434.44600000	2431.94000000	2424.63200000	2418.54400000	2405.15400000	2401.89600000	2414.83400000	2416.05600000	2427.80800000	2425.70800000	2423.24400000	2421.97200000	2412.92200000	2410.88400000	2422.91200000	2422.45600000	2424.39620000	2423.20600000
2996923076.92307711	2450.52000000	2448.15000000	2469.18000000	2467.11200000	2435.80000000	2435.14600000	2434.56200000	2437.27200000	2419.97400000	2411.55400000	2421.33000000	2417.54600000	2434.37400000	2432.16600000	2436.25800000	2436.86800000	2417.53400000	2417.59400000	2429.76800000	2428.29000000	2434.93000000	2433.16980000
2997926421.40468216	2425.09800000	2424.03400000	2438.39000000	2439.30400000	2425.01200000	2423.55200000	2420.59200000	2421.45400000	2416.55200000	2415.95600000	2419.52800000	2418.92000000	2439.53600000	2435.60400000	2435.61200000	2430.95200000	2424.13000000	2424.04000000	2420.86000000	2418.20800000	2426.53100000	2425.20240000
2998929765.88628769	2445.87200000	2445.96200000	2453.67800000	2453.52000000	2429.46600000	2431.06800000	2431.13600000	2430.08400000	2421.20800000	2411.99800000	2423.67200000	2418.44000000	2428.78800000	2427.11800000	2430.52000000	2433.84600000	2416.83000000	2416.70200000	2415.37400000	2413.02600000	2429.65440000	2428.17640000
2999933110.36789322	2422.58200000	2422.08800000	2458.41400000	2452.84000000	2419.36200000	2420.58800000	2420.91400000	2426.73600000	2433.07600000	2431.87200000	2427.45000000	2426.15400000	2452.17600000	2449.56000000	2445.03600000	2443.65400000	2421.54400000	2421.97200000	2424.60800000	2424.11400000	2432.51620000	2431.95780000
3000936454.84949827	2433.71200000	2431.66800000	2450.41800000	2445.00200000	2436.74800000	2437.28400000	2428.79600000	2427.06400000	2410.98200000	2407.84000000	2421.86800000	2416.74600000	2428.96400000	2425.73600000	2427.77200000	2427.74000000	2423.64800000	2419.10200000	2426.83800000	2428.47200000	2428.97460000	2426.66540000
3001939799.33110380	2430.79000000	2430.55200000	2434.60200000	2432.82200000	2418.55200000	2415.97800000	2427.89800000	2427.54600000	2426.78400000	2423.48400000	2449.78200000	2456.09400000	2431.00600000	2425.82200000	2417.93000000	2412.43800000	2419.83200000	2420.43600000	2448.73000000	2450.26600000	2430.59060000	2429.54380000
3002943143.81270885	2439.95200000	2441.77800000	2441.11600000	2440.49800000	2419.04400000	2414.76400000	2409.35000000	2414.38200000	2446.37400000	2447.45200000	2407.53000000	2407.84000000	2430.81600000	2429.51400000	2426.40200000	2425.32200000	2418.44600000	2414.62400000	2412.18400000	2406.72600000	2425.12140000	2424.29000000
3003946488.29431438	2458.29000000	2451.06200000	2431.87600000	2431.01200000	2419.10200000	2418.72000000	2425.86400000	2422.63200000	2425.38000000	2425.19600000	2442.96600000	2441.95400000	2435.06400000	2431.96800000	2417.17000000	2412.65600000	2412.45200000	2410.99400000	2446.92400000	2445.22200000	2431.50880000	2429.14160000
3004949832.77591991	2427.48800000	2427.49800000	2458.53400000	2457.77200000	2423.90200000	2422.65000000	2423.26400000	2421.37800000	2432.87400000	2434.53800000	2428.09400000	2428.75800000	2448.75000000	2449.14200000	2449.30800000	2446.04800000	2426.03800000	2422.15000000	2430.64000000	2429.96800000	2434.88920000	2433.99020000
3005953177.25752497	2446.41400000	2444.33800000	2436.36000000	2433.85800000	2446.97000000	2448.39600000	2429.10000000	2429.01200000	2427.26200000	2427.52200000	2445.66800000	2444.99200000	2426.49800000	2423.34800000	2419.28600000	2418.88800000	2431.40600000	2426.85800000	2428.33400000	2431.56000000	2433.72980000	2432.87720000
3006956521.73913050	2424.41400000	2422.30800000	2450.29200000	2453.67400000	2420.09000000	2416.20000000	2422.89800000	2422.12800000	2431.83400000	2434.37200000	2424.14000000	2423.50400000	2444.35000000	2443.04200000	2443.65400000	2441.65600000	2421.93600000	2418.46200000	2423.85600000	2427.93800000	2430.74640000	2430.32840000
3007959866.22073555	2440.11200000	2436.39200000	2430.33600000	2428.25400000	2435.76400000	2433.84800000	2411.47600000	2413.18200000	2411.06000000	2407.66400000	2434.15400000	2435.65800000	2419.69000000	2419.44200000	2406.62400000	2403.06000000	2414.40200000	2417.55000000	2414.94000000	2413.32800000	2421.85580000	2420.83780000
3008963210.70234108	2449.42800000	2445.00400000	2466.03800000	2466.84400000	2435.85600000	2426.53400000	2431.83800000	2426.99600000	2416.45200000	2414.07400000	2422.96200000	2419.95000000	2428.53400000	2428.17600000	2433.29000000	2426.35800000	2413.39000000	2408.99000000	2419.01800000	2420.01800000	2431.68060000	2428.29440000
3009966555.18394661	2441.41400000	2439.29400000	2440.55600000	2434.52000000	2433.83200000	2430.44600000	2430.91400000	2430.38000000	2430.25600000	2427.83400000	2445.02400000	2442.03200000	2429.37600000	2428.81000000	2416.60200000	2414.52200000	2433.64600000	2430.09800000	2440.55800000	2437.60400000	2434.21780000	2431.55400000
3010969899.66555166	2449.29800000	2441.54200000	2437.66800000	2438.85400000	2432.03800000	2428.36400000	2408.37600000	2405.12600000	2410.61400000	2413.72400000	2437.53400000	2437.51000000	2420.89200000	2415.99800000	2401.12200000	2403.88400000	2416.37400000	2410.03200000	2416.31400000	2415.07400000	2423.02300000	2421.01080000
3011973244.14715719	2455.48600000	2452.01800000	2462.29200000	2455.23600000	2438.27800000	2435.99800000	2425.52600000	2419.80200000	2428.06000000	2426.02800000	2430.66200000	2430.82800000	2443.84600000	2444.93800000	2436.63400000	2434.75600000	2419.85000000	2415.51000000	2417.12000000	2415.63400000	2435.77540000	2433.07480000
3012976588.62876272	2442.36000000	2440.52000000	2433.87600000	2435.41400000	2432.70400000	2434.10000000	2427.67800000	2426.16600000	2424.40600000	2421.33200000	2446.30000000	2442.59200000	2425.75600000	2423.53000000	2411.95400000	2410.30400000	2425.27200000	2425.29200000	2434.31400000	2434.79200000	2430.46200000	2429.40420000
3013979933.11036777	2448.72400000	2448.25400000	2451.07000000	2447.08800000	2430.62200000	2428.02400000	2421.96400000	2419.10200000	2419.26000000	2416.72600000	2423.79400000	2421.26200000	2441.16000000	2439.38600000	2431.52200000	2433.48600000	2411.43000000	2406.98200000	2410.25600000	2412.28400000	2428.98020000	2427.25940000
3014983277.59197330	2440.20400000	2430.25800000	2443.05000000	2447.81200000	2422.30800000	2419.69400000	2413.78600000	2413.59800000	2421.22800000	2420.69400000	2419.09400000	2411.38400000	2413.55600000	2414.49000000	2424.15200000	2418.56800000	2417.78600000	2419.16800000	2407.33000000	2406.22400000	2422.24940000	2420.18900000
3015986622.07357883	2435.93800000	2439.74400000	2438.45800000	2442.63600000	2416.30400000	2418.82000000	2412.28400000	2409.35600000	2448.05800000	2447.63400000	2410.02000000	2411.08800000	2429.32800000	2426.00000000	2432.19400000	2426.17400000	2421.52600000	2414.80000000	2414.24000000	2411.17200000	2425.83500000	2424.74240000
3016989966.55518389	2448.89400000	2444.93400000	2437.33000000	2430.98600000	2440.37600000	2437.72600000	2425.37200000	2424.27400000	2418.40400000	2415.80000000	2439.33200000	2432.56200000	2426.00400000	2425.61000000	2425.04800000	2420.78600000	2420.97000000	2412.96200000	2427.81600000	2426.35600000	2430.95460000	2427.19960000
3017993311.03678942	2442.15800000	2442.08600000	2429.06000000	2431.05200000	2436.02800000	2437.11400000	2415.85000000	2414.73800000	2414.52800000	2413.30800000	2439.19000000	2436.97200000	2429.67600000	2425.74200000	2408.45000000	2411.08600000	2418.97200000	2416.49600000	2417.28400000	2417.91000000	2425.11960000	2424.65040000
3018996655.51839447	2426.30800000	2423.26400000	2437.50000000	2435.73600000	2417.48600000	2409.90400000	2421.28400000	2418.09400000	2422.03800000	2423.35200000	2445.90800000	2448.81800000	2423.64400000	2420.97400000	2412.65400000	2412.59800000	2419.85800000	2414.22400000	2443.28200000	2443.06800000	2426.99620000	2425.00320000
3020000000.00000000	2436.76800000	2435.18800000	2450.44600000	2447.97600000	2423.74800000	2423.72000000	2435.01800000	2429.70200000	2431.53000000	2428.86000000	2452.03800000	2450.07600000	2436.12800000	2440.06400000	2422.15400000	2420.76000000	2426.58000000	2419.76200000	2459.23400000	2454.64800000	2437.36440000	2435.07560000
