freq	PL_sig1	PL_ref1	PL_sig2	PL_ref2	PL_sig3	PL_ref3	PL_sig4	PL_ref4	PL_sig5	PL_ref5	PL_sig6	PL_ref6	PL_sig7	PL_ref7	PL_sig8	PL_ref8	PL_sig9	PL_ref9	PL_sig10	PL_ref10	avgPL_sig	avgPL_ref
2720000000.00000000	2576.20000000	2574.57400000	2575.76400000	2577.05800000	2565.99400000	2562.24600000	2574.33800000	2572.13600000	2549.17000000	2548.00000000	2559.22200000	2556.27000000	2559.96600000	2559.68800000	2538.89600000	2537.19400000	2590.29800000	2585.10000000	2570.66600000	2571.84000000	2566.05140000	2564.41060000
2721003344.48160553	2582.83000000	2582.83200000	2546.55800000	2538.50200000	2621.48000000	2617.34200000	2563.71000000	2562.14800000	2625.03000000	2622.86400000	2556.96600000	2557.39400000	2563.29600000	2562.05000000	2538.11000000	2540.56600000	2557.06600000	2552.95000000	2602.44400000	2605.69200000	2575.74900000	2574.23400000
2722006688.96321058	2567.02600000	2565.29000000	2563.01200000	2562.27600000	2565.31400000	2561.92000000	2556.16400000	2554.55600000	2556.90200000	2551.11600000	2534.25600000	2531.88800000	2555.66800000	2545.12600000	2569.01000000	2568.17200000	2609.32000000	2605.37800000	2554.06800000	2552.42200000	2563.07400000	2559.81440000
2723010033.44481611	2628.92200000	2632.68000000	2558.94000000	2554.80800000	2587.20000000	2585.49600000	2549.04800000	2545.80600000	2589.54600000	2588.55200000	2567.56400000	2567.79000000	2575.28000000	2571.85000000	2567.92400000	2564.05400000	2624.29200000	2619.12000000	2640.35800000	2637.10400000	2588.90740000	2586.72600000
2724013377.92642164	2577.29600000	2573.76000000	2573.70000000	2576.20600000	2585.37800000	2581.88200000	2596.73800000	2600.29800000	2578.07200000	2579.97400000	2569.98400000	2569.51800000	2620.88800000	2617.00800000	2594.38000000	2592.41200000	2554.87400000	2555.02600000	2585.45200000	2586.84600000	2583.67620000	2583.29300000
2725016722.40802670	2573.44200000	2567.80000000	2577.87800000	2581.46200000	2560.66600000	2560.41600000	2572.04800000	2564.56800000	2549.80800000	2547.91600000	2559.95200000	2557.59600000	2560.12600000	2559.60200000	2539.49200000	2536.23600000	2591.23600000	2594.53400000	2570.57600000	2565.68400000	2565.52240000	2563.58140000
2726020066.88963223	2637.58600000	2635.33400000	2559.88000000	2558.46400000	2574.68800000	2573.02800000	2564.33800000	2558.13000000	2583.00600000	2580.93600000	2568.37000000	2565.17000000	2585.13600000	2582.81800000	2570.71200000	2565.23600000	2631.00400000	2627.70000000	2633.87400000	2636.84800000	2590.85940000	2588.36640000
2727023411.37123728	2568.48400000	2567.00200000	2556.63800000	2555.54400000	2566.13400000	2568.12000000	2610.36200000	2611.25400000	2549.13000000	2551.13000000	2552.19200000	2546.65800000	2563.64200000	2562.69600000	2570.15400000	2572.45400000	2562.99200000	2558.37400000	2563.66200000	2559.37000000	2566.33900000	2565.26020000
2728026755.85284281	2561.30600000	2564.93800000	2570.96800000	2564.27600000	2568.98600000	2563.08000000	2560.05200000	2555.94600000	2551.69000000	2546.93800000	2541.91400000	2534.00800000	2550.87800000	2549.79600000	2571.76600000	2571.62600000	2606.35200000	2610.01400000	2556.60200000	2554.48400000	2564.05140000	2561.51060000
2729030100.33444834	2560.11400000	2557.41200000	2577.42000000	2569.17600000	2547.98600000	2542.07600000	2555.15400000	2548.26800000	2558.45000000	2560.63600000	2533.80000000	2536.44000000	2570.25600000	2572.37200000	2547.38000000	2544.58800000	2593.43400000	2596.44200000	2556.65000000	2554.81600000	2560.06440000	2558.22260000
2730033444.81605339	2606.00600000	2606.22800000	2529.52600000	2536.06000000	2642.25000000	2645.34800000	2567.88400000	2568.97400000	2607.09000000	2604.59800000	2593.06200000	2586.63400000	2549.35600000	2546.60800000	2562.16600000	2558.48400000	2560.18600000	2560.14200000	2587.53600000	2587.41800000	2580.50620000	2580.04940000
2731036789.29765892	2539.59200000	2533.13800000	2557.21200000	2561.34600000	2558.88600000	2557.21600000	2599.82000000	2599.69000000	2553.13600000	2553.80600000	2562.25800000	2558.49400000	2551.77000000	2551.06400000	2549.48600000	2549.21800000	2606.97600000	2600.22800000	2588.46000000	2581.41600000	2566.75960000	2564.56160000
2732040133.77926445	2535.51600000	2531.21200000	2551.34200000	2554.22000000	2555.42200000	2555.38600000	2605.14400000	2596.40000000	2546.16000000	2543.93200000	2551.07600000	2551.41600000	2549.50400000	2549.41600000	2550.15600000	2546.28800000	2606.07800000	2607.04600000	2580.69200000	2581.02000000	2563.10900000	2561.63360000
2733043478.26086950	2569.64200000	2563.20800000	2577.79000000	2575.54000000	2558.92000000	2557.89600000	2567.32200000	2565.82600000	2549.58600000	2546.86400000	2555.21600000	2552.75800000	2556.08000000	2555.27600000	2541.22200000	2539.07600000	2594.58000000	2589.42800000	2566.47200000	2568.43600000	2563.68300000	2561.43080000
2734046822.74247503	2570.28400000	2573.67600000	2582.50000000	2580.41800000	2588.98000000	2592.45200000	2609.89200000	2605.95600000	2586.24800000	2585.85000000	2568.66400000	2564.44800000	2608.24200000	2608.25600000	2590.37200000	2587.87200000	2562.73600000	2562.24400000	2589.22000000	2586.16000000	2585.71380000	2584.73320000
2735050167.22408009	2576.91000000	2579.94200000	2547.26400000	2542.83800000	2646.89200000	2648.09200000	2576.18000000	2572.42800000	2623.45200000	2625.98600000	2575.28400000	2574.47400000	2556.76800000	2560.95800000	2543.72600000	2546.88600000	2568.80400000	2572.05200000	2607.75000000	2606.23800000	2582.30300000	2582.98940000
2736053511.70568562	2605.04200000	2606.17600000	2554.54600000	2554.22600000	2608.40000000	2610.17000000	2571.38400000	2568.63800000	2587.49200000	2585.80600000	2593.07000000	2588.84200000	2557.95200000	2559.29400000	2569.76200000	2566.34800000	2588.43200000	2591.37200000	2590.91600000	2590.38600000	2582.69960000	2582.12580000
2737056856.18729115	2624.79400000	2626.90400000	2567.28400000	2561.77200000	2593.63000000	2592.39800000	2552.25600000	2551.28000000	2598.40200000	2597.80000000	2574.40200000	2572.61200000	2573.28200000	2572.89800000	2574.82600000	2567.82800000	2631.54400000	2629.59600000	2640.36200000	2639.72000000	2593.07820000	2591.28080000
2738060200.66889620	2577.22400000	2578.66000000	2556.22400000	2558.50800000	2565.28400000	2563.32000000	2587.74000000	2586.17000000	2554.32000000	2548.50600000	2541.52800000	2539.43400000	2559.16000000	2556.17000000	2545.05600000	2541.29600000	2566.71800000	2567.94800000	2574.34800000	2566.18400000	2562.76020000	2560.61960000
2739063545.15050173	2548.99800000	2548.89800000	2566.06600000	2562.02200000	2565.98400000	2562.51600000	2576.50800000	2579.00800000	2552.43400000	2548.45400000	2546.57600000	2542.01600000	2539.60400000	2543.32600000	2558.65200000	2553.88800000	2611.61600000	2609.27400000	2564.04400000	2567.55200000	2563.04820000	2561.69540000
2740066889.63210726	2546.21400000	2547.45000000	2593.52000000	2592.90600000	2559.93000000	2557.53000000	2634.55000000	2636.55400000	2558.17200000	2557.98000000	2558.69400000	2556.88600000	2536.59600000	2534.71600000	2555.62000000	2557.67400000	2609.59000000	2612.07000000	2589.39600000	2586.94800000	2574.22820000	2574.07140000
2741070234.11371231	2537.13000000	2536.97000000	2559.30000000	2562.60600000	2561.88000000	2561.88000000	2599.45200000	2593.28400000	2546.72400000	2544.78600000	2557.17200000	2556.77000000	2543.43000000	2543.07400000	2550.99600000	2551.47400000	2607.61400000	2603.70800000	2585.29000000	2583.41600000	2564.89880000	2563.79680000
2742073578.59531784	2576.51400000	2575.93200000	2560.53600000	2555.89400000	2566.29800000	2561.46400000	2581.15400000	2583.81600000	2549.16400000	2544.48000000	2544.28400000	2539.75400000	2557.68800000	2556.50400000	2537.70400000	2542.92400000	2568.32400000	2566.09800000	2572.71400000	2573.73200000	2561.43800000	2560.05980000
2743076923.07692289	2570.18600000	2572.83400000	2576.27400000	2573.07200000	2580.27000000	2578.25800000	2597.47400000	2593.92000000	2573.97600000	2572.32400000	2573.29000000	2571.30000000	2619.24200000	2617.81800000	2595.87000000	2592.95600000	2554.01600000	2555.71000000	2585.42400000	2588.83000000	2582.60220000	2581.70220000
2744080267.55852842	2565.81200000	2563.02800000	2564.65400000	2567.15400000	2577.39800000	2578.07800000	2620.32400000	2618.21000000	2566.61200000	2567.15200000	2540.69400000	2544.06000000	2579.89600000	2585.47000000	2586.31000000	2588.01200000	2556.18000000	2550.93600000	2571.66000000	2570.30600000	2572.95400000	2573.24060000
2745083612.04013395	2546.11800000	2542.24200000	2568.43800000	2566.97400000	2556.28200000	2548.31000000	2632.58000000	2631.49200000	2568.02400000	2566.71800000	2558.97600000	2556.85400000	2553.45600000	2549.47200000	2562.84600000	2561.31800000	2634.93000000	2629.31000000	2589.18400000	2583.16400000	2577.08340000	2573.58540000
2746086956.52173901	2532.94000000	2531.99400000	2555.88000000	2554.65400000	2556.28600000	2559.12400000	2600.82200000	2603.70200000	2548.97000000	2546.46000000	2551.87600000	2552.17800000	2548.44200000	2544.88800000	2552.16400000	2548.38000000	2603.18800000	2601.56200000	2582.13800000	2581.26000000	2563.27060000	2562.42020000
2747090301.00334454	2593.92800000	2594.66200000	2580.64400000	2580.47400000	2596.18800000	2593.55400000	2597.98600000	2597.55000000	2575.53600000	2574.20000000	2586.82600000	2588.30800000	2600.09200000	2594.92600000	2566.23800000	2562.77800000	2590.33000000	2587.76800000	2585.64200000	2591.16000000	2587.34100000	2586.53800000
2748093645.48495007	2568.53200000	2566.07000000	2559.38600000	2555.26200000	2566.02600000	2562.14200000	2612.45600000	2613.58600000	2544.51600000	2546.74400000	2546.42600000	2547.67000000	2563.58800000	2565.62600000	2573.82200000	2569.95000000	2559.25400000	2554.68400000	2563.59400000	2562.51400000	2565.76000000	2564.42480000
2749096989.96655512	2567.01400000	2564.11200000	2575.91000000	2567.06800000	2548.92400000	2545.56400000	2548.92200000	2544.93800000	2561.14800000	2559.20400000	2529.32400000	2524.17200000	2567.39400000	2569.26600000	2547.44200000	2551.25200000	2598.54000000	2593.09400000	2550.73400000	2546.49200000	2559.53520000	2556.51620000
2750100334.44816065	2611.91000000	2597.97200000	2533.10800000	2533.90000000	2647.89600000	2645.04800000	2568.06000000	2567.49200000	2599.55200000	2600.62400000	2588.53400000	2587.14800000	2550.99800000	2550.21000000	2557.04800000	2553.37600000	2561.94400000	2560.78400000	2589.42800000	2590.62600000	2580.84780000	2578.71800000
2751103678.92976570	2583.08000000	2582.39800000	2579.40600000	2574.41400000	2590.06000000	2595.13600000	2594.80800000	2588.50400000	2569.61200000	2564.37800000	2576.15800000	2574.03600000	2591.56600000	2593.38000000	2561.72200000	2556.04200000	2584.52600000	2581.12400000	2583.95600000	2579.70400000	2581.48940000	2578.91160000
2752107023.41137123	2584.04000000	2586.12400000	2539.76000000	2538.94000000	2657.36800000	2657.44800000	2574.85600000	2566.91400000	2633.55200000	2633.30400000	2576.33200000	2578.60800000	2547.30200000	2546.89400000	2547.87000000	2550.17000000	2559.37800000	2562.93000000	2598.46000000	2599.81600000	2581.89180000	2582.11480000
2753110367.89297676	2573.76200000	2573.95800000	2577.27000000	2578.58800000	2581.53200000	2579.98600000	2595.69400000	2596.33400000	2574.03200000	2575.66800000	2575.15400000	2573.51000000	2620.16000000	2615.99600000	2598.34400000	2599.43400000	2557.37400000	2551.54600000	2588.48600000	2587.13600000	2584.18080000	2583.21560000
2754113712.37458181	2597.36000000	2595.91200000	2577.46400000	2578.51800000	2587.34800000	2588.34600000	2589.75600000	2590.36800000	2567.52800000	2566.77800000	2596.43600000	2595.63800000	2587.92200000	2589.13400000	2560.46000000	2561.52400000	2601.05600000	2595.79200000	2586.77600000	2586.82400000	2585.21060000	2584.88340000
2755117056.85618734	2618.46200000	2616.34200000	2564.22600000	2565.61000000	2583.67200000	2578.60400000	2562.04600000	2563.53200000	2552.00800000	2553.39200000	2586.95800000	2588.24000000	2588.34200000	2584.78000000	2559.02000000	2558.40000000	2642.52000000	2642.04400000	2610.89400000	2607.51800000	2586.81480000	2585.84620000
2756120401.33779287	2564.09600000	2559.09400000	2558.82000000	2560.80000000	2555.29200000	2558.88400000	2541.54800000	2545.45000000	2550.26600000	2547.47800000	2513.09800000	2513.36800000	2561.10800000	2557.79400000	2557.63400000	2560.20400000	2593.96000000	2591.50200000	2553.15200000	2550.91400000	2554.89740000	2554.54880000
2757123745.81939793	2570.33000000	2566.54600000	2563.71800000	2562.95600000	2569.11600000	2562.63600000	2604.17800000	2603.09000000	2549.17000000	2548.89000000	2548.62200000	2549.12000000	2571.18400000	2566.53600000	2566.83600000	2567.18600000	2560.81600000	2561.38800000	2558.43000000	2557.99200000	2566.24000000	2564.63400000
2758127090.30100346	2553.23800000	2557.28000000	2592.32800000	2593.44800000	2560.65400000	2556.45400000	2635.55600000	2635.09200000	2560.52200000	2554.44400000	2560.18800000	2557.52000000	2538.73400000	2534.70400000	2560.60400000	2557.28400000	2614.39000000	2613.30200000	2583.67200000	2586.40000000	2575.98860000	2574.59280000
2759130434.78260851	2621.09800000	2615.86800000	2567.45600000	2560.95000000	2584.08600000	2581.85800000	2560.89600000	2560.75200000	2558.05800000	2559.51200000	2580.70400000	2583.40400000	2588.17600000	2589.11400000	2562.15800000	2561.56200000	2628.92000000	2632.43400000	2598.53000000	2594.00200000	2585.00820000	2583.94560000
2760133779.26421404	2573.97800000	2572.82400000	2577.06000000	2571.34400000	2559.31200000	2562.10200000	2570.90400000	2567.60000000	2543.27800000	2546.74000000	2558.57400000	2556.69800000	2558.38600000	2558.00800000	2535.40600000	2535.71800000	2588.71800000	2588.06000000	2574.41200000	2568.73200000	2564.00280000	2562.78260000
2761137123.74581957	2543.21400000	2538.44400000	2561.98000000	2564.76800000	2557.31600000	2550.94800000	2622.88200000	2621.54400000	2569.65400000	2569.05400000	2557.21200000	2555.29400000	2548.91800000	2549.37600000	2564.95200000	2563.53000000	2621.18000000	2621.81200000	2584.83000000	2583.22400000	2573.21380000	2571.79940000
2762140468.22742462	2579.83400000	2582.86800000	2586.23800000	2581.82600000	2596.09000000	2593.18400000	2603.18800000	2600.93000000	2578.40600000	2577.11400000	2567.82600000	2569.59000000	2612.47000000	2613.03400000	2576.42600000	2578.35600000	2570.70000000	2563.44000000	2583.32400000	2586.71200000	2585.45020000	2584.70540000
2763143812.70903015	2585.83600000	2582.82400000	2546.55600000	2540.93600000	2657.84400000	2653.53200000	2572.38800000	2571.83800000	2627.39200000	2626.02800000	2580.04600000	2575.73600000	2558.85600000	2553.55000000	2547.00600000	2545.04000000	2570.37400000	2568.27800000	2612.15600000	2609.50000000	2585.84540000	2582.72620000
2764147157.19063568	2610.96600000	2616.20800000	2562.46000000	2560.34400000	2591.19200000	2587.22600000	2561.05000000	2556.59200000	2603.05600000	2600.56000000	2573.60400000	2577.41400000	2558.31600000	2554.95000000	2566.34000000	2568.11200000	2600.35000000	2601.62800000	2603.11400000	2602.58600000	2583.04480000	2582.56200000
2765150501.67224073	2584.97600000	2584.37200000	2578.24200000	2579.10400000	2594.06600000	2592.61200000	2601.91800000	2602.60200000	2564.82800000	2561.60400000	2569.95800000	2569.84000000	2595.61600000	2592.68600000	2560.56200000	2556.38600000	2574.30400000	2570.74600000	2576.58600000	2580.70600000	2580.10560000	2579.06580000
2766153846.15384626	2629.82800000	2625.80000000	2564.94800000	2562.71800000	2582.22800000	2575.84600000	2571.59000000	2564.18800000	2578.32000000	2579.73200000	2572.02400000	2571.08000000	2589.20400000	2583.63000000	2566.52400000	2564.41200000	2639.79600000	2635.24800000	2626.44600000	2624.18400000	2592.09080000	2588.68380000
2767157190.63545132	2637.76200000	2630.73800000	2563.67600000	2566.91800000	2584.68200000	2584.54800000	2551.22000000	2553.18400000	2587.13200000	2586.47800000	2568.38600000	2569.88600000	2579.06000000	2572.73400000	2566.70800000	2563.21600000	2617.16600000	2620.74000000	2637.82400000	2639.40600000	2589.36160000	2588.78480000
2768160535.11705685	2635.27800000	2634.85000000	2564.87600000	2568.33200000	2583.40200000	2579.14400000	2567.62400000	2563.50800000	2581.38400000	2577.16800000	2574.83200000	2569.08000000	2587.93200000	2583.44600000	2570.87000000	2570.51400000	2637.25600000	2634.81800000	2636.47800000	2632.52600000	2593.99320000	2591.33860000
2769163879.59866238	2575.58000000	2574.58000000	2587.32200000	2581.21000000	2587.66200000	2588.25400000	2604.75200000	2601.26000000	2571.41200000	2575.10800000	2580.60000000	2581.03000000	2623.83600000	2624.35000000	2605.55000000	2602.00000000	2562.22800000	2563.77200000	2595.33400000	2591.43200000	2589.42760000	2588.29960000
2770167224.08026743	2566.76200000	2567.02200000	2562.54200000	2566.61600000	2574.58200000	2574.26800000	2616.05400000	2615.95600000	2561.25400000	2558.51000000	2540.03200000	2537.20800000	2575.34000000	2578.15600000	2578.28600000	2578.06000000	2559.93000000	2556.30000000	2566.58600000	2568.15200000	2570.13680000	2570.02480000
2771170568.56187296	2634.43600000	2634.85800000	2565.75000000	2563.56600000	2581.17400000	2576.07000000	2553.01600000	2554.32000000	2585.36200000	2582.32000000	2565.78200000	2568.81000000	2583.19800000	2578.14000000	2566.58800000	2567.50200000	2621.22200000	2618.40200000	2638.88800000	2635.13400000	2589.54160000	2587.91220000
2772173913.04347849	2567.66000000	2565.73600000	2564.41200000	2564.10600000	2579.78800000	2578.07200000	2623.84800000	2622.63400000	2588.85400000	2586.05800000	2552.98800000	2551.51600000	2609.51600000	2604.42800000	2594.96600000	2594.76800000	2550.43800000	2551.39200000	2586.52000000	2590.52200000	2581.89900000	2580.92320000
2773177257.52508354	2604.38000000	2600.90600000	2552.76400000	2553.68200000	2599.92800000	2596.02400000	2566.30000000	2564.79400000	2582.50200000	2585.95200000	2585.43600000	2582.68600000	2558.87800000	2555.89600000	2565.87200000	2562.33400000	2592.29000000	2589.98200000	2592.47600000	2589.18000000	2580.08260000	2578.14360000
2774180602.00668907	2556.84000000	2555.73600000	2584.69600000	2583.89000000	2549.82400000	2548.42600000	2559.31400000	2558.03600000	2557.79800000	2556.73400000	2550.17200000	2548.47600000	2559.77200000	2556.94200000	2538.97200000	2542.36600000	2587.15800000	2589.65600000	2563.88000000	2565.59200000	2560.84260000	2560.58540000
2775183946.48829412	2609.49600000	2607.56600000	2536.82800000	2531.76000000	2648.80800000	2642.86200000	2569.26800000	2566.53600000	2612.79800000	2615.59200000	2592.08000000	2597.32400000	2551.83000000	2547.36400000	2565.02400000	2569.58400000	2567.89200000	2562.61000000	2590.99000000	2587.48600000	2584.50140000	2582.86840000
2776187290.96989965	2592.65400000	2589.98600000	2536.65800000	2533.35000000	2656.52800000	2659.39800000	2570.44400000	2567.12200000	2627.70400000	2630.48600000	2586.16000000	2590.56200000	2552.51200000	2550.57000000	2556.72000000	2554.13200000	2570.41000000	2562.41600000	2590.42600000	2592.72000000	2584.02160000	2583.07420000
2777190635.45150518	2559.68600000	2558.94200000	2579.27000000	2581.92600000	2547.31600000	2545.42600000	2556.44200000	2551.48400000	2560.74600000	2558.35800000	2540.27800000	2540.05400000	2570.36200000	2570.32800000	2544.86000000	2539.54600000	2595.48600000	2594.70800000	2562.36600000	2559.28400000	2561.68120000	2560.00560000
2778193979.93311024	2609.86400000	2611.59600000	2570.33600000	2566.20000000	2574.77000000	2569.35000000	2557.70800000	2559.37400000	2561.08000000	2555.07400000	2578.13000000	2571.60600000	2584.21400000	2582.96800000	2554.36800000	2557.37600000	2616.20800000	2610.56000000	2583.49800000	2584.32600000	2579.01760000	2576.84300000
2779197324.41471577	2588.85200000	2584.04000000	2577.31400000	2572.73000000	2593.68200000	2590.77800000	2594.46800000	2589.53600000	2567.43200000	2566.55800000	2578.96800000	2576.83200000	2592.60400000	2594.15800000	2564.01000000	2566.50400000	2584.08800000	2581.44800000	2581.81200000	2584.53000000	2582.32300000	2580.71140000
2780200668.89632130	2638.34600000	2637.41000000	2564.19000000	2565.92800000	2581.26200000	2578.77800000	2561.19200000	2556.79600000	2584.83600000	2578.97000000	2567.25000000	2569.26400000	2587.33400000	2585.55200000	2571.48000000	2571.42800000	2632.45800000	2626.73400000	2636.90400000	2635.30200000	2592.52520000	2590.61620000
2781204013.37792635	2531.18200000	2529.22200000	2552.15000000	2552.03200000	2557.40200000	2555.56400000	2603.68600000	2601.91200000	2549.30200000	2546.64200000	2550.22200000	2545.13400000	2553.11800000	2547.71600000	2556.54000000	2551.16200000	2608.07400000	2607.45600000	2575.50600000	2579.11800000	2563.71820000	2561.59580000
2782207357.85953188	2569.01000000	2570.95800000	2558.56600000	2559.96200000	2559.49800000	2564.59000000	2550.07200000	2551.65400000	2560.02400000	2557.27600000	2533.62400000	2532.71000000	2557.48800000	2552.73400000	2568.00600000	2565.80800000	2600.23400000	2601.21200000	2555.63000000	2551.29800000	2561.21520000	2560.82020000
2783210702.34113693	2567.48000000	2564.76400000	2558.69800000	2560.10400000	2577.01000000	2572.05000000	2622.34200000	2620.06800000	2586.49200000	2583.83400000	2544.92200000	2545.00800000	2603.95200000	2601.66000000	2587.62800000	2591.09400000	2540.92000000	2542.12400000	2585.53600000	2582.80400000	2577.49800000	2576.35100000
2784214046.82274246	2576.62000000	2577.78200000	2560.62600000	2558.28400000	2561.99000000	2562.92000000	2594.93000000	2597.97600000	2552.34400000	2550.42200000	2551.31000000	2547.28800000	2563.40600000	2562.00400000	2546.98400000	2551.04600000	2563.50800000	2564.09200000	2570.70000000	2568.13000000	2564.24180000	2563.99440000
2785217391.30434799	2564.66000000	2561.21200000	2560.59200000	2558.61600000	2558.50000000	2553.30200000	2545.07600000	2543.22800000	2552.21000000	2550.56400000	2520.25200000	2517.66600000	2565.61200000	2562.30200000	2557.26400000	2555.82200000	2598.83000000	2596.87600000	2562.01400000	2554.27000000	2558.50100000	2555.38580000
2786220735.78595304	2616.67800000	2609.91600000	2563.79200000	2562.37400000	2577.28800000	2582.28000000	2559.05200000	2558.98800000	2552.44200000	2552.17400000	2580.78200000	2582.54800000	2584.89400000	2582.50200000	2561.17000000	2559.28400000	2628.79200000	2633.34200000	2600.93600000	2604.83600000	2582.58260000	2582.82440000
2787224080.26755857	2597.18800000	2595.70800000	2535.09600000	2531.43200000	2646.61800000	2643.45400000	2570.25800000	2565.53200000	2624.60000000	2620.34200000	2598.55800000	2592.08600000	2551.33600000	2548.82600000	2561.15600000	2562.88400000	2564.56000000	2564.73600000	2591.49200000	2590.96000000	2584.08620000	2581.59600000
2788227424.74916410	2582.82400000	2585.16800000	2580.86000000	2579.71800000	2596.65400000	2594.00400000	2604.26200000	2605.89000000	2574.73200000	2571.87400000	2572.54600000	2569.79400000	2600.79600000	2604.73000000	2568.00600000	2568.65400000	2572.45200000	2570.04600000	2585.85600000	2584.20400000	2583.89880000	2583.40820000
2789230769.23076916	2581.83600000	2577.50000000	2564.75000000	2563.64400000	2565.35000000	2561.22200000	2550.46000000	2550.64200000	2560.03000000	2558.19600000	2533.66800000	2534.65600000	2557.72000000	2557.51200000	2571.84400000	2564.34200000	2602.18600000	2600.72600000	2552.54200000	2553.44600000	2564.03860000	2562.18860000
2790234113.71237469	2546.84800000	2547.58800000	2598.14400000	2598.30400000	2557.73600000	2552.47600000	2632.35400000	2630.07200000	2554.59600000	2549.51000000	2555.85000000	2557.64200000	2531.82000000	2531.76000000	2553.59800000	2550.92200000	2607.46800000	2604.67600000	2589.42400000	2591.65600000	2572.78380000	2571.46060000
2791237458.19397974	2561.67800000	2557.77000000	2576.35000000	2571.43800000	2545.04800000	2546.20200000	2550.29400000	2543.77800000	2559.59800000	2561.08800000	2534.54000000	2533.14400000	2566.41400000	2565.92200000	2541.73400000	2542.81400000	2594.83000000	2592.10000000	2555.06800000	2551.79400000	2558.55540000	2556.60500000
2792240802.67558527	2626.72400000	2627.52200000	2559.33800000	2560.18200000	2589.64800000	2586.24200000	2543.58400000	2545.49400000	2592.34800000	2593.17400000	2566.27000000	2569.67800000	2570.64600000	2572.52800000	2568.88600000	2566.74400000	2628.83000000	2623.99800000	2642.80200000	2639.04600000	2588.90760000	2588.46080000
2793244147.15719080	2568.51400000	2568.08400000	2563.14600000	2558.08200000	2569.07600000	2564.02600000	2621.07200000	2613.89000000	2557.28200000	2546.16400000	2546.97200000	2548.12600000	2569.47400000	2568.67600000	2576.18600000	2573.89200000	2557.13400000	2560.13400000	2564.33000000	2566.62400000	2569.31860000	2566.76980000
2794247491.63879585	2613.88200000	2617.09200000	2566.59000000	2565.91400000	2589.12800000	2582.71400000	2573.06000000	2573.34800000	2566.52200000	2564.83000000	2576.05800000	2573.00800000	2591.67800000	2591.68000000	2562.49000000	2562.62400000	2640.91400000	2640.16400000	2623.29200000	2621.46600000	2590.36140000	2589.28400000
2795250836.12040138	2540.74800000	2539.07800000	2562.20600000	2558.46000000	2560.22600000	2562.30400000	2601.40400000	2601.56200000	2548.24600000	2549.69400000	2557.45400000	2556.35000000	2543.53600000	2539.36800000	2546.04000000	2543.62000000	2601.07800000	2598.10800000	2584.95200000	2582.81600000	2564.58900000	2563.13600000
2796254180.60200691	2598.80000000	2604.88600000	2555.99000000	2556.54600000	2591.35800000	2593.40400000	2565.48800000	2559.36400000	2591.95000000	2585.59800000	2579.13000000	2580.24600000	2555.46200000	2555.66800000	2560.58600000	2559.12000000	2594.87000000	2598.10000000	2590.06200000	2591.42000000	2578.36960000	2578.43520000
2797257525.08361197	2610.84400000	2611.46000000	2559.45400000	2560.10000000	2580.45600000	2573.21800000	2558.78400000	2559.51800000	2552.69600000	2552.02200000	2583.12000000	2574.89200000	2582.32400000	2581.66200000	2555.36800000	2554.51200000	2626.57200000	2628.40400000	2597.36600000	2598.38400000	2580.69840000	2579.41720000
2798260869.56521749	2534.63800000	2531.17600000	2557.63200000	2554.42400000	2558.73600000	2559.63800000	2601.92200000	2595.95000000	2549.32600000	2547.85800000	2551.72200000	2552.45200000	2547.35800000	2548.90200000	2547.20600000	2544.56600000	2605.57200000	2601.20600000	2587.54200000	2580.04400000	2564.16540000	2561.62160000
2799264214.04682255	2560.56000000	2562.87600000	2557.83600000	2557.12200000	2573.19400000	2569.50000000	2619.10800000	2612.32800000	2579.91400000	2577.16000000	2542.84800000	2539.00200000	2600.78800000	2597.02400000	2582.94200000	2585.31000000	2538.87600000	2541.21400000	2577.55600000	2575.26200000	2573.36220000	2571.67980000
2800267558.52842808	2556.26600000	2556.87000000	2564.19800000	2562.24600000	2563.55000000	2565.55600000	2564.10000000	2563.33200000	2546.85800000	2544.30800000	2540.92200000	2535.33600000	2540.93600000	2543.02600000	2568.86600000	2567.46000000	2606.14600000	2610.27200000	2553.16800000	2552.62600000	2560.50100000	2560.10320000
2801270903.01003361	2556.13600000	2551.10200000	2565.27400000	2563.55600000	2564.20400000	2565.20000000	2577.79800000	2576.50800000	2554.38000000	2551.42800000	2552.00000000	2549.02200000	2544.76600000	2544.35000000	2557.79800000	2556.82800000	2615.46800000	2608.54800000	2565.15400000	2562.52800000	2565.29780000	2562.90700000
2802274247.49163866	2579.88800000	2578.88400000	2542.88000000	2542.26400000	2658.54200000	2654.59800000	2571.82600000	2574.39600000	2639.28200000	2634.90400000	2584.27600000	2574.73400000	2551.56800000	2553.15400000	2547.03000000	2547.55200000	2568.70800000	2568.74800000	2602.94600000	2601.74800000	2584.69460000	2583.09820000
2803277591.97324419	2565.77800000	2564.18800000	2572.54800000	2570.56000000	2551.56000000	2545.22400000	2553.27600000	2551.14400000	2557.38200000	2557.10800000	2529.97400000	2530.27600000	2571.82200000	2570.57600000	2553.10800000	2546.34400000	2594.89800000	2598.74200000	2555.21200000	2549.95200000	2560.55580000	2558.41140000
2804280936.45484972	2572.17000000	2574.34400000	2555.13000000	2556.14800000	2568.82000000	2565.36800000	2579.11000000	2574.49200000	2544.01000000	2544.54800000	2546.42200000	2545.56000000	2557.68400000	2558.91800000	2537.57200000	2538.99400000	2568.88200000	2569.18400000	2567.71200000	2567.32800000	2559.75120000	2559.48840000
2805284280.93645477	2568.41200000	2564.22800000	2561.84200000	2562.75000000	2563.08600000	2560.51200000	2620.70400000	2622.78200000	2553.55200000	2546.93000000	2546.25400000	2550.33400000	2576.50000000	2568.87200000	2574.34400000	2571.07800000	2559.70200000	2560.20600000	2567.94200000	2565.67400000	2569.23380000	2567.33660000
2806287625.41806030	2600.75200000	2598.53600000	2586.97400000	2585.15600000	2585.18400000	2590.44200000	2575.51000000	2572.51400000	2572.43400000	2572.94800000	2588.95400000	2593.70000000	2580.95800000	2590.72400000	2560.50800000	2557.92400000	2603.05400000	2604.98400000	2587.82600000	2586.83200000	2584.21540000	2585.37600000
2807290969.89966536	2576.96200000	2570.94200000	2579.32000000	2582.83400000	2593.89600000	2593.61000000	2603.24400000	2605.59800000	2579.82200000	2585.35600000	2572.55400000	2571.78000000	2616.10200000	2617.40600000	2599.00400000	2598.09400000	2563.09000000	2562.32800000	2592.21800000	2595.51000000	2587.62120000	2588.34580000
2808294314.38127089	2623.35000000	2619.25000000	2563.28600000	2563.88600000	2598.18000000	2594.14800000	2553.72000000	2551.38200000	2601.44600000	2602.70800000	2567.68800000	2570.60600000	2560.30400000	2557.93200000	2569.51800000	2566.61800000	2620.58200000	2617.32400000	2625.43000000	2624.84000000	2588.35040000	2586.86940000
2809297658.86287642	2549.80400000	2550.59200000	2614.44800000	2609.32600000	2564.10400000	2564.77400000	2633.88400000	2628.34200000	2560.18000000	2559.48800000	2561.60600000	2559.49600000	2540.31800000	2541.03600000	2557.93400000	2554.79600000	2607.36800000	2603.25600000	2604.30400000	2600.14600000	2579.39500000	2577.12520000
2810301003.34448147	2583.91200000	2578.93000000	2585.20600000	2580.75800000	2601.58200000	2597.01600000	2604.07600000	2607.08400000	2562.07200000	2561.36800000	2572.15600000	2572.38200000	2595.31600000	2595.51800000	2559.93600000	2560.60400000	2578.86600000	2578.88400000	2586.56000000	2583.83400000	2582.96820000	2581.63780000
2811304347.82608700	2553.81200000	2553.37200000	2564.83600000	2563.16400000	2566.79800000	2569.96800000	2577.82400000	2582.59800000	2556.33600000	2550.83200000	2552.70600000	2550.66400000	2546.32600000	2542.85400000	2561.42600000	2562.67800000	2616.10400000	2614.74200000	2566.82200000	2565.79400000	2566.29900000	2565.66660000
2812307692.30769253	2540.32400000	2540.39800000	2563.50400000	2566.21200000	2552.03000000	2553.22800000	2622.10000000	2621.76800000	2572.10600000	2569.79800000	2553.79200000	2553.21600000	2553.76000000	2553.84400000	2566.40200000	2569.91800000	2620.06600000	2612.99600000	2585.92200000	2584.54600000	2573.00060000	2572.59240000
2813311036.78929758	2583.83400000	2582.16800000	2583.93000000	2580.77200000	2596.28400000	2598.02800000	2602.83400000	2601.70000000	2561.39400000	2555.80600000	2573.32000000	2568.19600000	2596.34000000	2593.35800000	2559.83400000	2560.21000000	2576.09800000	2575.46200000	2579.12600000	2577.00800000	2581.29940000	2579.27080000
2814314381.27090311	2559.01200000	2554.66200000	2582.93200000	2583.60600000	2550.97600000	2546.12800000	2555.33400000	2556.97800000	2557.22200000	2558.92200000	2543.68600000	2539.04200000	2563.44600000	2564.83400000	2540.22200000	2536.75200000	2584.64200000	2586.55200000	2560.58800000	2559.88600000	2559.80600000	2558.73620000
2815317725.75250816	2568.01800000	2564.77000000	2568.76000000	2572.89600000	2548.41800000	2550.30400000	2553.08400000	2547.79200000	2558.44800000	2558.77800000	2525.06400000	2526.88600000	2566.67600000	2569.36600000	2547.80600000	2548.98800000	2589.46400000	2598.05000000	2544.87800000	2547.90600000	2557.06160000	2558.57360000
2816321070.23411369	2630.31000000	2624.49400000	2565.70200000	2567.35200000	2594.14400000	2593.61600000	2550.85400000	2553.84000000	2615.02000000	2611.94800000	2576.16400000	2575.76600000	2557.93600000	2557.52400000	2569.11800000	2569.23200000	2610.31000000	2611.86000000	2614.94200000	2612.32200000	2588.45000000	2587.79540000
2817324414.71571922	2565.42400000	2565.15200000	2564.42600000	2562.57000000	2568.85600000	2564.23400000	2560.96400000	2556.46600000	2552.53400000	2550.12800000	2538.52800000	2539.26600000	2551.65000000	2550.09000000	2571.44400000	2568.79600000	2605.44400000	2605.78600000	2560.55200000	2558.03400000	2563.98220000	2562.05220000
2818327759.19732428	2613.75600000	2611.29200000	2569.03400000	2569.06400000	2575.69400000	2577.12200000	2559.95800000	2557.23800000	2557.96800000	2557.30400000	2574.67400000	2571.14800000	2587.15000000	2587.65200000	2556.29200000	2559.65000000	2619.12800000	2618.94000000	2586.19000000	2585.53200000	2579.98440000	2579.49420000
2819331103.67892981	2633.04800000	2629.54800000	2562.07200000	2557.35400000	2584.78200000	2582.06200000	2548.58600000	2546.68400000	2591.22000000	2584.90000000	2566.85400000	2570.30600000	2577.22000000	2573.15600000	2571.92400000	2565.36400000	2622.82600000	2620.80200000	2637.82600000	2639.06400000	2589.63580000	2586.92400000
2820334448.16053534	2582.61200000	2580.09400000	2579.83000000	2573.36600000	2592.12800000	2588.50400000	2599.16400000	2599.37000000	2569.54000000	2567.77200000	2569.68800000	2568.60000000	2600.41600000	2600.57400000	2565.86200000	2566.76000000	2568.63800000	2566.23400000	2580.19600000	2580.90400000	2580.80740000	2579.21780000
2821337792.64214039	2583.25600000	2578.51200000	2539.28000000	2536.77400000	2652.67600000	2656.02400000	2570.77400000	2567.46400000	2626.40600000	2629.29000000	2575.80200000	2578.52800000	2552.51800000	2550.72000000	2547.23800000	2547.51800000	2568.60800000	2568.96000000	2607.56000000	2609.21200000	2582.41180000	2582.30020000
2822341137.12374592	2584.76200000	2582.78200000	2568.52400000	2565.06000000	2566.75400000	2562.68800000	2604.44200000	2602.17600000	2555.86400000	2553.46000000	2546.88400000	2549.23000000	2570.09200000	2566.73200000	2551.45000000	2549.23400000	2565.33800000	2566.91600000	2573.55200000	2573.06000000	2568.76620000	2567.13380000
2823344481.60535097	2599.86400000	2605.19600000	2554.23800000	2553.67000000	2600.09600000	2605.82400000	2567.49200000	2568.23200000	2586.28600000	2586.79800000	2585.39600000	2586.13800000	2557.76400000	2561.95200000	2567.05200000	2565.68800000	2588.68600000	2590.42600000	2589.34800000	2589.52000000	2579.62220000	2581.34440000
2824347826.08695650	2613.85400000	2611.47200000	2565.75400000	2566.60800000	2578.05400000	2574.66000000	2557.36600000	2557.78800000	2559.17200000	2552.92800000	2574.86400000	2579.39200000	2589.38400000	2583.64200000	2556.45000000	2559.53800000	2624.62800000	2623.63400000	2581.85400000	2585.47200000	2580.13800000	2579.51340000
2825351170.56856203	2603.00600000	2600.51800000	2536.80800000	2536.23000000	2648.37200000	2649.35800000	2576.17600000	2576.70600000	2599.20600000	2596.96800000	2593.36400000	2587.04600000	2551.05600000	2551.95200000	2556.68000000	2553.77200000	2568.42600000	2561.61800000	2586.63200000	2588.21400000	2581.97260000	2580.23820000
2826354515.05016708	2621.26600000	2619.03400000	2569.67800000	2567.82800000	2584.54000000	2581.58000000	2578.74800000	2573.72800000	2572.52000000	2569.88000000	2575.69800000	2576.39600000	2589.33000000	2588.58000000	2567.70600000	2561.35000000	2645.67800000	2645.93800000	2627.34200000	2626.31800000	2593.25060000	2591.06320000
2827357859.53177261	2577.09200000	2575.10600000	2562.10200000	2559.87000000	2566.15200000	2566.01800000	2607.80000000	2603.18000000	2550.59800000	2550.14000000	2550.99000000	2548.16600000	2564.04000000	2567.03800000	2554.52800000	2553.48000000	2563.51200000	2562.73400000	2569.18000000	2565.64600000	2566.59940000	2565.13780000
2828361204.01337814	2543.39800000	2548.10200000	2565.02200000	2565.74400000	2551.62000000	2548.19000000	2629.52400000	2628.43600000	2564.77000000	2562.89200000	2555.09200000	2554.52400000	2547.15200000	2547.86400000	2562.47800000	2561.78000000	2625.54600000	2625.22200000	2582.32600000	2580.70400000	2572.69280000	2572.34580000
2829364548.49498320	2611.54200000	2614.19600000	2563.05800000	2563.55000000	2584.71000000	2584.76800000	2569.65600000	2568.49600000	2557.86800000	2559.89600000	2580.46400000	2578.39000000	2591.08200000	2589.77000000	2559.22200000	2557.55800000	2646.00600000	2642.16000000	2622.35200000	2621.61000000	2588.59600000	2588.03940000
2830367892.97658873	2627.15200000	2628.71400000	2571.71200000	2570.01600000	2600.57600000	2595.15600000	2555.63800000	2550.68400000	2609.25400000	2603.46400000	2579.24400000	2575.60600000	2568.55400000	2563.47400000	2571.69400000	2569.49000000	2617.51800000	2617.77800000	2624.61400000	2622.79400000	2592.59560000	2589.71760000
2831371237.45819378	2563.89200000	2564.57000000	2578.53000000	2585.64800000	2563.21600000	2558.14800000	2565.82000000	2559.11400000	2556.48800000	2556.31800000	2552.64200000	2552.06800000	2560.46000000	2560.10600000	2545.66000000	2542.79400000	2592.53400000	2592.39400000	2569.84400000	2571.19600000	2564.90860000	2564.23560000
2832374581.93979931	2547.23800000	2544.90800000	2560.05000000	2565.21200000	2565.80600000	2569.28000000	2582.57200000	2587.87600000	2551.05200000	2548.79800000	2553.86200000	2549.87600000	2545.87600000	2547.93200000	2553.20000000	2559.10000000	2611.43000000	2608.46800000	2576.53600000	2577.84600000	2564.76220000	2565.92960000
2833377926.42140484	2584.47600000	2584.18600000	2589.64600000	2588.32800000	2606.89000000	2606.15600000	2607.62400000	2607.60000000	2563.96600000	2560.56600000	2574.43000000	2575.70000000	2595.80600000	2596.83000000	2561.51800000	2560.73600000	2583.74200000	2583.88600000	2585.14200000	2582.35400000	2585.32400000	2584.63420000
2834381270.90300989	2565.00600000	2563.38400000	2565.53400000	2559.36600000	2567.99600000	2565.23200000	2618.70600000	2611.43200000	2550.15800000	2553.31600000	2537.85400000	2540.60000000	2569.12000000	2573.74000000	2572.93400000	2574.75000000	2561.18600000	2559.72400000	2567.67600000	2567.34000000	2567.61700000	2566.88840000
2835384615.38461542	2613.97200000	2614.28600000	2566.74400000	2564.86800000	2590.90000000	2591.74400000	2572.47400000	2569.93400000	2555.31400000	2560.69600000	2588.00400000	2590.61800000	2591.62800000	2589.42800000	2558.89800000	2558.24000000	2646.60400000	2643.25400000	2611.58000000	2614.46600000	2589.61180000	2589.75340000
2836387959.86622095	2536.94600000	2538.57800000	2557.95000000	2555.20000000	2559.33000000	2559.10600000	2600.40200000	2604.97800000	2552.55000000	2551.81200000	2553.73600000	2553.11600000	2557.86200000	2550.78200000	2565.14000000	2566.70600000	2616.83400000	2615.16800000	2583.21000000	2588.27200000	2568.39600000	2568.37180000
2837391304.34782600	2569.05000000	2569.82800000	2571.52600000	2568.70600000	2584.09200000	2581.60400000	2612.13600000	2614.41800000	2577.51200000	2580.87600000	2565.18400000	2561.67800000	2620.46600000	2623.26800000	2596.84000000	2595.62200000	2553.29600000	2555.58600000	2591.88200000	2594.86000000	2584.19840000	2584.64460000
2838394648.82943153	2545.96800000	2541.56400000	2567.01800000	2560.91800000	2547.72600000	2545.62200000	2630.64000000	2632.34600000	2562.11800000	2564.83000000	2553.82400000	2554.30600000	2539.04000000	2539.39200000	2561.23000000	2560.38000000	2623.68800000	2624.85200000	2579.63800000	2580.23600000	2571.08900000	2570.44460000
2839397993.31103659	2564.67600000	2567.37000000	2556.11800000	2551.85200000	2559.55000000	2560.40800000	2551.79000000	2547.99000000	2551.92600000	2556.22200000	2530.56200000	2530.87400000	2547.62800000	2548.97600000	2561.59800000	2560.26200000	2599.92400000	2596.17400000	2550.06000000	2551.82000000	2557.38320000	2557.19480000
2840401337.79264212	2561.76200000	2566.86600000	2571.57600000	2569.09000000	2553.41200000	2555.98200000	2548.17800000	2550.20400000	2553.58800000	2552.09000000	2517.68400000	2512.39400000	2565.68600000	2566.13800000	2557.03000000	2559.48800000	2591.54400000	2599.53000000	2556.79600000	2553.27200000	2557.72560000	2558.50540000
2841404682.27424765	2569.63000000	2571.83600000	2558.50200000	2558.63400000	2568.98400000	2569.28600000	2603.49400000	2605.30400000	2551.98800000	2550.71400000	2550.37000000	2548.60200000	2564.49200000	2566.56600000	2568.55800000	2568.38400000	2553.29000000	2560.54200000	2556.38600000	2560.81000000	2564.56940000	2566.06780000
2842408026.75585270	2628.78200000	2625.99800000	2564.04200000	2564.14000000	2571.56400000	2576.96000000	2565.25200000	2562.42000000	2579.73000000	2576.60600000	2570.45800000	2571.58800000	2583.86600000	2584.10800000	2563.04000000	2568.51200000	2635.50400000	2637.45400000	2626.02000000	2625.20200000	2588.82580000	2589.29880000
2843411371.23745823	2568.16400000	2569.21600000	2559.81400000	2559.19600000	2563.47000000	2565.78000000	2600.76000000	2601.92800000	2552.36600000	2548.94000000	2542.82600000	2544.54800000	2570.26400000	2568.01200000	2557.52400000	2559.22200000	2559.98400000	2558.65400000	2556.10200000	2556.30200000	2563.12740000	2563.17980000
2844414715.71906376	2566.01200000	2568.71600000	2569.79200000	2572.28800000	2560.78800000	2557.01000000	2544.81400000	2547.74600000	2553.07200000	2552.16600000	2529.46000000	2532.36400000	2558.17200000	2565.48400000	2557.29600000	2561.24400000	2597.47200000	2601.41200000	2548.81800000	2551.14200000	2558.56960000	2560.95720000
2845418060.20066881	2562.60800000	2561.73400000	2563.31600000	2561.67200000	2562.16200000	2561.03800000	2560.65000000	2560.45800000	2545.83800000	2545.26800000	2537.45200000	2539.22400000	2543.91600000	2544.63600000	2568.74600000	2565.67000000	2604.54800000	2609.28200000	2553.23600000	2559.06000000	2560.24720000	2560.80420000
2846421404.68227434	2591.26600000	2591.87200000	2571.50600000	2577.46400000	2588.22000000	2588.91200000	2586.82200000	2587.84600000	2560.74000000	2559.38400000	2588.03200000	2590.75400000	2584.79800000	2587.24000000	2555.47200000	2559.58800000	2587.82600000	2588.93600000	2584.63200000	2582.02800000	2579.93140000	2581.40240000
2847424749.16387939	2526.67400000	2533.77400000	2546.97400000	2554.50600000	2550.89200000	2551.90600000	2599.44000000	2602.40600000	2547.71000000	2546.61600000	2543.18800000	2544.61200000	2546.73400000	2547.36000000	2554.78600000	2555.03600000	2607.10200000	2605.99200000	2575.02400000	2577.73000000	2559.85240000	2561.99380000
2848428093.64548492	2570.49400000	2573.03600000	2561.98600000	2561.50400000	2566.28800000	2567.17000000	2606.61200000	2605.07400000	2551.08800000	2555.72000000	2548.54000000	2548.82600000	2562.22800000	2564.70800000	2567.30200000	2568.14400000	2559.33800000	2558.65600000	2564.60800000	2563.81200000	2565.84840000	2566.66500000
2849431438.12709045	2558.40800000	2564.33200000	2571.10000000	2573.04200000	2546.45400000	2550.62000000	2542.84000000	2543.08000000	2558.37600000	2553.86200000	2518.55600000	2517.14200000	2568.72000000	2567.35000000	2549.64600000	2551.33600000	2595.64600000	2596.85600000	2549.96200000	2553.06400000	2555.97080000	2557.06840000
2850434782.60869551	2613.62400000	2613.63600000	2545.57600000	2544.56200000	2637.01400000	2635.16600000	2569.45000000	2575.86400000	2589.52000000	2595.11000000	2586.37000000	2590.85200000	2551.26800000	2559.04400000	2569.41600000	2573.14000000	2571.92000000	2573.95800000	2585.40200000	2587.65600000	2581.95600000	2584.89880000
2851438127.09030104	2617.77000000	2616.59600000	2564.23000000	2563.92000000	2592.97000000	2595.24000000	2545.60800000	2550.29400000	2599.81600000	2598.21600000	2566.40600000	2573.48600000	2557.90200000	2557.44800000	2563.56400000	2564.22200000	2617.14200000	2621.89400000	2622.95400000	2624.67400000	2584.83620000	2586.59900000
2852441471.57190657	2560.84600000	2562.80000000	2554.30600000	2555.04000000	2574.13400000	2576.27800000	2614.92000000	2617.69200000	2569.15600000	2572.43200000	2538.52600000	2545.20600000	2587.17000000	2588.39800000	2581.70400000	2585.68200000	2538.71000000	2541.40200000	2572.56800000	2572.56000000	2569.20400000	2571.74900000
2853444816.05351162	2539.42200000	2542.52800000	2559.69000000	2565.10200000	2565.28800000	2567.01600000	2594.23400000	2595.33200000	2546.15600000	2552.04000000	2553.25600000	2556.39800000	2540.93200000	2544.97600000	2551.16400000	2555.09000000	2604.66200000	2609.16200000	2581.89600000	2585.25600000	2563.67000000	2567.29000000
2854448160.53511715	2578.84000000	2580.16000000	2570.40200000	2578.02400000	2587.82000000	2590.08800000	2594.60400000	2593.54800000	2561.97200000	2563.32000000	2567.20200000	2572.37400000	2586.09200000	2588.79400000	2550.58200000	2556.20000000	2577.16400000	2579.12800000	2574.14000000	2578.64600000	2574.88180000	2578.02820000
2855451505.01672220	2556.33000000	2558.04800000	2580.40400000	2583.11600000	2551.20800000	2557.83400000	2558.46400000	2562.22200000	2553.02600000	2558.92400000	2547.18800000	2550.05800000	2554.60000000	2561.47000000	2535.04600000	2541.96000000	2586.16800000	2588.84400000	2561.44000000	2562.45200000	2558.38740000	2562.49280000
2856454849.49832773	2561.62000000	2564.43200000	2562.31400000	2563.75000000	2565.75600000	2566.85600000	2608.50400000	2611.41600000	2547.06400000	2553.04400000	2531.09000000	2540.45200000	2567.30200000	2572.02200000	2567.12200000	2573.51800000	2558.81800000	2556.22000000	2563.87000000	2564.39200000	2563.34600000	2566.61020000
2857458193.97993326	2559.94600000	2567.06000000	2550.43600000	2557.58400000	2560.32400000	2569.41400000	2610.96200000	2610.10400000	2541.46200000	2545.98200000	2542.41600000	2549.34400000	2556.98000000	2559.27800000	2564.55600000	2569.54400000	2547.57800000	2555.92800000	2555.77200000	2560.18400000	2559.04320000	2564.44220000
2858461538.46153831	2544.90200000	2549.46000000	2556.86200000	2558.77600000	2561.60000000	2568.92800000	2577.84600000	2577.73200000	2551.73200000	2553.93000000	2547.62400000	2550.12200000	2546.26000000	2548.58600000	2550.50000000	2553.12800000	2607.50400000	2615.29200000	2569.45600000	2578.85000000	2561.42860000	2565.48040000
2859464882.94314384	2610.95600000	2613.50600000	2557.35000000	2555.73600000	2577.55600000	2585.53000000	2555.88600000	2563.61200000	2546.06200000	2554.98800000	2578.63000000	2587.00800000	2577.66000000	2584.38800000	2557.17200000	2556.91600000	2625.79800000	2638.65800000	2597.39400000	2604.79000000	2578.44640000	2584.51320000
2860468227.42474937	2529.43200000	2538.05800000	2550.32400000	2553.13400000	2554.59200000	2565.48800000	2584.73600000	2597.60400000	2542.10600000	2547.45600000	2544.57800000	2556.06400000	2533.97400000	2541.00000000	2538.74400000	2550.51800000	2591.98800000	2599.58000000	2578.75200000	2588.02400000	2554.92260000	2563.69260000
2861471571.90635443	2554.08800000	2563.31200000	2551.99800000	2554.94400000	2565.88400000	2575.34000000	2606.88000000	2612.93800000	2564.77000000	2573.12400000	2534.72200000	2542.16200000	2586.91800000	2590.65800000	2577.59400000	2582.59000000	2533.71000000	2542.26200000	2568.39200000	2570.62200000	2564.49560000	2570.79520000
2862474916.38795996	2548.20600000	2555.14400000	2554.54600000	2560.98200000	2552.46800000	2560.02400000	2557.48600000	2565.64800000	2534.90000000	2544.75400000	2527.47600000	2538.71000000	2532.02200000	2543.25800000	2556.03400000	2567.95200000	2594.19600000	2606.52600000	2544.09200000	2553.25200000	2550.14260000	2559.62500000
2863478260.86956501	2587.17600000	2596.64000000	2569.92600000	2579.36400000	2581.18200000	2584.81600000	2560.98000000	2576.18000000	2556.40800000	2567.20000000	2575.12800000	2587.51200000	2568.44800000	2581.37000000	2547.97000000	2559.37000000	2588.17400000	2600.70800000	2571.86200000	2586.16000000	2570.72540000	2581.93200000
2864481605.35117054	2553.71600000	2567.45600000	2549.05200000	2562.12000000	2568.04000000	2578.30400000	2609.22800000	2624.85400000	2572.71200000	2586.24200000	2537.96400000	2547.52600000	2595.58400000	2605.09600000	2578.32000000	2583.03400000	2534.30000000	2546.68600000	2575.43000000	2583.79000000	2567.43460000	2578.51080000
2865484949.83277607	2559.18600000	2572.53400000	2571.44800000	2586.16400000	2576.90800000	2593.66000000	2586.29200000	2603.83000000	2561.95400000	2576.37000000	2564.52400000	2576.76000000	2607.47000000	2621.48400000	2592.91000000	2604.78200000	2547.77800000	2559.89800000	2577.00200000	2593.52400000	2574.54720000	2588.90060000
2866488294.31438112	2544.85600000	2559.86000000	2571.19800000	2587.39200000	2536.50000000	2550.07600000	2548.80800000	2558.16000000	2540.73400000	2552.47800000	2531.00200000	2548.97800000	2544.66800000	2555.35600000	2521.34600000	2540.22000000	2570.58800000	2587.32200000	2551.05400000	2565.56400000	2546.07540000	2560.54060000
2867491638.79598665	2611.24000000	2627.84600000	2554.30000000	2564.95400000	2576.64200000	2591.91200000	2539.15000000	2553.80600000	2597.82800000	2615.33200000	2563.00000000	2578.79200000	2545.51800000	2554.53000000	2554.79400000	2572.25800000	2593.44000000	2611.33600000	2594.87600000	2610.51400000	2573.07880000	2588.12800000
2868494983.27759218	2546.04400000	2559.17200000	2557.34400000	2573.41000000	2529.57400000	2545.03400000	2535.58000000	2547.55400000	2538.77400000	2553.59400000	2521.10600000	2539.16400000	2550.61000000	2567.21600000	2523.13200000	2538.68600000	2570.89400000	2588.81000000	2539.89800000	2554.19000000	2541.29560000	2556.68300000
2869498327.75919724	2596.37400000	2611.79400000	2547.72600000	2558.55400000	2575.32600000	2590.88600000	2542.08400000	2561.04000000	2582.80000000	2599.46200000	2564.60000000	2578.24000000	2542.97600000	2555.79800000	2550.38400000	2567.47800000	2584.71400000	2602.20200000	2584.58800000	2599.38400000	2567.15720000	2582.48380000
2870501672.24080276	2577.58800000	2591.63400000	2558.81600000	2579.01400000	2566.26400000	2584.92600000	2560.65400000	2572.98000000	2556.83600000	2566.64600000	2572.61400000	2591.34200000	2565.37200000	2578.06400000	2543.72000000	2556.09600000	2579.77200000	2596.96200000	2563.46400000	2581.13000000	2564.51000000	2579.87940000
2871505016.72240782	2543.84200000	2560.43800000	2552.30000000	2570.38800000	2536.65000000	2546.72400000	2525.76000000	2542.21400000	2537.96200000	2551.20000000	2507.33200000	2521.23600000	2547.96000000	2568.62400000	2533.57600000	2548.84600000	2579.94200000	2590.51000000	2532.47000000	2553.20400000	2539.77940000	2555.33840000
2872508361.20401335	2595.15400000	2606.95000000	2539.36000000	2556.27000000	2607.39400000	2618.56400000	2560.65600000	2578.48800000	2570.21000000	2585.43800000	2572.80400000	2587.48000000	2541.45400000	2558.03000000	2559.68200000	2577.29400000	2563.23000000	2576.33000000	2574.62200000	2590.61200000	2568.45660000	2583.54560000
2873511705.68561888	2543.88200000	2557.67200000	2540.81200000	2556.57200000	2563.00200000	2579.12400000	2600.76800000	2613.61200000	2561.52200000	2576.91600000	2526.09000000	2540.29800000	2578.86600000	2591.43200000	2572.09400000	2584.70600000	2526.57800000	2545.42800000	2557.39800000	2571.34000000	2557.10120000	2571.71000000
2874515050.16722393	2589.38400000	2599.45000000	2541.51000000	2551.40200000	2575.48800000	2587.38800000	2545.65200000	2556.46000000	2577.07000000	2586.95400000	2560.45400000	2572.03000000	2544.37400000	2550.90600000	2545.08600000	2561.66600000	2580.98200000	2594.70000000	2577.97200000	2590.45200000	2563.79720000	2575.14080000
2875518394.64882946	2538.60600000	2545.24000000	2561.45400000	2573.63400000	2532.41200000	2548.44200000	2622.67400000	2635.83600000	2550.85200000	2561.65400000	2537.40000000	2556.36000000	2531.26200000	2538.96000000	2545.55200000	2563.15800000	2612.91400000	2625.94400000	2572.49800000	2584.24600000	2560.56240000	2573.34740000
2876521739.13043499	2561.07800000	2572.23400000	2567.38800000	2580.39000000	2581.04600000	2587.77800000	2594.62600000	2606.34800000	2566.38000000	2580.46600000	2551.35800000	2561.81400000	2597.33000000	2610.31000000	2572.89800000	2576.00800000	2551.73400000	2564.36000000	2574.48800000	2588.81000000	2571.83260000	2582.85180000
2877525083.61204004	2591.35000000	2607.13400000	2549.47600000	2553.08600000	2600.00800000	2615.21800000	2566.11000000	2572.74200000	2578.04000000	2586.56400000	2581.07800000	2591.21200000	2551.32800000	2561.25200000	2563.32800000	2570.95200000	2575.30200000	2582.12800000	2580.56200000	2589.63600000	2573.65820000	2582.99240000
2878528428.09364557	2568.86200000	2576.42400000	2572.28000000	2584.73200000	2589.39400000	2597.02400000	2596.69600000	2604.11200000	2577.06800000	2582.52800000	2559.26000000	2570.34400000	2602.39600000	2615.10400000	2588.67600000	2593.47400000	2552.09200000	2565.01000000	2581.52200000	2587.88400000	2578.82460000	2587.66360000
2879531772.57525063	2602.44000000	2607.61600000	2565.56600000	2566.50400000	2564.78800000	2573.94400000	2548.37000000	2563.18400000	2549.10800000	2555.84400000	2563.95000000	2574.90800000	2576.51000000	2585.61400000	2550.87800000	2556.26600000	2597.62000000	2607.93800000	2574.52400000	2584.99600000	2569.37540000	2577.68140000
2880535117.05685616	2596.06400000	2604.62800000	2569.35000000	2576.01200000	2575.05200000	2581.26800000	2559.25800000	2566.65800000	2557.34600000	2568.32600000	2574.82000000	2581.04200000	2574.58800000	2579.81800000	2557.74200000	2560.00400000	2606.52800000	2610.60000000	2578.03400000	2585.78000000	2574.87820000	2581.41360000
2881538461.53846169	2572.85000000	2572.11400000	2551.74400000	2555.14400000	2556.45800000	2559.80200000	2582.18600000	2585.97800000	2542.77400000	2553.55000000	2533.08600000	2539.69400000	2553.06400000	2558.57200000	2539.79000000	2543.39800000	2556.69600000	2562.94600000	2562.90200000	2569.04200000	2555.15500000	2560.02400000
2882541806.02006674	2603.49800000	2609.92600000	2557.34600000	2565.10000000	2575.92200000	2581.07400000	2562.83800000	2566.87200000	2554.48400000	2557.30400000	2576.92000000	2581.39200000	2585.91400000	2587.40400000	2551.21800000	2556.53400000	2640.00600000	2639.75200000	2611.07600000	2615.07600000	2581.92220000	2586.04340000
2883545150.50167227	2564.92600000	2569.60800000	2548.39600000	2553.35000000	2557.79200000	2559.49800000	2548.16200000	2549.81600000	2550.43000000	2552.88400000	2526.47600000	2528.12600000	2542.47200000	2545.66600000	2560.97600000	2562.85600000	2594.23400000	2601.12800000	2549.01600000	2552.90800000	2554.28800000	2557.58400000
2884548494.98327780	2561.16200000	2564.27000000	2561.87200000	2562.37800000	2569.82200000	2573.22600000	2615.55200000	2617.20600000	2561.47800000	2565.08400000	2538.13400000	2545.98800000	2574.25000000	2578.44000000	2576.95400000	2582.65800000	2549.10600000	2556.15600000	2564.83600000	2569.64800000	2567.31660000	2571.50540000
2885551839.46488285	2604.41600000	2606.98400000	2567.69000000	2571.36400000	2574.27200000	2579.13800000	2563.52400000	2562.39600000	2557.78400000	2560.62200000	2573.65800000	2577.34400000	2572.60600000	2580.47600000	2556.50200000	2564.43200000	2605.42600000	2607.70400000	2578.85200000	2584.60200000	2575.47300000	2579.50620000
2886555183.94648838	2540.69800000	2542.14200000	2558.30800000	2562.16600000	2552.76400000	2557.34200000	2612.05200000	2612.79200000	2561.62000000	2565.99400000	2548.58000000	2553.61600000	2553.11400000	2558.19200000	2563.05600000	2567.48400000	2616.97200000	2624.41200000	2585.58200000	2585.80000000	2569.27460000	2572.99400000
2887558528.42809343	2577.19600000	2585.74200000	2542.21200000	2548.12400000	2646.05800000	2648.35000000	2572.77000000	2573.60200000	2621.34000000	2621.91800000	2573.94600000	2573.62400000	2562.08000000	2567.67600000	2550.89600000	2545.40400000	2567.59400000	2568.20200000	2602.90600000	2605.65600000	2581.69980000	2583.82980000
2888561872.90969896	2556.90400000	2557.85400000	2569.56600000	2571.93000000	2544.84400000	2546.04400000	2546.79000000	2547.66200000	2553.23200000	2554.49400000	2530.89000000	2535.30400000	2563.54400000	2566.45400000	2542.37000000	2546.94400000	2589.54800000	2587.22200000	2550.59800000	2546.91800000	2554.82860000	2556.08260000
2889565217.39130449	2576.75200000	2579.39600000	2576.24600000	2582.96000000	2584.24400000	2595.94000000	2604.05200000	2606.27000000	2582.58400000	2582.76600000	2565.22600000	2564.89000000	2610.14800000	2608.12800000	2576.97200000	2580.05800000	2565.25200000	2563.70400000	2585.45600000	2585.32400000	2582.69320000	2584.94360000
2890568561.87290955	2565.86600000	2565.81200000	2579.00400000	2577.30000000	2560.41800000	2557.82000000	2568.36000000	2567.10800000	2542.35200000	2548.04800000	2558.23800000	2554.16000000	2554.44600000	2558.81200000	2535.33600000	2534.70400000	2588.29200000	2591.98600000	2565.67600000	2568.74200000	2561.79880000	2562.44920000
2891571906.35451508	2572.61600000	2574.80000000	2578.76600000	2577.93800000	2590.90400000	2593.61400000	2600.69800000	2599.00600000	2575.83000000	2578.62200000	2560.46200000	2566.90600000	2607.26800000	2610.34400000	2573.21800000	2575.49400000	2561.81200000	2566.70200000	2584.02000000	2581.11200000	2580.55940000	2582.45380000
2892575250.83612061	2550.23000000	2548.73000000	2574.13000000	2575.44200000	2548.80800000	2550.01800000	2631.85000000	2634.16200000	2560.59800000	2565.12000000	2550.92000000	2557.10400000	2542.26800000	2546.26800000	2560.61600000	2563.82000000	2619.09600000	2620.99600000	2585.63400000	2583.63800000	2572.41500000	2574.52980000
2893578595.31772566	2531.81600000	2539.60600000	2556.39000000	2555.31000000	2562.16400000	2559.33400000	2600.87800000	2599.76800000	2553.90200000	2550.27600000	2546.20000000	2550.33000000	2545.89600000	2551.27400000	2562.45800000	2564.42800000	2614.60200000	2614.12800000	2582.24200000	2583.57200000	2565.65480000	2566.80260000
2894581939.79933119	2538.71000000	2537.78000000	2551.56600000	2560.11600000	2561.65400000	2567.60400000	2602.08600000	2600.37200000	2554.87800000	2556.68800000	2557.82000000	2557.06200000	2547.93800000	2542.24800000	2546.49200000	2546.76000000	2598.82000000	2601.16000000	2588.13200000	2588.32800000	2564.80960000	2565.81180000
2895585284.28093624	2554.44000000	2554.10600000	2593.57600000	2592.59400000	2558.66200000	2557.98400000	2638.13400000	2633.92600000	2562.91000000	2562.17400000	2560.58200000	2559.62600000	2540.40600000	2543.24800000	2561.66200000	2561.88000000	2620.71000000	2618.45600000	2582.72400000	2589.50000000	2577.38060000	2577.34940000
2896588628.76254177	2572.99200000	2572.47000000	2560.96600000	2562.27400000	2563.53000000	2564.07800000	2607.00400000	2604.81200000	2553.79600000	2555.04000000	2546.03400000	2548.31600000	2568.05000000	2566.13400000	2559.51800000	2560.95800000	2560.93200000	2560.27400000	2562.23800000	2560.32600000	2565.50600000	2565.46820000
2897591973.24414730	2548.76000000	2550.24200000	2580.56600000	2580.86600000	2552.32800000	2554.36200000	2626.84000000	2636.21800000	2561.12600000	2560.73400000	2556.43000000	2550.65200000	2540.66800000	2537.93200000	2562.47400000	2560.36800000	2623.40000000	2621.04000000	2585.62200000	2590.02200000	2573.82140000	2574.24360000
2898595317.72575235	2628.61600000	2625.43400000	2566.52200000	2562.24400000	2594.04600000	2590.97000000	2560.37400000	2557.65200000	2613.26400000	2611.07600000	2581.13400000	2576.26200000	2563.52400000	2558.09600000	2572.38400000	2570.57000000	2607.08400000	2608.79400000	2608.49200000	2606.93000000	2589.54400000	2586.80280000
2899598662.20735788	2577.27000000	2574.96200000	2570.05000000	2569.69200000	2562.71000000	2566.01800000	2580.31200000	2578.54800000	2545.75200000	2549.18400000	2561.16400000	2561.17600000	2559.26000000	2562.06400000	2542.16400000	2539.34000000	2585.68800000	2586.21200000	2572.36600000	2571.94800000	2565.67360000	2565.91440000
2900602006.68896341	2569.37800000	2564.68400000	2564.46600000	2562.59600000	2583.10800000	2582.46600000	2621.80600000	2621.94400000	2568.76600000	2574.08000000	2543.26000000	2543.88400000	2591.37400000	2590.41200000	2590.67800000	2589.23800000	2548.31400000	2554.31800000	2576.26800000	2574.66800000	2575.74180000	2575.82900000
2901605351.17056847	2577.39800000	2579.32800000	2571.02000000	2568.29200000	2571.14000000	2568.54000000	2556.46600000	2554.03600000	2558.33400000	2556.41800000	2537.73000000	2540.75000000	2562.48600000	2562.96400000	2575.78400000	2573.31600000	2609.41200000	2604.78800000	2561.16000000	2562.07000000	2568.09300000	2567.05020000
2902608695.65217400	2620.29800000	2622.17400000	2564.18000000	2564.52800000	2595.71800000	2593.36600000	2551.28200000	2546.21000000	2599.83800000	2597.86200000	2574.16200000	2573.53000000	2570.46000000	2569.91200000	2567.41000000	2569.53400000	2628.52600000	2629.91200000	2634.35400000	2633.78800000	2590.62280000	2590.08160000
2903612040.13377905	2585.99800000	2585.59200000	2584.97400000	2584.84800000	2596.49000000	2594.57000000	2602.51000000	2605.98000000	2563.45600000	2566.24400000	2571.80400000	2573.16200000	2592.75200000	2592.08200000	2560.40800000	2558.75000000	2581.89400000	2580.26200000	2580.99800000	2580.28400000	2582.12840000	2582.17740000
2904615384.61538458	2562.50800000	2565.07800000	2566.09800000	2564.22200000	2562.21400000	2562.15000000	2555.89600000	2553.87800000	2550.45000000	2551.30600000	2536.25600000	2536.78600000	2551.05000000	2547.72000000	2568.15800000	2573.13200000	2609.78800000	2608.14200000	2556.37200000	2554.18800000	2561.87900000	2561.66020000
2905618729.09699011	2572.28200000	2567.24600000	2573.93400000	2569.23000000	2562.27200000	2562.06800000	2552.74000000	2553.16400000	2557.36800000	2555.37200000	2530.10600000	2530.59800000	2566.13800000	2569.47000000	2563.47000000	2562.28600000	2603.13600000	2600.39800000	2561.48200000	2553.96200000	2564.29280000	2562.37940000
2906622073.57859516	2606.81800000	2603.41800000	2554.03200000	2556.32000000	2623.07800000	2617.57600000	2577.19000000	2575.67200000	2591.16600000	2586.60600000	2592.10000000	2590.67600000	2557.29000000	2562.83000000	2576.05400000	2574.73800000	2586.57200000	2581.97800000	2593.88000000	2590.33600000	2585.81800000	2584.01500000
2907625418.06020069	2621.06200000	2621.14600000	2568.91000000	2566.58600000	2581.02200000	2582.74000000	2573.37800000	2573.67800000	2569.16400000	2568.27600000	2576.59400000	2574.71400000	2591.18800000	2590.72200000	2562.00400000	2560.25000000	2649.20800000	2646.02000000	2622.81600000	2625.36600000	2591.53460000	2590.94980000
2908628762.54180622	2601.09600000	2603.55200000	2536.16600000	2537.13600000	2647.71400000	2648.58600000	2570.99600000	2574.50000000	2600.84400000	2599.94800000	2589.99400000	2587.63200000	2550.31000000	2549.00400000	2555.90800000	2554.65800000	2566.36600000	2563.99600000	2592.75800000	2586.91800000	2581.21520000	2580.59300000
2909632107.02341127	2625.94400000	2628.15000000	2567.48600000	2565.64800000	2580.00400000	2581.89200000	2568.18200000	2571.60600000	2578.85400000	2574.38800000	2577.15400000	2568.80800000	2583.50400000	2584.35800000	2566.09800000	2568.30400000	2639.79400000	2636.21600000	2626.14000000	2625.66800000	2591.31600000	2590.50380000
2910635451.50501680	2563.92600000	2561.29600000	2584.51600000	2579.64600000	2562.86400000	2560.79800000	2562.34400000	2562.62800000	2556.23200000	2553.67200000	2552.54600000	2551.29800000	2559.67200000	2557.80600000	2541.12400000	2539.39000000	2588.93600000	2591.14000000	2568.57800000	2569.96400000	2564.07380000	2562.76380000
2911638795.98662186	2583.25600000	2581.24200000	2583.65600000	2582.31200000	2590.33200000	2588.88000000	2604.23200000	2605.45400000	2575.51600000	2571.81400000	2570.18000000	2574.15800000	2608.85800000	2609.02200000	2573.96200000	2573.77600000	2571.07400000	2566.82000000	2582.06200000	2584.18400000	2584.31280000	2583.76620000
2912642140.46822739	2568.94400000	2568.44600000	2571.01000000	2572.22200000	2584.81000000	2581.88200000	2627.60600000	2625.38200000	2589.72000000	2584.75000000	2558.56600000	2556.71400000	2618.59400000	2617.70000000	2592.42400000	2593.45400000	2555.40000000	2554.85600000	2600.85200000	2594.68200000	2586.79260000	2585.00880000
2913645484.94983292	2571.96600000	2570.02600000	2563.23800000	2560.64800000	2563.87200000	2562.79000000	2553.95600000	2554.81200000	2555.02400000	2552.27800000	2531.46600000	2532.54200000	2556.65600000	2553.79800000	2566.93800000	2569.53600000	2601.65800000	2602.22000000	2555.55000000	2555.02800000	2562.03240000	2561.36780000
2914648829.43143797	2561.45200000	2561.97800000	2572.85800000	2575.86000000	2544.78600000	2546.91400000	2547.12600000	2543.24000000	2565.52400000	2560.28800000	2529.15800000	2528.91800000	2574.51200000	2572.25800000	2547.87400000	2549.51400000	2595.00600000	2600.50000000	2552.58400000	2552.32400000	2559.08800000	2559.17940000
2915652173.91304350	2584.40400000	2582.62800000	2543.69400000	2540.69800000	2654.27600000	2654.40600000	2572.21800000	2572.95800000	2635.29200000	2637.09400000	2575.86600000	2576.51200000	2550.37400000	2549.02400000	2549.69400000	2546.15600000	2567.10200000	2564.38000000	2597.33200000	2598.46200000	2583.02520000	2582.23180000
2916655518.39464903	2568.84800000	2565.39200000	2568.78000000	2569.82400000	2554.22400000	2553.10600000	2547.34000000	2547.33600000	2557.31400000	2553.88800000	2516.68400000	2513.85000000	2571.30600000	2569.70600000	2558.43800000	2555.33200000	2596.89000000	2599.59400000	2556.61800000	2554.31200000	2559.64420000	2558.23400000
2917658862.87625408	2598.33600000	2599.72200000	2580.51800000	2578.93000000	2585.75800000	2589.40000000	2581.52000000	2579.01800000	2572.46800000	2566.79200000	2595.23800000	2594.37200000	2584.52800000	2586.50000000	2563.83000000	2562.79200000	2601.99000000	2598.16000000	2584.72800000	2586.20800000	2584.89140000	2584.18940000
2918662207.35785961	2573.95200000	2566.42400000	2573.55800000	2575.44200000	2580.43000000	2578.12800000	2602.24000000	2597.06800000	2580.95000000	2579.87600000	2570.30800000	2568.54000000	2620.69400000	2617.74000000	2596.95600000	2594.55600000	2554.68400000	2555.64200000	2587.64400000	2585.91400000	2584.14160000	2581.93300000
2919665551.83946514	2566.38400000	2570.27600000	2571.08200000	2566.91600000	2581.40800000	2577.30000000	2606.92800000	2614.28600000	2582.58600000	2580.85600000	2562.39000000	2561.54800000	2619.71600000	2616.33800000	2594.10800000	2592.74800000	2556.91800000	2555.44800000	2592.50800000	2593.34400000	2583.40280000	2582.90600000
2920668896.32107019	2564.98400000	2558.27400000	2557.21000000	2555.73600000	2585.45400000	2583.63000000	2621.27200000	2616.93200000	2574.71600000	2572.97200000	2542.49400000	2538.74000000	2592.00200000	2593.87400000	2586.76000000	2590.67800000	2552.67800000	2551.69600000	2574.95200000	2576.28200000	2575.25220000	2573.88140000
2921672240.80267572	2585.85000000	2584.22800000	2589.46600000	2587.97200000	2595.09200000	2594.36200000	2603.71800000	2602.88600000	2582.84400000	2575.50600000	2570.48400000	2569.46200000	2612.91800000	2610.53600000	2579.28800000	2582.35800000	2574.79000000	2567.85200000	2587.51400000	2588.11800000	2588.19640000	2586.32800000
2922675585.28428078	2613.63400000	2609.16400000	2538.74400000	2540.87200000	2648.32000000	2644.88800000	2579.12600000	2576.04000000	2602.43800000	2595.91600000	2598.59800000	2592.60400000	2554.92400000	2555.70800000	2560.46800000	2561.47200000	2570.92000000	2567.29800000	2588.61400000	2592.91200000	2585.57860000	2583.68740000
2923678929.76588631	2582.28200000	2578.76600000	2537.79800000	2539.18000000	2657.76800000	2652.12600000	2573.01800000	2572.54000000	2630.15200000	2628.62800000	2577.49000000	2572.51400000	2554.06000000	2548.97800000	2547.29000000	2545.60400000	2568.21600000	2568.01800000	2603.11800000	2607.23800000	2583.11920000	2581.35920000
2924682274.24749184	2571.40800000	2570.97600000	2588.00400000	2584.20200000	2594.72000000	2591.95400000	2611.17200000	2607.03400000	2581.19000000	2583.00200000	2568.72400000	2568.80000000	2604.01200000	2611.14200000	2590.52600000	2589.79400000	2562.07800000	2565.30600000	2589.57200000	2591.32000000	2586.14060000	2586.35300000
2925685618.72909689	2620.07800000	2615.97600000	2565.84400000	2565.95000000	2596.30600000	2591.89600000	2551.61000000	2548.65000000	2602.16400000	2599.68000000	2572.88200000	2570.90600000	2569.38600000	2567.56200000	2565.62800000	2567.34800000	2626.23800000	2628.20400000	2628.09600000	2634.72600000	2589.82320000	2589.08980000
2926688963.21070242	2589.05200000	2582.50600000	2591.06600000	2583.00600000	2595.52400000	2597.79600000	2610.46000000	2609.10400000	2569.50200000	2569.67200000	2571.14600000	2570.59000000	2598.92600000	2599.12400000	2562.02600000	2565.58000000	2572.37000000	2576.79000000	2581.60400000	2584.04400000	2584.16760000	2583.82120000
2927692307.69230747	2535.76200000	2538.42600000	2560.29400000	2558.90400000	2563.52000000	2562.25400000	2596.32800000	2598.50800000	2546.70200000	2545.49200000	2557.30800000	2555.70800000	2542.42600000	2542.05000000	2549.34000000	2549.68800000	2601.77200000	2600.45600000	2590.96200000	2589.13200000	2564.44140000	2564.06180000
2928695652.17391300	2591.14400000	2585.76600000	2582.84800000	2587.12600000	2598.57800000	2592.09000000	2610.24400000	2611.94800000	2574.95200000	2575.49200000	2574.71800000	2570.93200000	2600.93400000	2598.77000000	2571.05200000	2570.15000000	2574.40800000	2571.82800000	2585.02400000	2585.11800000	2586.39020000	2584.92200000
2929698996.65551853	2600.91800000	2603.22000000	2530.50200000	2530.42000000	2643.31400000	2644.34600000	2568.84000000	2569.60600000	2620.10600000	2619.55200000	2598.58600000	2593.99000000	2548.65400000	2543.41000000	2565.98600000	2565.70600000	2568.65000000	2568.65800000	2589.16000000	2588.88000000	2583.47160000	2582.77880000
2930702341.13712358	2583.32400000	2580.66000000	2582.68400000	2581.80600000	2595.02200000	2594.42400000	2606.90800000	2604.64400000	2566.64600000	2569.05000000	2572.00000000	2573.46200000	2598.66200000	2589.67400000	2564.37200000	2563.16800000	2572.43400000	2573.50400000	2583.51200000	2576.31800000	2582.55640000	2580.67100000
2931705685.61872911	2587.41200000	2588.28200000	2534.01000000	2531.89800000	2654.34600000	2652.20800000	2567.58800000	2567.24200000	2630.25000000	2623.79400000	2587.72800000	2589.41200000	2547.20200000	2549.81200000	2556.51800000	2558.99000000	2561.60000000	2560.66600000	2587.77400000	2589.57000000	2581.44280000	2581.18740000
2932709030.10033464	2638.68400000	2636.61000000	2566.24000000	2564.77000000	2579.54200000	2580.26000000	2556.29800000	2553.39800000	2586.77600000	2582.83600000	2570.52800000	2572.01000000	2581.43400000	2586.15800000	2565.04400000	2567.86400000	2626.14400000	2620.36200000	2641.12200000	2636.98600000	2591.18120000	2590.12540000
2933712374.58193970	2579.92600000	2579.31200000	2590.23200000	2586.63600000	2587.44600000	2588.21800000	2604.79200000	2600.76400000	2581.83600000	2572.77000000	2584.32600000	2578.91800000	2625.89800000	2625.34400000	2612.68600000	2608.58400000	2565.53000000	2562.12600000	2592.92000000	2594.18200000	2592.55920000	2589.68540000
2934715719.06354523	2626.77000000	2626.28200000	2574.31400000	2567.98000000	2600.03400000	2599.74400000	2560.92000000	2558.09000000	2615.80200000	2610.04200000	2579.58200000	2576.38400000	2568.86400000	2567.25800000	2573.33000000	2577.51200000	2616.40200000	2618.99800000	2623.83800000	2624.58000000	2593.98560000	2592.68700000
2935719063.54515076	2581.20400000	2581.78800000	2543.40400000	2540.75600000	2657.76800000	2654.17000000	2571.60600000	2571.09000000	2631.95000000	2629.87000000	2575.88600000	2576.82800000	2553.91400000	2550.52600000	2545.76600000	2549.89600000	2568.43200000	2568.04200000	2610.92600000	2603.78800000	2584.08560000	2582.67540000
2936722408.02675581	2589.98800000	2589.99600000	2536.99000000	2533.06600000	2653.07200000	2652.47600000	2568.92000000	2567.44800000	2626.82200000	2626.44800000	2588.70800000	2598.52200000	2551.00000000	2551.00200000	2560.97400000	2560.15000000	2566.68600000	2566.37400000	2593.37600000	2594.72200000	2583.65360000	2584.02040000
2937725752.50836134	2592.00600000	2590.36600000	2579.72200000	2574.72200000	2588.46000000	2589.60400000	2591.40600000	2590.85600000	2566.39000000	2560.88400000	2588.60200000	2591.25200000	2592.15800000	2591.95800000	2558.72000000	2559.53000000	2595.71800000	2590.28400000	2586.65400000	2581.37800000	2583.98360000	2582.08340000
2938729096.98996639	2585.97800000	2582.13800000	2551.16600000	2545.63800000	2648.98400000	2642.75000000	2576.82400000	2577.87800000	2628.14000000	2627.38800000	2570.33000000	2566.58800000	2572.59800000	2569.57000000	2545.98400000	2550.36000000	2565.95400000	2565.42000000	2607.17600000	2606.79000000	2585.31340000	2583.45200000
2939732441.47157192	2610.69800000	2610.25200000	2552.74400000	2544.74200000	2630.27000000	2631.37600000	2581.52200000	2577.22200000	2589.83400000	2589.60000000	2596.16800000	2589.29600000	2556.10200000	2556.76400000	2574.18000000	2571.55600000	2575.11200000	2573.88600000	2592.54600000	2589.07200000	2585.91760000	2583.37660000
2940735785.95317745	2564.85400000	2569.05800000	2556.65600000	2554.03400000	2563.86000000	2561.71400000	2553.78800000	2552.85800000	2559.64200000	2554.68600000	2531.31600000	2536.61000000	2549.15000000	2554.83800000	2572.60800000	2568.13400000	2603.81400000	2601.16200000	2559.43400000	2555.82400000	2561.51220000	2560.89180000
2941739130.43478251	2629.61000000	2627.78000000	2569.91400000	2567.78800000	2585.25000000	2589.57800000	2574.66000000	2574.70200000	2576.12000000	2574.46400000	2574.61000000	2573.97600000	2591.10600000	2587.55800000	2563.61400000	2565.38600000	2646.55800000	2644.97400000	2630.35400000	2625.68400000	2594.17960000	2593.18900000
2942742474.91638803	2542.47800000	2544.09200000	2559.19600000	2564.22600000	2558.33200000	2561.04600000	2610.19200000	2612.52000000	2565.26000000	2564.25400000	2549.86200000	2553.61600000	2551.57600000	2555.73600000	2567.73400000	2564.26000000	2618.80600000	2618.95800000	2590.49800000	2592.16400000	2571.39340000	2573.08720000
2943745819.39799309	2566.53000000	2561.46200000	2567.08400000	2572.40800000	2570.53600000	2562.60800000	2577.53800000	2578.28800000	2550.59600000	2554.50400000	2545.17800000	2547.29400000	2549.24400000	2548.54000000	2567.91800000	2567.97200000	2618.68400000	2615.54200000	2564.76000000	2564.42400000	2567.80680000	2567.30420000
2944749163.87959862	2568.94200000	2571.68200000	2568.66000000	2568.39800000	2557.69600000	2557.45600000	2547.77800000	2546.70800000	2552.94600000	2554.57800000	2531.02600000	2529.31400000	2569.79000000	2568.76600000	2563.16400000	2561.17600000	2604.25200000	2602.48800000	2554.69400000	2549.36800000	2561.89480000	2560.99340000
2945752508.36120415	2574.90000000	2576.10400000	2573.50000000	2571.67000000	2583.96200000	2579.52000000	2615.81000000	2612.09200000	2584.88800000	2583.60400000	2571.18800000	2568.20000000	2624.59400000	2622.75800000	2602.65200000	2594.28600000	2559.46200000	2557.91800000	2596.06800000	2595.76800000	2588.70240000	2586.19200000
2946755852.84280920	2588.32800000	2582.21400000	2539.54400000	2536.52200000	2667.40200000	2663.48000000	2576.27000000	2571.52000000	2635.14800000	2635.71000000	2584.99000000	2585.77000000	2549.09000000	2547.01000000	2555.71400000	2552.74200000	2561.83600000	2562.45400000	2595.96400000	2594.82800000	2585.42860000	2583.22500000
2947759197.32441473	2547.12000000	2542.04800000	2565.53800000	2562.79600000	2571.06200000	2571.04000000	2599.83000000	2598.90400000	2551.39600000	2551.08000000	2555.17800000	2555.52200000	2546.38000000	2545.68000000	2568.77800000	2559.76200000	2614.88600000	2612.62400000	2588.93000000	2586.30800000	2570.90980000	2568.57640000
2948762541.80602026	2606.52600000	2606.13000000	2539.46800000	2537.01400000	2646.11200000	2649.29400000	2575.12600000	2576.62800000	2598.79400000	2598.53200000	2589.45200000	2588.77800000	2557.02800000	2553.57200000	2556.96200000	2557.19800000	2566.52600000	2565.40600000	2586.90000000	2589.48800000	2582.28940000	2582.20400000
2949765886.28762531	2578.84400000	2576.07000000	2562.60200000	2563.13000000	2570.35400000	2564.96200000	2606.85400000	2606.96000000	2553.93000000	2551.76800000	2553.02600000	2546.24000000	2571.31400000	2563.87000000	2562.58800000	2558.95000000	2566.89200000	2567.04000000	2571.56000000	2565.90000000	2569.79640000	2566.48900000
2950769230.76923084	2542.59800000	2544.04400000	2568.33000000	2566.01400000	2558.34200000	2552.15200000	2626.73600000	2621.06000000	2575.57200000	2568.77400000	2554.33400000	2554.65800000	2556.70200000	2551.79200000	2569.13800000	2568.14400000	2615.13000000	2621.15200000	2587.65600000	2589.02600000	2575.45380000	2573.68160000
2951772575.25083637	2569.62000000	2568.45400000	2559.12800000	2559.67400000	2571.30600000	2568.68000000	2610.51000000	2611.53000000	2558.73800000	2549.17000000	2556.75400000	2552.99600000	2566.48000000	2561.59800000	2571.58600000	2569.07400000	2560.27200000	2559.53800000	2565.86000000	2563.41200000	2569.02540000	2566.41260000
2952775919.73244143	2550.47600000	2550.75200000	2609.79600000	2609.26600000	2566.21600000	2568.45600000	2635.69200000	2631.89800000	2561.63600000	2557.25200000	2564.68400000	2559.67600000	2538.70800000	2537.86400000	2556.73600000	2550.87400000	2609.37600000	2607.61200000	2602.69000000	2600.63800000	2579.60100000	2577.42880000
2953779264.21404696	2544.63800000	2541.64200000	2568.69400000	2563.90200000	2569.03800000	2563.03400000	2590.16600000	2587.27400000	2551.30000000	2554.42600000	2551.64200000	2548.51600000	2547.61800000	2546.63200000	2555.65200000	2559.13200000	2615.15800000	2609.71800000	2581.86600000	2581.99000000	2567.57720000	2565.62660000
2954782608.69565201	2572.28000000	2572.48400000	2578.07400000	2576.86800000	2562.01600000	2563.70400000	2568.23800000	2560.19800000	2546.54200000	2543.65200000	2562.84400000	2559.74000000	2557.16800000	2558.91600000	2537.95800000	2536.04200000	2587.61400000	2586.85000000	2573.04200000	2569.36400000	2564.57760000	2562.78180000
2955785953.17725754	2613.30400000	2613.65200000	2567.58800000	2562.26200000	2585.31800000	2582.67400000	2571.39200000	2573.34600000	2564.06200000	2561.09400000	2578.52400000	2577.86400000	2595.21600000	2590.38800000	2558.09800000	2559.52200000	2645.13600000	2645.07800000	2621.79200000	2624.33800000	2590.04300000	2589.02180000
2956789297.65886307	2569.39600000	2565.91600000	2574.79200000	2567.72000000	2581.58400000	2582.46200000	2621.25200000	2621.96400000	2586.17400000	2587.20600000	2563.85000000	2560.90400000	2620.26400000	2616.99600000	2597.71000000	2597.19800000	2559.97600000	2557.96600000	2591.95600000	2589.87800000	2586.69540000	2584.82100000
2957792642.14046812	2566.53600000	2564.91000000	2581.97600000	2579.11800000	2564.35800000	2560.43800000	2567.23200000	2561.68200000	2559.39200000	2554.89400000	2556.24600000	2556.24400000	2564.58800000	2562.22200000	2544.67600000	2545.60600000	2595.98200000	2593.75000000	2569.95200000	2571.92800000	2567.09380000	2565.07920000
2958795986.62207365	2557.65800000	2559.33400000	2563.35800000	2568.96400000	2569.07200000	2563.98800000	2574.95200000	2576.34200000	2549.39200000	2554.04000000	2541.86200000	2543.02200000	2549.35800000	2545.31400000	2567.97000000	2568.43800000	2611.27000000	2614.24400000	2561.63000000	2556.30000000	2564.65220000	2564.99860000
2959799331.10367870	2570.51800000	2569.98400000	2571.04000000	2565.88000000	2562.71000000	2563.75800000	2556.51600000	2548.82200000	2557.45200000	2554.70600000	2523.23600000	2526.94200000	2570.09000000	2566.03800000	2563.21400000	2569.03400000	2599.39200000	2598.86400000	2557.51600000	2560.98400000	2563.16840000	2562.50120000
2960802675.58528423	2578.18400000	2579.15600000	2591.74400000	2584.04800000	2589.92000000	2587.95400000	2605.29600000	2604.10800000	2580.96200000	2579.58200000	2581.79000000	2581.94400000	2627.94400000	2627.58200000	2611.63200000	2606.21600000	2568.72600000	2566.05800000	2596.18400000	2594.92200000	2593.23820000	2591.15700000
2961806020.06688976	2598.58200000	2598.00200000	2529.59600000	2526.69400000	2646.59400000	2642.87000000	2569.25400000	2563.50600000	2620.46600000	2616.94400000	2599.03400000	2594.95200000	2543.94800000	2546.43800000	2564.03200000	2560.11400000	2566.57400000	2564.72400000	2590.65200000	2588.71400000	2582.87320000	2580.29580000
2962809364.54849482	2578.73800000	2577.03400000	2575.96600000	2571.44200000	2568.37400000	2566.87200000	2556.15800000	2552.25200000	2558.39200000	2556.30000000	2538.34400000	2534.25000000	2563.17800000	2562.57600000	2572.21000000	2568.58200000	2608.53800000	2606.37800000	2560.48000000	2559.90800000	2568.03780000	2565.55940000
2963812709.03010035	2576.18400000	2574.65600000	2561.47800000	2558.53800000	2564.35800000	2565.49000000	2580.35200000	2580.75000000	2543.85800000	2544.52400000	2545.84000000	2549.74600000	2557.02400000	2557.35800000	2539.74200000	2538.14600000	2575.31000000	2572.15200000	2571.94800000	2572.11400000	2561.60940000	2561.34740000
2964816053.51170588	2568.99600000	2562.48000000	2562.39800000	2565.25000000	2574.96600000	2574.74600000	2620.51000000	2621.90400000	2588.28000000	2587.43200000	2550.24600000	2544.65600000	2610.02000000	2606.50200000	2593.95200000	2590.94400000	2552.18400000	2547.01000000	2589.62000000	2587.30400000	2581.11720000	2578.82280000
2965819397.99331093	2576.67600000	2572.34000000	2589.07600000	2590.03800000	2590.38000000	2592.59000000	2603.83400000	2600.36800000	2577.34000000	2577.47400000	2580.86200000	2575.47600000	2623.32200000	2623.35000000	2612.53600000	2609.90000000	2562.80800000	2559.86000000	2590.70200000	2591.84800000	2590.75360000	2589.32440000
2966822742.47491646	2599.62200000	2603.35800000	2582.27400000	2582.08200000	2592.12400000	2586.62600000	2593.69800000	2586.23000000	2569.79800000	2569.86400000	2598.17000000	2592.87000000	2588.50000000	2588.07800000	2560.86200000	2564.26200000	2598.98200000	2601.46200000	2591.63400000	2586.05200000	2587.56640000	2586.08840000
2967826086.95652199	2541.02000000	2533.55400000	2558.02200000	2556.43600000	2562.88200000	2558.05600000	2601.66400000	2601.00600000	2551.30200000	2552.16000000	2559.49600000	2556.80200000	2543.46600000	2540.66600000	2549.99000000	2545.79200000	2599.90800000	2599.28200000	2590.34200000	2587.50000000	2565.80920000	2563.12540000
2968829431.43812704	2578.15600000	2577.95400000	2550.77000000	2548.13200000	2627.52800000	2626.45800000	2566.47400000	2566.26400000	2629.08800000	2627.25200000	2564.42000000	2556.14000000	2563.36400000	2562.74200000	2547.35200000	2542.61600000	2560.34200000	2560.44400000	2603.22200000	2603.23000000	2579.07160000	2577.12320000
2969832775.91973257	2579.20000000	2580.04600000	2566.07000000	2566.66400000	2565.11000000	2564.75600000	2581.27400000	2579.58000000	2546.96400000	2543.39600000	2555.53600000	2555.12000000	2566.03400000	2562.05800000	2542.28400000	2542.97600000	2582.64000000	2585.31800000	2571.89200000	2574.51000000	2565.70040000	2565.44240000
2970836120.40133762	2582.37800000	2583.00400000	2543.61800000	2541.79000000	2656.78000000	2659.85800000	2574.93000000	2573.93600000	2633.67800000	2631.02000000	2584.69400000	2577.20400000	2546.44800000	2547.63600000	2548.24400000	2546.46200000	2561.54200000	2557.86400000	2598.43200000	2591.32600000	2583.07440000	2581.01000000
2971839464.88294315	2612.62400000	2611.15800000	2556.07800000	2550.46800000	2628.67600000	2625.56400000	2583.91000000	2578.00800000	2592.63400000	2590.74000000	2594.66600000	2590.10000000	2560.79800000	2562.37000000	2577.63400000	2576.03400000	2578.06400000	2578.21800000	2594.49000000	2589.77000000	2587.95740000	2585.24300000
2972842809.36454868	2558.50600000	2557.11600000	2583.74400000	2578.24800000	2545.71200000	2547.04800000	2555.39600000	2555.11000000	2560.70200000	2557.39200000	2542.07400000	2543.50600000	2566.65200000	2566.45800000	2544.80800000	2542.02200000	2592.54400000	2591.26000000	2558.47600000	2561.94400000	2560.86140000	2560.01040000
2973846153.84615374	2538.35600000	2536.26000000	2561.13200000	2561.67800000	2564.59800000	2565.63200000	2600.81000000	2597.71800000	2553.01600000	2550.59200000	2561.17400000	2555.98400000	2552.50600000	2549.72600000	2547.74000000	2546.15400000	2607.69600000	2603.56400000	2591.75800000	2588.36200000	2567.87860000	2565.56700000
2974849498.32775927	2554.25800000	2551.22800000	2590.05400000	2585.70200000	2554.61800000	2554.42600000	2631.95400000	2632.15200000	2563.54800000	2562.01000000	2559.13600000	2560.89800000	2539.81000000	2542.19400000	2567.04000000	2564.32200000	2624.79600000	2617.38000000	2586.56800000	2588.68400000	2577.17820000	2575.89960000
2975852842.80936432	2542.33600000	2539.48400000	2559.82000000	2559.11600000	2562.22600000	2564.54200000	2602.69000000	2600.63600000	2560.07400000	2558.72000000	2556.56800000	2548.42000000	2553.96400000	2552.68000000	2570.43800000	2566.79800000	2620.50200000	2616.23400000	2586.21200000	2586.61600000	2571.48300000	2569.32460000
2976856187.29096985	2568.45000000	2565.43400000	2568.94000000	2571.05600000	2583.22800000	2581.16200000	2623.07800000	2620.00000000	2586.73000000	2588.77600000	2558.62800000	2559.69000000	2619.72200000	2619.02400000	2597.76800000	2592.06400000	2556.16200000	2559.01400000	2593.75600000	2592.80800000	2585.64620000	2584.90280000
2977859531.77257538	2585.46600000	2584.09600000	2550.45200000	2547.98600000	2642.65000000	2642.88400000	2577.61600000	2577.61200000	2633.35200000	2630.34200000	2568.01800000	2569.38200000	2567.17000000	2561.41000000	2550.03400000	2548.01600000	2566.61800000	2563.74200000	2605.24000000	2603.50600000	2584.66160000	2582.89760000
2978862876.25418043	2620.13600000	2615.26000000	2543.34200000	2543.42000000	2644.57000000	2647.42600000	2580.50600000	2574.97800000	2600.00200000	2597.86400000	2592.76400000	2591.75400000	2557.14800000	2561.45600000	2568.37000000	2564.55000000	2568.35200000	2568.51200000	2591.54400000	2592.92000000	2586.67340000	2585.81400000
2979866220.73578596	2580.99600000	2581.38200000	2578.72400000	2576.71800000	2589.89600000	2584.31200000	2599.79600000	2599.79600000	2570.69000000	2570.88600000	2569.18200000	2567.76400000	2606.77600000	2603.90600000	2572.81400000	2572.86400000	2568.31200000	2569.23600000	2584.19200000	2582.50600000	2582.13780000	2580.93700000
2980869565.21739149	2612.32000000	2608.98400000	2570.04400000	2564.61800000	2585.89600000	2588.89600000	2575.47000000	2575.47600000	2558.55800000	2559.50200000	2585.14200000	2585.43800000	2590.60800000	2591.36800000	2562.09800000	2560.92400000	2648.49800000	2646.18800000	2618.21200000	2617.88400000	2590.68460000	2589.92780000
2981872909.69899654	2585.14000000	2584.54400000	2587.47200000	2583.74800000	2594.52200000	2593.41000000	2604.16000000	2607.28400000	2579.25800000	2577.13200000	2572.64400000	2566.00200000	2608.21600000	2610.06600000	2580.91200000	2576.89000000	2571.82200000	2572.99000000	2590.83000000	2586.16800000	2587.49760000	2585.82340000
2982876254.18060207	2581.27200000	2577.06600000	2552.58600000	2547.85200000	2631.30400000	2632.86800000	2575.20800000	2572.59400000	2632.86800000	2627.89800000	2566.22200000	2559.29800000	2565.33800000	2564.82600000	2549.62800000	2546.11000000	2570.25000000	2564.25600000	2603.31000000	2606.94800000	2582.79860000	2579.97160000
2983879598.66220760	2618.75000000	2614.96200000	2551.57000000	2547.55800000	2645.58000000	2642.94000000	2582.16800000	2578.16000000	2597.63400000	2600.38600000	2589.80200000	2593.72000000	2556.75400000	2559.89000000	2574.84200000	2574.53600000	2576.81600000	2574.37000000	2596.01000000	2592.55600000	2588.99260000	2587.90780000
2984882943.14381266	2577.91400000	2575.75200000	2579.16800000	2573.34600000	2565.21800000	2561.16200000	2550.91000000	2546.84200000	2559.84800000	2557.05600000	2534.54000000	2531.49600000	2566.68800000	2566.53800000	2565.95400000	2568.81600000	2606.33000000	2600.66200000	2558.95200000	2558.16400000	2566.55220000	2563.98340000
2985886287.62541819	2598.15000000	2593.01800000	2581.07200000	2578.69400000	2594.45400000	2592.29800000	2597.45600000	2600.33200000	2571.91000000	2566.57800000	2590.42200000	2587.97600000	2596.41200000	2594.47800000	2564.29800000	2566.69800000	2590.93200000	2593.88200000	2590.11600000	2586.00800000	2587.52220000	2585.99620000
2986889632.10702324	2581.99600000	2580.14800000	2575.60400000	2571.05200000	2567.33200000	2568.05400000	2554.25000000	2554.13800000	2558.24200000	2555.42600000	2540.46800000	2538.16600000	2563.27600000	2560.14600000	2576.44400000	2571.62400000	2608.01400000	2608.44800000	2563.32600000	2561.50400000	2568.89520000	2566.87060000
2987892976.58862877	2595.40000000	2588.84800000	2539.75000000	2538.42800000	2664.03200000	2661.97800000	2575.40000000	2575.15000000	2634.20200000	2631.88000000	2594.52800000	2590.39400000	2555.25200000	2552.12400000	2561.22200000	2553.77800000	2564.73400000	2561.62400000	2600.19600000	2595.35000000	2588.47160000	2584.95540000
2988896321.07023430	2581.28800000	2582.11000000	2554.36200000	2550.97600000	2650.24400000	2646.30000000	2580.50200000	2580.08800000	2628.51600000	2625.23400000	2573.58400000	2573.12200000	2568.53000000	2561.40000000	2548.18800000	2547.41800000	2570.55000000	2567.13600000	2606.15200000	2606.41400000	2586.19160000	2584.01980000
2989899665.55183935	2605.34600000	2602.23200000	2578.69200000	2577.57600000	2587.23800000	2584.59600000	2570.52000000	2568.20200000	2569.86200000	2569.43400000	2589.09400000	2589.32000000	2586.26000000	2584.59400000	2565.42600000	2562.45600000	2611.02400000	2610.01000000	2593.81800000	2591.39600000	2585.72800000	2583.98160000
2990903010.03344488	2547.43600000	2545.49800000	2569.67000000	2569.27200000	2546.86000000	2549.83400000	2636.25400000	2633.87800000	2564.12400000	2558.94400000	2556.83600000	2555.38600000	2545.57600000	2542.28600000	2560.29200000	2564.31400000	2627.00800000	2626.63800000	2585.35800000	2587.61200000	2573.94140000	2573.36620000
2991906354.51504993	2574.50800000	2577.06000000	2573.95000000	2569.57000000	2581.69200000	2577.70000000	2600.50800000	2600.04600000	2580.77400000	2576.70600000	2569.03200000	2564.39000000	2624.35400000	2621.37800000	2597.00800000	2594.02400000	2556.45800000	2551.88800000	2586.38600000	2582.82000000	2584.46700000	2581.55820000
2992909698.99665546	2565.69800000	2565.21400000	2561.16600000	2563.85000000	2570.42600000	2564.64400000	2624.92400000	2619.50800000	2553.50400000	2554.07200000	2553.31600000	2543.35800000	2570.60000000	2571.62400000	2571.49600000	2575.41400000	2569.95200000	2562.67200000	2568.66000000	2567.68400000	2570.97420000	2568.80400000
2993913043.47826099	2567.26400000	2567.83600000	2563.79800000	2563.04600000	2562.84600000	2557.44800000	2617.62800000	2620.51600000	2549.53200000	2544.88400000	2552.45200000	2548.67400000	2574.69200000	2567.24200000	2572.67600000	2572.86600000	2563.49400000	2562.42400000	2564.71400000	2564.86000000	2568.90960000	2566.97960000
2994916387.95986605	2583.20200000	2578.56400000	2568.36400000	2562.42400000	2566.13600000	2566.33600000	2605.47000000	2608.73800000	2553.21200000	2555.00600000	2548.66800000	2546.79000000	2567.90600000	2567.68800000	2551.55400000	2551.69600000	2566.34800000	2565.09600000	2570.20800000	2568.03400000	2568.10680000	2567.03720000
2995919732.44147158	2568.37600000	2564.23000000	2579.88200000	2578.09600000	2562.50000000	2558.74600000	2564.72400000	2559.91600000	2554.26600000	2553.96600000	2552.88200000	2554.36000000	2562.24000000	2559.06600000	2540.58000000	2542.59000000	2593.43000000	2593.24000000	2571.22000000	2568.15600000	2565.01000000	2563.23660000
2996923076.92307711	2620.63800000	2617.09800000	2543.85800000	2544.67600000	2645.58000000	2641.65200000	2575.31200000	2573.51800000	2600.57800000	2598.45600000	2596.25600000	2591.32600000	2559.48200000	2556.56200000	2571.02200000	2569.58400000	2572.55200000	2577.48800000	2592.20800000	2593.83400000	2587.74860000	2586.41940000
2997926421.40468216	2547.54800000	2545.69600000	2605.45000000	2601.45800000	2558.98800000	2559.13800000	2632.56800000	2631.29600000	2558.72000000	2554.82000000	2560.12800000	2558.96200000	2537.42200000	2530.80200000	2546.86600000	2546.99800000	2608.02200000	2608.29000000	2593.59200000	2594.58200000	2574.93040000	2573.20420000
2998929765.88628769	2584.67600000	2584.11200000	2591.81200000	2588.39800000	2601.33400000	2599.66800000	2607.12800000	2606.79200000	2563.67200000	2563.87600000	2580.37600000	2573.79000000	2598.53400000	2599.16400000	2564.79000000	2557.80400000	2588.18000000	2582.26600000	2585.58800000	2580.84000000	2586.60900000	2583.67100000
2999933110.36789322	2568.26800000	2567.68200000	2572.44000000	2570.24400000	2581.92400000	2578.93000000	2623.32000000	2625.07600000	2590.24800000	2589.77600000	2556.02200000	2556.33200000	2618.14800000	2614.43800000	2598.20800000	2592.71200000	2555.82000000	2555.06200000	2597.50400000	2599.05800000	2586.19020000	2584.93100000
3000936454.84949827	2597.09200000	2594.21000000	2537.35800000	2533.40800000	2653.75400000	2648.06400000	2566.87400000	2563.62400000	2627.68800000	2622.09200000	2596.75800000	2599.80800000	2551.97400000	2555.84600000	2560.11200000	2559.76800000	2572.10200000	2567.09800000	2596.85600000	2595.23200000	2586.05680000	2583.91500000
3001939799.33110380	2540.46000000	2544.24800000	2567.07800000	2562.85600000	2561.22800000	2558.28400000	2619.32800000	2614.12600000	2570.76600000	2565.97200000	2557.87600000	2553.86600000	2557.10600000	2558.71000000	2570.47600000	2568.01800000	2622.09200000	2622.90400000	2592.72000000	2585.09400000	2575.91300000	2573.40780000
3002943143.81270885	2584.57000000	2583.65800000	2547.59800000	2549.46000000	2645.50000000	2642.43400000	2578.36800000	2574.83000000	2628.82800000	2626.51600000	2567.11600000	2565.44200000	2566.72000000	2566.48600000	2549.14200000	2547.71000000	2564.84200000	2564.90800000	2605.61600000	2602.52400000	2583.83000000	2582.39680000
3003946488.29431438	2577.13200000	2578.36000000	2579.06800000	2575.74000000	2586.22600000	2580.30400000	2607.81600000	2607.74800000	2582.09800000	2583.89000000	2574.14800000	2570.40200000	2626.49800000	2622.15800000	2599.25000000	2597.30000000	2558.61800000	2554.45000000	2591.26200000	2589.97600000	2588.21160000	2586.03280000
3004949832.77591991	2617.99800000	2619.81800000	2565.13000000	2559.57000000	2594.08600000	2593.49400000	2559.11800000	2557.90800000	2607.76400000	2605.56000000	2579.71200000	2578.57600000	2562.02400000	2558.81000000	2568.63400000	2570.51000000	2604.56000000	2604.01200000	2606.58400000	2606.19200000	2586.56100000	2585.44500000
3005953177.25752497	2608.67400000	2604.19200000	2533.43000000	2535.85000000	2645.15000000	2645.02200000	2574.82200000	2569.33000000	2621.09400000	2620.46000000	2602.96000000	2597.63600000	2551.89400000	2544.85000000	2569.57200000	2564.72800000	2570.85400000	2567.27800000	2593.58000000	2591.95200000	2587.20300000	2584.12980000
3006956521.73913050	2603.16800000	2606.59400000	2582.88800000	2582.21000000	2591.45000000	2589.20000000	2577.21400000	2570.45800000	2572.31200000	2571.10400000	2589.50400000	2588.44600000	2585.44800000	2588.12200000	2565.27200000	2561.74000000	2612.20400000	2604.89800000	2593.50000000	2592.19600000	2587.29600000	2585.49680000
3007959866.22073555	2635.30000000	2633.14000000	2567.26400000	2565.43800000	2576.39200000	2579.97200000	2564.32800000	2561.65600000	2581.24000000	2578.92200000	2571.85000000	2572.05600000	2589.12400000	2585.60600000	2573.77200000	2573.59200000	2635.88000000	2632.79600000	2634.44400000	2635.27000000	2592.95940000	2591.84480000
3008963210.70234108	2553.91000000	2546.77800000	2560.62600000	2561.35600000	2565.80400000	2567.23800000	2583.90000000	2584.16800000	2554.04800000	2554.02200000	2549.12000000	2547.35200000	2543.35000000	2544.93600000	2560.91200000	2554.05000000	2611.38600000	2612.95400000	2572.78800000	2567.06600000	2565.58440000	2563.99200000
3009966555.18394661	2609.01800000	2609.79000000	2564.33200000	2559.10600000	2594.97800000	2594.57200000	2562.45800000	2562.79000000	2599.82600000	2594.63600000	2584.28400000	2577.64200000	2562.55000000	2553.92600000	2568.68600000	2563.86800000	2601.72800000	2598.64400000	2598.30000000	2599.79600000	2584.61600000	2581.47700000
3010969899.66555166	2586.09800000	2588.66000000	2547.28600000	2544.90400000	2649.64400000	2650.37200000	2569.16200000	2570.73600000	2628.45200000	2624.18200000	2579.41800000	2575.82400000	2558.75200000	2560.64000000	2550.23600000	2550.39600000	2572.47200000	2569.84600000	2611.93000000	2614.81600000	2585.34500000	2585.03760000
3011973244.14715719	2580.72200000	2570.86200000	2584.82800000	2586.33600000	2595.69000000	2594.45000000	2616.49200000	2608.74000000	2586.07600000	2585.03800000	2573.03400000	2569.31200000	2614.71600000	2611.01400000	2596.19200000	2596.74000000	2566.69000000	2565.47600000	2594.89200000	2592.49800000	2590.93320000	2588.04660000
3012976588.62876272	2627.05400000	2625.18000000	2568.60000000	2570.75600000	2599.06200000	2598.60800000	2553.04800000	2555.69800000	2609.17000000	2612.45400000	2577.87200000	2574.78600000	2560.63600000	2557.93400000	2572.65000000	2570.99600000	2614.41400000	2614.85200000	2618.05200000	2616.89600000	2590.05580000	2589.81600000
3013979933.11036777	2536.38000000	2537.72400000	2556.39800000	2550.60200000	2561.54200000	2556.72000000	2604.28000000	2603.75000000	2553.29400000	2547.88000000	2551.37800000	2553.45800000	2552.28200000	2552.56000000	2561.44600000	2562.59000000	2617.52400000	2612.52800000	2583.40200000	2578.57600000	2567.79260000	2565.63880000
3014983277.59197330	2619.54200000	2615.67000000	2567.27600000	2562.90000000	2583.56800000	2578.77600000	2562.04200000	2558.81400000	2553.64200000	2553.54000000	2588.28400000	2582.86200000	2589.11400000	2583.74000000	2561.23600000	2559.74200000	2633.21400000	2631.99200000	2603.64400000	2598.80400000	2586.15620000	2582.68400000
3015986622.07357883	2582.21000000	2581.30800000	2541.42600000	2541.35800000	2662.62800000	2658.84800000	2575.57800000	2576.64600000	2635.58600000	2632.02800000	2578.82000000	2575.88800000	2558.50400000	2551.31400000	2553.10000000	2548.44000000	2572.03400000	2570.77600000	2609.34600000	2602.20800000	2586.92320000	2583.88140000
3016989966.55518389	2607.67600000	2607.67600000	2580.74600000	2575.55200000	2583.97800000	2578.67400000	2567.13800000	2565.02600000	2569.42200000	2565.66000000	2583.45200000	2583.90000000	2584.63800000	2578.87600000	2565.68800000	2563.81200000	2616.28800000	2609.96000000	2587.96600000	2584.56000000	2584.69920000	2581.36960000
3017993311.03678942	2542.86600000	2540.36800000	2569.97600000	2567.26000000	2557.55000000	2552.17000000	2627.43000000	2630.13200000	2572.25400000	2569.27000000	2558.14800000	2555.58000000	2550.89600000	2547.15800000	2566.59800000	2566.23200000	2628.63000000	2624.92600000	2587.26400000	2585.77600000	2576.16120000	2573.88720000
3018996655.51839447	2562.75000000	2567.25200000	2565.73600000	2558.61800000	2557.91400000	2556.34400000	2546.60600000	2548.84000000	2553.26000000	2552.79400000	2520.29800000	2514.16200000	2566.96800000	2566.92600000	2562.86800000	2557.10800000	2597.83400000	2593.91000000	2557.99800000	2554.58000000	2559.22320000	2557.05340000
3020000000.00000000	2574.76200000	2572.58600000	2584.57000000	2583.90400000	2592.34000000	2593.37400000	2604.79400000	2601.47400000	2584.50400000	2583.98600000	2575.89400000	2571.45200000	2620.58800000	2618.84600000	2607.11600000	2604.63800000	2566.34000000	2562.10400000	2594.59400000	2592.74600000	2590.55020000	2588.51100000
