freq	PL_sig1	PL_ref1	PL_sig2	PL_ref2	PL_sig3	PL_ref3	PL_sig4	PL_ref4	PL_sig5	PL_ref5	avgPL_sig	avgPL_ref
2720000000.00000000	2205.13800000	2204.26800000	2199.00400000	2201.58400000	2211.94800000	2208.48600000	2197.28800000	2199.89000000	2199.89600000	2194.49600000	2202.65480000	2201.74480000
2721003344.48160553	2199.07600000	2204.42600000	2198.07800000	2202.69800000	2209.64600000	2211.56200000	2196.16200000	2195.27200000	2201.40800000	2199.82200000	2200.87400000	2202.75600000
2722006688.96321058	2200.30600000	2201.28600000	2205.05600000	2203.77400000	2204.31800000	2202.56200000	2205.69400000	2206.13600000	2200.06200000	2204.28200000	2203.08720000	2203.60800000
2723010033.44481611	2213.92800000	2210.53200000	2205.07600000	2205.74200000	2213.99200000	2211.37600000	2202.61600000	2207.40600000	2208.52600000	2208.99000000	2208.82760000	2208.80920000
2724013377.92642164	2199.71000000	2198.88000000	2199.15200000	2203.39200000	2201.15000000	2203.64200000	2207.82600000	2209.24000000	2205.97400000	2201.56000000	2202.76240000	2203.34280000
2725016722.40802670	2204.65200000	2205.01400000	2205.90800000	2209.39800000	2210.67200000	2212.71200000	2217.01400000	2212.44400000	2218.77800000	2215.85000000	2211.40480000	2211.08360000
2726020066.88963223	2206.11400000	2199.27800000	2210.32600000	2205.98800000	2217.70000000	2212.96600000	2209.85000000	2207.48000000	2212.88800000	2210.05000000	2211.37560000	2207.15240000
2727023411.37123728	2212.11400000	2214.82200000	2206.57000000	2208.82400000	2202.92200000	2203.26600000	2210.10600000	2205.02000000	2217.90200000	2215.40800000	2209.92280000	2209.46800000
2728026755.85284281	2213.32200000	2213.96400000	2213.14400000	2206.84600000	2204.27800000	2199.80600000	2207.65000000	2207.58400000	2220.75000000	2216.47400000	2211.82880000	2208.93480000
2729030100.33444834	2211.90200000	2204.16400000	2203.00800000	2202.22600000	2208.50400000	2207.79600000	2219.74000000	2216.93000000	2218.61800000	2215.69000000	2212.35440000	2209.36120000
2730033444.81605339	2210.14600000	2210.24600000	2205.23800000	2201.68800000	2202.12000000	2198.55800000	2211.97400000	2214.29200000	2215.05200000	2215.99400000	2208.90600000	2208.15560000
2731036789.29765892	2200.22600000	2200.74400000	2207.98400000	2210.04600000	2212.61000000	2209.56000000	2211.69600000	2209.28000000	2210.25800000	2211.31400000	2208.55480000	2208.18880000
2732040133.77926445	2206.69200000	2204.60800000	2199.37800000	2196.40400000	2212.07200000	2210.00400000	2200.43400000	2198.41200000	2198.99400000	2199.09600000	2203.51400000	2201.70480000
2733043478.26086950	2208.52800000	2209.60800000	2203.81000000	2204.78800000	2209.13200000	2209.05600000	2201.48000000	2204.35400000	2206.76600000	2208.79800000	2205.94320000	2207.32080000
2734046822.74247503	2201.16000000	2201.78200000	2205.59600000	2205.35200000	2200.49200000	2201.13200000	2210.74400000	2209.86800000	2205.89000000	2204.60000000	2204.77640000	2204.54680000
2735050167.22408009	2213.32200000	2210.58000000	2209.28400000	2208.13600000	2197.00200000	2191.93200000	2203.59400000	2202.84800000	2211.56800000	2210.43000000	2206.95400000	2204.78520000
2736053511.70568562	2211.32200000	2209.91800000	2208.06000000	2206.17000000	2213.08200000	2210.05200000	2201.11000000	2201.28800000	2203.29200000	2205.36800000	2207.37320000	2206.55920000
2737056856.18729115	2202.92600000	2201.37400000	2203.47000000	2202.26800000	2207.57200000	2205.87600000	2198.65400000	2195.02800000	2197.08400000	2198.53000000	2201.94120000	2200.61520000
2738060200.66889620	2197.21800000	2200.11000000	2204.01400000	2200.71000000	2204.19600000	2201.86000000	2211.62600000	2210.69200000	2206.15400000	2201.76000000	2204.64160000	2203.02640000
2739063545.15050173	2207.65600000	2203.87000000	2198.73800000	2199.11400000	2215.67000000	2208.74600000	2195.43400000	2200.01000000	2199.18400000	2198.06800000	2203.33640000	2201.96160000
2740066889.63210726	2203.64400000	2202.64600000	2202.97600000	2203.50000000	2212.90800000	2206.76400000	2218.45600000	2217.84800000	2208.84600000	2209.90400000	2209.36600000	2208.13240000
2741070234.11371231	2216.16800000	2214.39800000	2213.60200000	2209.20400000	2204.20400000	2204.53600000	2209.12600000	2207.61800000	2212.83400000	2215.58600000	2211.18680000	2210.26840000
2742073578.59531784	2206.79000000	2208.31000000	2205.04400000	2205.04600000	2212.28000000	2209.42000000	2198.26200000	2197.68400000	2204.15800000	2201.16000000	2205.30680000	2204.32400000
2743076923.07692289	2198.43200000	2194.86800000	2204.38800000	2202.26600000	2200.94800000	2204.03400000	2207.30800000	2209.76400000	2201.69400000	2201.35000000	2202.55400000	2202.45640000
2744080267.55852842	2205.93400000	2201.08200000	2207.21000000	2209.16600000	2214.18200000	2213.96200000	2218.94600000	2217.81400000	2209.50600000	2208.76000000	2211.15560000	2210.15680000
2745083612.04013395	2205.00400000	2200.90600000	2203.69800000	2206.75800000	2201.78600000	2199.52200000	2209.54200000	2212.66200000	2209.28200000	2207.62000000	2205.86240000	2205.49360000
2746086956.52173901	2201.38800000	2198.92400000	2202.06400000	2202.95600000	2202.43000000	2203.62000000	2211.18000000	2211.53800000	2210.78200000	2207.94800000	2205.56880000	2204.99720000
2747090301.00334454	2210.31600000	2206.92800000	2206.48600000	2204.57400000	2211.81800000	2204.30800000	2213.30800000	2212.49800000	2217.50600000	2218.24600000	2211.88680000	2209.31080000
2748093645.48495007	2208.68200000	2205.42600000	2204.76400000	2202.03600000	2213.29200000	2208.86200000	2217.71800000	2213.26800000	2214.50800000	2213.17000000	2211.79280000	2208.55240000
2749096989.96655512	2198.99000000	2201.80800000	2207.83200000	2208.73400000	2213.42000000	2210.14000000	2214.25400000	2212.06200000	2212.14400000	2211.11600000	2209.32800000	2208.77200000
2750100334.44816065	2208.66000000	2212.97600000	2205.62000000	2206.29400000	2199.09800000	2201.29800000	2216.27600000	2210.71000000	2213.52200000	2217.50000000	2208.63520000	2209.75560000
2751103678.92976570	2207.81800000	2207.65600000	2210.64600000	2206.94000000	2203.66800000	2201.49400000	2209.82200000	2210.08400000	2212.98800000	2206.62600000	2208.98840000	2206.56000000
2752107023.41137123	2197.94000000	2196.42600000	2204.74800000	2202.87000000	2204.08400000	2208.01600000	2213.91200000	2213.38000000	2202.24600000	2204.01600000	2204.58600000	2204.94160000
2753110367.89297676	2209.99800000	2208.56200000	2205.75400000	2203.90400000	2211.47000000	2210.42800000	2197.47800000	2196.22000000	2203.03200000	2199.63200000	2205.54640000	2203.74920000
2754113712.37458181	2201.04200000	2200.14600000	2209.13600000	2210.28000000	2209.94400000	2212.91600000	2212.98000000	2212.14000000	2213.22200000	2214.30600000	2209.26480000	2209.95760000
2755117056.85618734	2201.31000000	2201.83000000	2198.02400000	2199.28200000	2212.60200000	2207.77600000	2199.40800000	2197.69600000	2201.08000000	2198.09000000	2202.48480000	2200.93480000
2756120401.33779287	2206.34000000	2204.15200000	2205.59200000	2211.21200000	2214.84400000	2211.20400000	2211.32400000	2211.16400000	2209.30800000	2210.89400000	2209.48160000	2209.72520000
2757123745.81939793	2199.95000000	2201.12600000	2209.39600000	2210.11400000	2218.84600000	2214.15400000	2214.37800000	2212.66000000	2212.39000000	2209.15800000	2210.99200000	2209.44240000
2758127090.30100346	2205.22200000	2206.54800000	2205.40000000	2202.27200000	2210.17600000	2208.79800000	2197.95200000	2193.98800000	2201.20800000	2200.00600000	2203.99160000	2202.32240000
2759130434.78260851	2207.01000000	2208.14200000	2201.31400000	2205.00600000	2207.52600000	2204.03400000	2217.18000000	2216.61600000	2218.64000000	2215.12400000	2210.33400000	2209.78440000
2760133779.26421404	2210.64800000	2208.86600000	2207.78800000	2205.22600000	2215.13400000	2211.92800000	2203.57400000	2201.83600000	2205.50600000	2209.28200000	2208.53000000	2207.42760000
2761137123.74581957	2198.80800000	2200.95000000	2209.72400000	2207.18400000	2202.23400000	2203.57600000	2211.86400000	2211.51200000	2207.74000000	2207.76800000	2206.07400000	2206.19800000
2762140468.22742462	2208.27600000	2212.54600000	2205.46400000	2204.94800000	2213.75800000	2209.56600000	2200.11600000	2200.72000000	2204.05000000	2204.49600000	2206.33280000	2206.45520000
2763143812.70903015	2195.39800000	2198.02800000	2206.93800000	2204.23000000	2204.24200000	2203.95800000	2215.20800000	2209.94600000	2208.51200000	2208.41000000	2206.05960000	2204.91440000
2764147157.19063568	2199.90000000	2196.69000000	2204.59200000	2203.81800000	2208.59600000	2204.16400000	2206.61800000	2211.36000000	2206.76200000	2204.18000000	2205.29360000	2204.04240000
2765150501.67224073	2210.10000000	2206.70800000	2204.13600000	2208.01200000	2210.14200000	2206.10800000	2217.15400000	2215.08800000	2220.28600000	2216.73200000	2212.36360000	2210.52960000
2766153846.15384626	2202.48600000	2201.53000000	2208.88400000	2208.21000000	2216.22200000	2213.52000000	2209.92600000	2208.75600000	2210.59200000	2208.49200000	2209.62200000	2208.10160000
2767157190.63545132	2210.42800000	2211.13000000	2209.27600000	2206.37400000	2213.93800000	2211.71600000	2202.21400000	2206.39400000	2208.12200000	2204.80400000	2208.79560000	2208.08360000
2768160535.11705685	2208.57600000	2206.78400000	2198.21400000	2203.40000000	2207.96200000	2211.08800000	2196.19000000	2198.25400000	2194.58400000	2203.27800000	2201.10520000	2204.56080000
2769163879.59866238	2207.59600000	2206.02600000	2207.64800000	2207.89000000	2200.84000000	2203.19400000	2213.26800000	2208.49000000	2208.94600000	2204.65400000	2207.65960000	2206.05080000
2770167224.08026743	2200.55800000	2197.79400000	2212.14000000	2207.86200000	2216.73800000	2209.44800000	2216.28400000	2214.22000000	2211.23200000	2215.52200000	2211.39040000	2208.96920000
2771170568.56187296	2202.17200000	2199.05000000	2205.79000000	2206.33800000	2214.41000000	2216.82200000	2217.05400000	2212.20800000	2209.79600000	2207.87400000	2209.84440000	2208.45840000
2772173913.04347849	2201.11800000	2201.14200000	2205.72400000	2205.43000000	2209.17000000	2209.12400000	2214.15000000	2208.50400000	2201.15000000	2203.46600000	2206.26240000	2205.53320000
2773177257.52508354	2207.89200000	2210.09200000	2207.65400000	2204.73200000	2216.23200000	2213.33600000	2203.93200000	2203.53200000	2207.58600000	2209.70200000	2208.65920000	2208.27880000
2774180602.00668907	2203.61200000	2203.50600000	2206.07800000	2209.23200000	2214.41400000	2212.15600000	2206.43200000	2208.51400000	2209.64200000	2206.06600000	2208.03560000	2207.89480000
2775183946.48829412	2217.16600000	2217.65000000	2203.38600000	2204.08800000	2208.17000000	2208.26400000	2217.13200000	2218.53400000	2219.18200000	2216.66200000	2213.00720000	2213.03960000
2776187290.96989965	2208.87200000	2206.40200000	2207.27200000	2208.29000000	2210.46000000	2208.70200000	2203.04200000	2202.60400000	2203.71800000	2203.04000000	2206.67280000	2205.80760000
2777190635.45150518	2196.97200000	2197.49800000	2206.90000000	2204.21400000	2208.87800000	2208.97800000	2214.51800000	2208.87400000	2204.13200000	2200.62200000	2206.28000000	2204.03720000
2778193979.93311024	2196.61400000	2194.25000000	2199.87400000	2201.20400000	2205.29800000	2206.86000000	2210.78000000	2210.45200000	2203.71000000	2200.76800000	2203.25520000	2202.70680000
2779197324.41471577	2196.72200000	2200.17400000	2204.72400000	2200.42600000	2205.97000000	2206.01000000	2211.39200000	2203.57000000	2202.74800000	2205.50600000	2204.31120000	2203.13720000
2780200668.89632130	2202.77400000	2201.97400000	2200.64800000	2195.57400000	2210.58600000	2215.87600000	2198.32800000	2199.62000000	2201.11200000	2199.02800000	2202.68960000	2202.41440000
2781204013.37792635	2195.19200000	2197.64000000	2203.21800000	2205.05400000	2201.44400000	2200.39600000	2212.29400000	2210.33200000	2205.70600000	2200.57600000	2203.57080000	2202.79960000
2782207357.85953188	2208.44400000	2207.47400000	2210.14200000	2208.11200000	2205.74800000	2203.35400000	2206.90200000	2209.18800000	2208.91400000	2208.66400000	2208.03000000	2207.35840000
2783210702.34113693	2209.23200000	2208.34600000	2199.84600000	2199.56800000	2209.62600000	2206.33200000	2199.68200000	2196.55800000	2200.26800000	2196.01600000	2203.73080000	2201.36400000
2784214046.82274246	2209.70600000	2210.40200000	2206.39800000	2205.95400000	2201.07400000	2202.48200000	2215.20800000	2212.78000000	2212.36200000	2215.17400000	2208.94960000	2209.35840000
2785217391.30434799	2210.86400000	2209.47800000	2210.81200000	2208.67600000	2196.88400000	2199.38800000	2205.00600000	2205.57800000	2208.21200000	2211.47200000	2206.35560000	2206.91840000
2786220735.78595304	2217.14800000	2215.21400000	2205.84000000	2204.49600000	2201.82400000	2200.69600000	2210.53800000	2215.47200000	2212.71800000	2212.62600000	2209.61360000	2209.70080000
2787224080.26755857	2208.81800000	2212.14600000	2203.29200000	2197.93800000	2198.61800000	2199.71800000	2211.52200000	2214.29600000	2212.34600000	2210.56200000	2206.91920000	2206.93200000
2788227424.74916410	2195.02800000	2199.61400000	2207.66800000	2202.18400000	2205.61000000	2204.52200000	2209.26800000	2204.34800000	2203.72600000	2207.80600000	2204.26000000	2203.69480000
2789230769.23076916	2203.17600000	2204.22400000	2199.71600000	2203.85800000	2205.96400000	2207.49200000	2197.36600000	2199.25200000	2200.03600000	2199.61400000	2201.25160000	2202.88800000
2790234113.71237469	2209.31000000	2207.63800000	2203.31800000	2206.20800000	2208.96000000	2212.38800000	2205.48000000	2207.06400000	2206.10000000	2204.95400000	2206.63360000	2207.65040000
2791237458.19397974	2210.25400000	2208.34600000	2204.49400000	2206.90400000	2198.60000000	2203.20600000	2212.87000000	2213.41400000	2214.11600000	2215.31400000	2208.06680000	2209.43680000
2792240802.67558527	2209.77600000	2208.40000000	2201.41800000	2201.99000000	2200.66600000	2199.73600000	2216.22200000	2215.54200000	2214.69200000	2212.98400000	2208.55480000	2207.73040000
2793244147.15719080	2205.37000000	2210.28600000	2199.91400000	2201.54200000	2209.22800000	2208.96200000	2214.62200000	2218.94200000	2215.95000000	2217.24400000	2209.01680000	2211.39520000
2794247491.63879585	2197.69600000	2199.23600000	2202.47400000	2198.46400000	2204.79400000	2199.83400000	2209.93200000	2208.37800000	2203.47600000	2203.31000000	2203.67440000	2201.84440000
2795250836.12040138	2210.93400000	2210.77200000	2209.01200000	2205.00400000	2200.46600000	2202.14600000	2200.68800000	2203.02600000	2212.53800000	2210.88600000	2206.72760000	2206.36680000
2796254180.60200691	2196.64600000	2200.54400000	2202.39200000	2203.61000000	2199.73000000	2201.15600000	2210.94600000	2214.70600000	2208.58800000	2206.72600000	2203.66040000	2205.34840000
2797257525.08361197	2207.82400000	2209.43600000	2205.69600000	2201.89400000	2212.02200000	2212.83800000	2198.03000000	2199.82400000	2200.67200000	2205.77000000	2204.84880000	2205.95240000
2798260869.56521749	2211.88600000	2212.63600000	2208.53600000	2205.41000000	2216.30200000	2209.66800000	2203.44200000	2201.59400000	2205.50200000	2208.87200000	2209.13360000	2207.63600000
2799264214.04682255	2205.13800000	2207.03600000	2204.61200000	2209.20200000	2198.48800000	2201.41400000	2205.87400000	2208.67800000	2203.59200000	2204.60000000	2203.54080000	2206.18600000
2800267558.52842808	2210.07600000	2210.28000000	2205.82600000	2206.42400000	2203.11800000	2197.45200000	2211.76000000	2214.34000000	2216.31000000	2212.81200000	2209.41800000	2208.26160000
2801270903.01003361	2199.64800000	2202.17600000	2205.82400000	2208.69600000	2212.39200000	2213.05400000	2214.07800000	2213.71400000	2211.05200000	2212.16600000	2208.59880000	2209.96120000
2802274247.49163866	2192.92800000	2196.12600000	2201.06600000	2202.52400000	2204.37200000	2201.34600000	2211.94800000	2212.53200000	2204.14800000	2203.27200000	2202.89240000	2203.16000000
2803277591.97324419	2205.71800000	2208.09200000	2200.30200000	2201.60400000	2207.10600000	2209.01000000	2198.45400000	2199.56400000	2198.43600000	2198.28400000	2202.00320000	2203.31080000
2804280936.45484972	2195.98000000	2200.89400000	2210.70000000	2208.43600000	2214.97400000	2212.64400000	2210.03600000	2210.24000000	2212.20600000	2209.55000000	2208.77920000	2208.35280000
2805284280.93645477	2210.31200000	2207.21200000	2204.28200000	2197.40000000	2211.44200000	2209.63800000	2212.72200000	2217.25600000	2218.12800000	2216.98400000	2211.37720000	2209.69800000
2806287625.41806030	2194.76000000	2199.61000000	2198.60000000	2205.29200000	2205.72800000	2200.30600000	2205.24200000	2207.70600000	2197.32200000	2197.25000000	2200.33040000	2202.03280000
2807290969.89966536	2207.97400000	2208.15800000	2208.44000000	2210.36800000	2202.30000000	2199.35400000	2206.35200000	2207.95600000	2205.17200000	2205.42600000	2206.04760000	2206.25240000
2808294314.38127089	2211.31800000	2216.48800000	2214.73400000	2207.42400000	2199.37400000	2200.24400000	2203.45800000	2205.59400000	2210.98200000	2210.53800000	2207.97320000	2208.05760000
2809297658.86287642	2208.52000000	2211.78000000	2207.49400000	2205.98200000	2211.84600000	2213.43000000	2197.72200000	2199.20800000	2202.24800000	2200.03800000	2205.56600000	2206.08760000
2810301003.34448147	2209.56200000	2203.26400000	2203.37800000	2204.64600000	2208.67600000	2208.70400000	2209.80000000	2208.50600000	2205.79200000	2207.52000000	2207.44160000	2206.52800000
2811304347.82608700	2194.26000000	2196.56800000	2203.24200000	2204.04000000	2201.66000000	2205.71400000	2212.55000000	2211.61800000	2205.08600000	2202.44800000	2203.35960000	2204.07760000
2812307692.30769253	2203.08800000	2201.10400000	2206.89800000	2204.63800000	2212.23200000	2213.10600000	2217.03600000	2216.61000000	2210.57200000	2200.91400000	2209.96520000	2207.27440000
2813311036.78929758	2201.61800000	2205.06600000	2201.28400000	2203.77600000	2210.97600000	2209.57800000	2197.08400000	2195.53200000	2198.51200000	2203.46600000	2201.89480000	2203.48360000
2814314381.27090311	2204.95400000	2201.34000000	2205.69000000	2207.21800000	2215.99400000	2212.86200000	2210.16000000	2206.96000000	2211.47600000	2215.00000000	2209.65480000	2208.67600000
2815317725.75250816	2214.25800000	2214.03800000	2206.97800000	2211.18000000	2202.36200000	2202.38400000	2204.85600000	2206.05800000	2212.67200000	2211.21000000	2208.22520000	2208.97400000
2816321070.23411369	2196.48800000	2197.40800000	2200.29600000	2202.01000000	2204.16200000	2202.15600000	2209.71400000	2208.42800000	2202.84800000	2204.36800000	2202.70160000	2202.87400000
2817324414.71571922	2198.17800000	2195.03400000	2201.34000000	2204.01600000	2200.58600000	2199.58000000	2213.84200000	2212.16400000	2202.12600000	2200.44000000	2203.21440000	2202.24680000
2818327759.19732428	2197.35000000	2197.10400000	2203.07200000	2202.81200000	2195.31000000	2200.50000000	2213.14200000	2211.69600000	2209.47400000	2209.00600000	2203.66960000	2204.22360000
2819331103.67892981	2213.66400000	2214.46400000	2208.18400000	2211.85800000	2201.30000000	2204.33800000	2208.54000000	2209.85200000	2208.71000000	2211.77600000	2208.07960000	2210.45760000
2820334448.16053534	2204.09400000	2201.37000000	2197.07000000	2199.45600000	2208.97000000	2208.58000000	2196.70400000	2195.29000000	2198.66600000	2201.63000000	2201.10080000	2201.26520000
2821337792.64214039	2215.09200000	2213.88800000	2206.74200000	2208.45000000	2202.51000000	2199.60000000	2200.37000000	2204.87400000	2212.86000000	2217.34200000	2207.51480000	2208.83080000
2822341137.12374592	2201.66000000	2205.46600000	2201.74200000	2203.27800000	2206.03400000	2211.12200000	2194.96000000	2196.56600000	2194.17200000	2198.14600000	2199.71360000	2202.91560000
2823344481.60535097	2198.72600000	2199.64200000	2209.51600000	2206.08400000	2212.88800000	2214.37000000	2207.50800000	2209.90800000	2217.29600000	2211.41600000	2209.18680000	2208.28400000
2824347826.08695650	2205.45000000	2209.42800000	2202.44400000	2201.99600000	2207.71200000	2210.22200000	2213.06800000	2215.85400000	2212.84600000	2216.75400000	2208.30400000	2210.85080000
2825351170.56856203	2198.49200000	2201.22800000	2203.54800000	2201.68200000	2196.21000000	2201.77400000	2211.52000000	2213.90000000	2209.03800000	2209.88200000	2203.76160000	2205.69320000
2826354515.05016708	2212.37400000	2214.66000000	2201.84400000	2202.43800000	2204.01200000	2206.09000000	2214.53600000	2213.41200000	2215.65800000	2219.66400000	2209.68480000	2211.25280000
2827357859.53177261	2210.46000000	2215.23800000	2209.28000000	2211.18600000	2198.66000000	2202.52600000	2202.92600000	2204.27200000	2214.01200000	2217.21400000	2207.06760000	2210.08720000
2828361204.01337814	2207.16600000	2210.58800000	2203.83400000	2206.42400000	2210.47800000	2208.58400000	2199.54600000	2205.67200000	2200.12200000	2202.56200000	2204.22920000	2206.76600000
2829364548.49498320	2195.84000000	2196.58400000	2200.08600000	2209.49000000	2211.49200000	2217.16000000	2210.80600000	2213.28000000	2210.39800000	2210.92600000	2205.72440000	2209.48800000
2830367892.97658873	2191.84200000	2203.42800000	2201.82200000	2202.42600000	2196.90800000	2201.89600000	2206.42200000	2213.71200000	2198.66800000	2205.76400000	2199.13240000	2205.44520000
2831371237.45819378	2201.57800000	2200.35600000	2198.22600000	2204.30200000	2204.43600000	2214.46600000	2215.02600000	2219.94000000	2203.67200000	2211.29400000	2204.58760000	2210.07160000
2832374581.93979931	2193.65600000	2197.07800000	2196.52000000	2204.93400000	2194.41000000	2209.01800000	2193.33000000	2199.34400000	2187.13400000	2198.53200000	2193.01000000	2201.78120000
2833377926.42140484	2206.51600000	2214.81400000	2197.23400000	2205.10600000	2197.16400000	2205.37200000	2203.04000000	2218.75400000	2207.57000000	2215.97800000	2202.30480000	2212.00480000
2834381270.90300989	2190.95600000	2198.59000000	2192.97400000	2202.74000000	2190.38800000	2200.81600000	2202.11200000	2211.20600000	2195.25400000	2207.28400000	2194.33680000	2204.12720000
2835384615.38461542	2196.50800000	2208.20000000	2197.18400000	2213.20000000	2186.18000000	2195.29000000	2192.47000000	2205.81400000	2192.77400000	2205.59800000	2193.02320000	2205.62040000
2836387959.86622095	2191.78400000	2207.16800000	2190.35800000	2205.75600000	2193.40600000	2208.34400000	2181.90400000	2200.55000000	2183.68600000	2199.07600000	2188.22760000	2204.17880000
2837391304.34782600	2178.90600000	2201.24600000	2181.39200000	2200.50000000	2182.96800000	2199.73400000	2188.51600000	2211.79200000	2177.72000000	2204.64800000	2181.90040000	2203.58400000
2838394648.82943153	2175.55400000	2198.07400000	2173.55600000	2204.09600000	2173.77000000	2197.83200000	2187.21400000	2213.77400000	2179.07400000	2204.58000000	2177.83360000	2203.67120000
2839397993.31103659	2166.35800000	2200.47600000	2174.34400000	2207.36600000	2165.70600000	2198.73600000	2176.01000000	2211.47200000	2169.01200000	2204.10400000	2170.28600000	2204.43080000
2840401337.79264212	2164.86000000	2207.18800000	2164.70400000	2212.58600000	2154.54600000	2201.00200000	2162.49800000	2206.12200000	2164.27800000	2204.38000000	2162.17720000	2206.25560000
2841404682.27424765	2147.03000000	2198.48000000	2155.22200000	2202.95200000	2156.34200000	2213.92200000	2165.45200000	2216.34800000	2154.14800000	2204.48200000	2155.63880000	2207.23680000
2842408026.75585270	2146.73400000	2204.08800000	2142.88600000	2205.22400000	2145.49200000	2209.14400000	2153.46000000	2214.20600000	2152.45800000	2214.60400000	2148.20600000	2209.45320000
2843411371.23745823	2139.02400000	2200.84400000	2130.91600000	2201.85600000	2136.39400000	2202.91600000	2126.95400000	2199.37400000	2126.26600000	2197.40400000	2131.91080000	2200.47880000
2844414715.71906376	2125.95400000	2201.12400000	2127.93800000	2203.69000000	2127.87600000	2205.89600000	2120.10400000	2192.98800000	2114.21200000	2193.01400000	2123.21680000	2199.34240000
2845418060.20066881	2126.43800000	2204.06800000	2121.12200000	2197.81800000	2127.21200000	2209.01000000	2112.61600000	2192.67800000	2115.79200000	2199.61200000	2120.63600000	2200.63720000
2846421404.68227434	2122.07600000	2201.97400000	2124.59800000	2198.02600000	2125.46800000	2207.50400000	2112.05600000	2199.29800000	2115.58000000	2195.56600000	2119.95560000	2200.47360000
2847424749.16387939	2132.19600000	2207.86800000	2130.65200000	2206.04200000	2131.72800000	2207.66800000	2131.07600000	2207.31000000	2126.50400000	2203.15600000	2130.43120000	2206.40880000
2848428093.64548492	2148.61600000	2216.96800000	2134.99200000	2202.24000000	2135.26800000	2202.78200000	2142.79000000	2217.88400000	2145.96600000	2212.95800000	2141.52640000	2210.56640000
2849431438.12709045	2150.99400000	2203.47000000	2149.63600000	2202.12400000	2139.70400000	2200.10400000	2151.79400000	2213.42600000	2148.45800000	2211.99000000	2148.11720000	2206.22280000
2850434782.60869551	2156.80000000	2208.78400000	2151.77600000	2203.18800000	2154.99200000	2209.88600000	2147.79400000	2198.34800000	2145.71000000	2198.20000000	2151.41440000	2203.68120000
2851438127.09030104	2174.85800000	2211.09000000	2170.25200000	2204.66800000	2159.93400000	2201.02000000	2169.95400000	2207.66000000	2177.78800000	2218.52800000	2170.55720000	2208.59320000
2852441471.57190657	2170.52200000	2198.15400000	2175.76800000	2206.10400000	2167.97000000	2197.66000000	2182.05800000	2211.44200000	2173.75200000	2207.60800000	2174.01400000	2204.19360000
2853444816.05351162	2180.38200000	2204.55400000	2180.39000000	2199.14400000	2185.71400000	2207.02200000	2170.00200000	2196.23200000	2174.37200000	2199.96800000	2178.17200000	2201.38400000
2854448160.53511715	2184.83800000	2201.43400000	2188.30200000	2202.65800000	2182.37600000	2199.70600000	2193.61600000	2209.03400000	2185.57400000	2200.90000000	2186.94120000	2202.74640000
2855451505.01672220	2185.15600000	2202.60600000	2194.95800000	2208.37000000	2195.05800000	2208.82800000	2194.21400000	2205.69400000	2199.85600000	2210.09200000	2193.84840000	2207.11800000
2856454849.49832773	2205.00000000	2218.32400000	2192.24400000	2202.49600000	2197.25000000	2206.48200000	2207.23200000	2215.44800000	2202.29800000	2218.93400000	2200.80480000	2212.33680000
2857458193.97993326	2208.13200000	2216.83800000	2201.09600000	2208.88000000	2195.07800000	2204.76800000	2198.29200000	2206.47000000	2206.09000000	2218.88600000	2201.73760000	2211.16840000
2858461538.46153831	2197.14200000	2208.93600000	2199.35800000	2212.28000000	2192.70800000	2203.64600000	2200.30800000	2207.61000000	2200.82600000	2203.72200000	2198.06840000	2207.23880000
2859464882.94314384	2192.86400000	2197.06400000	2197.18200000	2203.08800000	2203.16400000	2203.88000000	2204.19800000	2208.02400000	2194.78800000	2205.08800000	2198.43920000	2203.42880000
2860468227.42474937	2209.05200000	2215.91000000	2202.50200000	2208.00000000	2199.11200000	2202.00200000	2202.28800000	2208.00000000	2215.42200000	2217.77600000	2205.67520000	2210.33760000
2861471571.90635443	2193.54000000	2194.22200000	2198.49400000	2204.99400000	2196.29600000	2201.57000000	2206.23800000	2209.41800000	2202.03600000	2203.41400000	2199.32080000	2202.72360000
2862474916.38795996	2197.50600000	2200.78800000	2202.94600000	2206.18200000	2196.98200000	2200.16200000	2211.27200000	2210.01600000	2205.72600000	2208.94000000	2202.88640000	2205.21760000
2863478260.86956501	2206.04000000	2208.55200000	2200.02800000	2202.78400000	2204.47000000	2209.44800000	2214.25400000	2215.50400000	2210.31600000	2214.67800000	2207.02160000	2210.19320000
2864481605.35117054	2210.88200000	2212.78600000	2209.58000000	2209.17800000	2195.43000000	2196.54000000	2201.49200000	2204.06400000	2208.10000000	2211.21800000	2205.09680000	2206.75720000
2865484949.83277607	2199.96600000	2202.08200000	2201.79600000	2200.40200000	2197.23400000	2199.24400000	2210.69200000	2208.52800000	2208.11200000	2212.92400000	2203.56000000	2204.63600000
2866488294.31438112	2200.35200000	2206.90000000	2208.26600000	2209.29600000	2212.59200000	2214.33800000	2205.13600000	2211.32400000	2208.36200000	2210.82400000	2206.94160000	2210.53640000
2867491638.79598665	2196.36400000	2200.94800000	2200.34000000	2203.37800000	2193.27800000	2193.82400000	2214.18800000	2212.65200000	2207.57000000	2207.43000000	2202.34800000	2203.64640000
2868494983.27759218	2194.40000000	2198.22600000	2200.87600000	2204.47800000	2203.05800000	2203.67000000	2208.82400000	2210.34000000	2200.84600000	2202.30400000	2201.60080000	2203.80360000
2869498327.75919724	2211.21000000	2212.29600000	2203.27600000	2206.41000000	2198.00600000	2201.49800000	2202.38800000	2209.38600000	2217.08000000	2215.75600000	2206.39200000	2209.06920000
2870501672.24080276	2211.77600000	2209.67200000	2201.79400000	2202.74800000	2203.07200000	2208.91800000	2218.42600000	2219.15000000	2217.08800000	2215.48400000	2210.43120000	2211.19440000
2871505016.72240782	2213.45200000	2214.83200000	2207.81200000	2210.52800000	2199.18400000	2202.39600000	2208.34400000	2209.43400000	2218.66800000	2217.81600000	2209.49200000	2211.00120000
2872508361.20401335	2204.91200000	2207.09000000	2204.41200000	2202.17400000	2206.28600000	2209.45600000	2194.67200000	2200.57800000	2200.47400000	2200.76000000	2202.15120000	2204.01160000
2873511705.68561888	2201.39600000	2202.01800000	2209.06400000	2206.51000000	2212.44800000	2215.08000000	2209.29000000	2209.03200000	2206.45000000	2208.62200000	2207.72960000	2208.25240000
2874515050.16722393	2196.23800000	2200.65600000	2205.63200000	2206.04800000	2211.72800000	2216.69800000	2211.32800000	2213.06000000	2209.30000000	2212.17800000	2206.84520000	2209.72800000
2875518394.64882946	2200.94600000	2202.37800000	2205.80400000	2204.29000000	2208.91400000	2213.46600000	2216.78400000	2218.33000000	2207.79400000	2205.53200000	2208.04840000	2208.79920000
2876521739.13043499	2203.04800000	2205.04400000	2202.70600000	2204.74400000	2207.68000000	2208.53000000	2195.61600000	2195.64400000	2199.03800000	2198.30200000	2201.61760000	2202.45280000
2877525083.61204004	2196.43400000	2194.90600000	2194.47400000	2201.01800000	2202.67200000	2201.89800000	2205.02800000	2209.82400000	2201.38200000	2202.12200000	2199.99800000	2201.95360000
2878528428.09364557	2194.89600000	2202.57000000	2204.60600000	2207.14400000	2210.14600000	2212.19000000	2212.13400000	2213.55400000	2207.45000000	2212.09200000	2205.84640000	2209.51000000
2879531772.57525063	2207.53600000	2209.06200000	2202.74200000	2205.43800000	2196.76400000	2200.49200000	2208.87000000	2212.99200000	2208.91800000	2215.20800000	2204.96600000	2208.63840000
2880535117.05685616	2207.81800000	2209.35600000	2201.63800000	2205.86200000	2195.06600000	2198.23800000	2210.00600000	2209.42800000	2212.70400000	2216.21200000	2205.44640000	2207.81920000
2881538461.53846169	2206.00800000	2209.78600000	2202.22000000	2207.17600000	2203.29000000	2212.27000000	2194.33400000	2198.48800000	2195.26000000	2198.48400000	2200.22240000	2205.24080000
2882541806.02006674	2193.07800000	2202.74600000	2193.58800000	2200.70800000	2186.71600000	2200.01800000	2206.98200000	2211.15400000	2203.88200000	2207.56000000	2196.84920000	2204.43720000
2883545150.50167227	2193.48200000	2195.23800000	2204.58400000	2211.49600000	2208.03400000	2210.35800000	2207.63800000	2208.47200000	2206.38800000	2209.30200000	2204.02520000	2206.97320000
2884548494.98327780	2207.35600000	2212.64800000	2206.31400000	2207.23400000	2197.30800000	2204.59400000	2200.53600000	2208.48400000	2206.84000000	2216.05000000	2203.67080000	2209.80200000
2885551839.46488285	2205.52800000	2210.77200000	2195.90400000	2205.57800000	2201.66800000	2205.71400000	2202.32200000	2216.25200000	2209.25600000	2215.30000000	2202.93560000	2210.72320000
2886555183.94648838	2200.02000000	2207.54400000	2185.28400000	2200.24000000	2198.77800000	2206.29800000	2191.64000000	2197.16200000	2186.96200000	2200.33400000	2192.53680000	2202.31560000
2887558528.42809343	2192.48400000	2205.86400000	2188.50000000	2208.88400000	2183.37200000	2201.41600000	2194.95600000	2211.41600000	2200.88400000	2211.81000000	2192.03920000	2207.87800000
2888561872.90969896	2185.10800000	2198.19000000	2188.27200000	2212.86400000	2190.36800000	2213.47600000	2190.48600000	2209.35600000	2193.45400000	2212.91400000	2189.53760000	2209.36000000
2889565217.39130449	2184.94600000	2202.68400000	2178.42800000	2201.80200000	2187.36200000	2206.37200000	2175.90600000	2197.84400000	2175.72400000	2195.65800000	2180.47320000	2200.87200000
2890568561.87290955	2177.91800000	2206.51000000	2181.23400000	2208.17200000	2184.64800000	2207.33800000	2178.76600000	2207.13000000	2173.36000000	2206.75800000	2179.18520000	2207.18160000
2891571906.35451508	2167.98000000	2210.12400000	2166.91400000	2205.97200000	2171.16400000	2210.33400000	2155.83600000	2195.93000000	2162.62200000	2199.33200000	2164.90320000	2204.33840000
2892575250.83612061	2158.67800000	2202.72200000	2157.32200000	2203.02600000	2160.87600000	2208.36600000	2146.53400000	2196.50000000	2144.69800000	2196.22000000	2153.62160000	2201.36680000
2893578595.31772566	2159.27000000	2215.89600000	2152.06600000	2205.57800000	2145.86600000	2202.02000000	2147.05600000	2205.23200000	2153.39800000	2213.46200000	2151.53120000	2208.43760000
2894581939.79933119	2150.03600000	2213.32600000	2140.99800000	2202.22800000	2141.48200000	2205.35800000	2151.93200000	2216.59000000	2148.27800000	2214.97600000	2146.54520000	2210.49560000
2895585284.28093624	2133.11600000	2204.64000000	2130.13000000	2201.21800000	2136.21200000	2206.58600000	2120.19600000	2193.64000000	2127.38200000	2198.25600000	2129.40720000	2200.86800000
2896588628.76254177	2125.99600000	2195.28200000	2130.57200000	2199.17000000	2125.45000000	2197.97200000	2134.59200000	2213.14200000	2125.18400000	2206.35400000	2128.35880000	2202.38400000
2897591973.24414730	2127.17200000	2202.33600000	2127.98600000	2201.81600000	2128.06000000	2205.05800000	2134.67600000	2209.80600000	2132.20400000	2206.73000000	2130.01960000	2205.14920000
2898595317.72575235	2144.98600000	2203.98400000	2139.22000000	2205.06400000	2141.86600000	2209.99400000	2135.36600000	2203.15000000	2132.19600000	2199.70000000	2138.72680000	2204.37840000
2899598662.20735788	2144.29600000	2199.79800000	2150.83000000	2206.81200000	2152.12000000	2210.59000000	2156.31800000	2215.78200000	2149.35400000	2208.26200000	2150.58360000	2208.24880000
2900602006.68896341	2154.94000000	2200.02200000	2161.36000000	2208.24400000	2159.37600000	2211.88400000	2164.15000000	2212.62600000	2159.90400000	2207.42800000	2159.94600000	2208.04080000
2901605351.17056847	2170.48600000	2205.63400000	2166.66200000	2211.57600000	2160.99600000	2202.93200000	2169.31800000	2211.70800000	2162.44600000	2205.36600000	2165.98160000	2207.44320000
2902608695.65217400	2180.94400000	2208.58400000	2176.07600000	2204.09800000	2179.61800000	2206.21400000	2173.18400000	2206.40200000	2176.54800000	2208.42600000	2177.27400000	2206.74480000
2903612040.13377905	2175.22200000	2196.16400000	2182.55000000	2206.25000000	2192.11200000	2212.26800000	2186.30600000	2212.73800000	2189.92400000	2211.72800000	2185.22280000	2207.82960000
2904615384.61538458	2197.80000000	2216.18200000	2183.22800000	2206.24200000	2195.26400000	2207.08400000	2200.58600000	2220.11200000	2201.11200000	2218.76600000	2195.59800000	2213.67720000
2905618729.09699011	2185.72200000	2202.66800000	2196.86400000	2205.36400000	2203.48400000	2214.86200000	2200.87800000	2214.56400000	2196.85000000	2204.97400000	2196.75960000	2208.48640000
2906622073.57859516	2201.79400000	2210.35400000	2195.63600000	2202.23600000	2190.24600000	2199.56400000	2201.83000000	2215.27200000	2205.86000000	2215.82400000	2199.07320000	2208.65000000
2907625418.06020069	2206.34600000	2214.47600000	2204.92200000	2211.16200000	2192.84600000	2199.67000000	2197.63400000	2207.15200000	2205.29600000	2211.66200000	2201.40880000	2208.82440000
2908628762.54180622	2200.76200000	2206.22000000	2200.36400000	2202.09200000	2195.87200000	2200.55200000	2209.05600000	2209.01800000	2208.35400000	2215.77400000	2202.88160000	2206.73120000
2909632107.02341127	2198.50800000	2201.71800000	2195.93400000	2200.42000000	2199.32800000	2206.46800000	2191.92800000	2194.16000000	2192.31400000	2197.77600000	2195.60240000	2200.10840000
2910635451.50501680	2197.28400000	2202.63400000	2205.13600000	2207.33600000	2208.97400000	2214.08400000	2206.21800000	2210.91000000	2208.04200000	2217.78800000	2205.13080000	2210.55040000
2911638795.98662186	2186.21400000	2192.42800000	2197.21400000	2201.97600000	2196.74000000	2201.20400000	2209.03400000	2216.05000000	2203.24600000	2208.45400000	2198.48960000	2204.02240000
2912642140.46822739	2200.46600000	2204.56000000	2198.60600000	2196.56000000	2208.81800000	2210.37400000	2194.12000000	2195.29400000	2195.13000000	2200.82600000	2199.42800000	2201.52280000
2913645484.94983292	2193.75200000	2196.58000000	2200.89800000	2203.20800000	2201.59600000	2203.74800000	2208.47200000	2208.23800000	2202.03200000	2204.36400000	2201.35000000	2203.22760000
2914648829.43143797	2210.77200000	2211.17200000	2205.72200000	2206.93800000	2199.61400000	2199.23200000	2212.20000000	2211.84800000	2218.80200000	2217.82600000	2209.42200000	2209.40320000
2915652173.91304350	2205.91200000	2206.52400000	2205.80400000	2206.83600000	2204.09200000	2203.02400000	2208.53200000	2206.70000000	2204.87600000	2208.53200000	2205.84320000	2206.32320000
2916655518.39464903	2198.62200000	2201.50000000	2204.38600000	2208.57600000	2212.57600000	2213.51400000	2205.36000000	2208.50000000	2207.65800000	2213.56800000	2205.72040000	2209.13160000
2917658862.87625408	2200.71600000	2199.39000000	2205.97000000	2210.35800000	2214.66800000	2217.99000000	2206.38800000	2208.51000000	2207.35200000	2209.33800000	2207.01880000	2209.11720000
2918662207.35785961	2201.44000000	2203.82200000	2198.17600000	2196.79200000	2206.58600000	2208.11400000	2197.42200000	2198.78200000	2198.60600000	2198.06000000	2200.44600000	2201.11400000
2919665551.83946514	2203.05000000	2201.54600000	2207.24000000	2209.19600000	2213.53000000	2215.33600000	2213.20800000	2212.37800000	2209.30000000	2211.35400000	2209.26560000	2209.96200000
2920668896.32107019	2196.81800000	2203.38600000	2204.16200000	2204.32200000	2198.11000000	2199.67000000	2209.84800000	2213.51800000	2204.20800000	2202.01000000	2202.62920000	2204.58120000
2921672240.80267572	2208.70000000	2207.70800000	2203.70400000	2204.03400000	2200.23800000	2199.01200000	2214.69000000	2213.44400000	2212.97400000	2213.88800000	2208.06120000	2207.61720000
2922675585.28428078	2206.70200000	2206.67800000	2208.97600000	2209.62600000	2202.80600000	2204.97800000	2208.89400000	2207.50600000	2206.01800000	2201.43200000	2206.67920000	2206.04400000
2923678929.76588631	2217.70800000	2213.37000000	2207.00200000	2205.51400000	2204.08600000	2206.90600000	2216.75800000	2214.68000000	2216.01200000	2215.85400000	2212.31320000	2211.26480000
2924682274.24749184	2198.60400000	2201.19600000	2209.74600000	2206.25000000	2212.77200000	2212.54800000	2216.87400000	2215.68200000	2207.95400000	2212.37400000	2209.19000000	2209.61000000
2925685618.72909689	2207.21800000	2205.35200000	2207.93200000	2203.43200000	2205.07000000	2201.78000000	2211.76800000	2208.89200000	2208.88800000	2211.43200000	2208.17520000	2206.17760000
2926688963.21070242	2210.65400000	2211.40000000	2203.57200000	2206.83200000	2210.29400000	2210.94600000	2217.02000000	2213.77000000	2215.49800000	2219.38200000	2211.40760000	2212.46600000
2927692307.69230747	2210.49000000	2206.83600000	2207.82200000	2206.58000000	2205.02200000	2199.00000000	2210.62600000	2217.64200000	2215.38200000	2214.35400000	2209.86840000	2208.88240000
2928695652.17391300	2212.27200000	2208.97200000	2210.76400000	2204.75600000	2212.58600000	2209.52800000	2209.27600000	2204.55000000	2206.91400000	2209.03800000	2210.36240000	2207.36880000
2929698996.65551853	2215.50000000	2212.20000000	2209.82400000	2207.10600000	2202.11400000	2203.37000000	2212.48000000	2211.84400000	2215.46200000	2215.81400000	2211.07600000	2210.06680000
2930702341.13712358	2199.27200000	2199.25600000	2203.37400000	2206.64800000	2202.15800000	2201.25600000	2214.56800000	2211.30600000	2206.22800000	2206.38600000	2205.12000000	2204.97040000
2931705685.61872911	2206.22800000	2205.91000000	2209.39000000	2209.10400000	2210.37800000	2212.90200000	2208.43000000	2208.22200000	2211.94800000	2208.35600000	2209.27480000	2208.89880000
2932709030.10033464	2199.81000000	2202.96600000	2206.89400000	2204.67000000	2198.99800000	2199.13600000	2211.41000000	2207.80400000	2207.28600000	2207.24000000	2204.87960000	2204.36320000
2933712374.58193970	2209.11800000	2208.90800000	2204.37200000	2205.91400000	2212.75400000	2206.09200000	2209.98000000	2209.53800000	2210.53800000	2208.22000000	2209.35240000	2207.73440000
2934715719.06354523	2207.12000000	2203.86600000	2205.20400000	2205.02400000	2203.92600000	2202.29600000	2213.08200000	2207.14200000	2211.22000000	2209.99200000	2208.11040000	2205.66400000
2935719063.54515076	2204.95600000	2201.73600000	2209.94200000	2209.76200000	2217.43600000	2217.43600000	2207.61000000	2206.08000000	2212.00800000	2211.02000000	2210.39040000	2209.20680000
2936722408.02675581	2201.36800000	2199.86800000	2207.52600000	2209.79400000	2205.30000000	2201.80600000	2216.23200000	2215.08400000	2207.31400000	2205.19600000	2207.54800000	2206.34960000
2937725752.50836134	2201.41800000	2200.38600000	2202.38200000	2203.40600000	2204.39400000	2202.34200000	2210.71600000	2208.75600000	2204.91000000	2202.44800000	2204.76400000	2203.46760000
2938729096.98996639	2201.38200000	2202.10000000	2205.46000000	2205.49800000	2200.66600000	2200.15400000	2211.14400000	2212.54600000	2204.30400000	2204.65400000	2204.59120000	2204.99040000
2939732441.47157192	2202.60400000	2199.61200000	2210.98000000	2208.27600000	2210.65400000	2210.64600000	2212.92600000	2213.47200000	2219.87400000	2212.44600000	2211.40760000	2208.89040000
2940735785.95317745	2203.16400000	2203.81600000	2207.21400000	2205.51200000	2202.23800000	2199.28200000	2215.31600000	2210.02600000	2209.45000000	2207.17800000	2207.47640000	2205.16280000
2941739130.43478251	2196.87800000	2198.01000000	2203.75600000	2198.68200000	2202.10800000	2202.47000000	2216.40800000	2211.89600000	2206.10600000	2202.84800000	2205.05120000	2202.78120000
2942742474.91638803	2200.42800000	2200.47000000	2204.30000000	2203.37400000	2208.82200000	2208.30000000	2215.95800000	2203.97000000	2203.73600000	2206.42600000	2206.64880000	2204.50800000
2943745819.39799309	2212.88600000	2217.74400000	2206.18200000	2206.44600000	2200.92200000	2199.12400000	2210.48400000	2210.72400000	2219.31800000	2218.01200000	2209.95840000	2210.41000000
2944749163.87959862	2199.49200000	2199.96000000	2206.40000000	2209.54600000	2210.74400000	2212.22200000	2219.28600000	2214.32400000	2204.23600000	2208.01200000	2208.03160000	2208.81280000
2945752508.36120415	2201.02400000	2205.94200000	2202.15800000	2201.85600000	2202.03200000	2198.51800000	2211.56400000	2212.44800000	2206.62000000	2206.87400000	2204.67960000	2205.12760000
2946755852.84280920	2213.44600000	2212.65200000	2210.56000000	2203.94800000	2202.93200000	2199.54400000	2213.01200000	2208.66800000	2216.90000000	2218.61600000	2211.37000000	2208.68560000
2947759197.32441473	2213.77000000	2214.24000000	2209.20400000	2205.93200000	2211.85400000	2208.58200000	2205.48600000	2202.47400000	2211.85200000	2212.19800000	2210.43320000	2208.68520000
2948762541.80602026	2207.88600000	2207.82800000	2204.93000000	2207.15800000	2213.17200000	2210.49400000	2207.84000000	2207.22200000	2208.01400000	2207.12000000	2208.36840000	2207.96440000
2949765886.28762531	2215.83400000	2214.92800000	2206.15200000	2203.32000000	2207.49800000	2204.46800000	2219.99600000	2218.90400000	2220.17400000	2215.84600000	2213.93080000	2211.49320000
2950769230.76923084	2219.20600000	2213.95200000	2207.29600000	2207.62200000	2206.10200000	2201.59600000	2214.66600000	2214.92400000	2215.05600000	2213.97200000	2212.46520000	2210.41320000
2951772575.25083637	2211.24000000	2206.58800000	2212.43600000	2208.17600000	2196.17200000	2200.44000000	2206.12800000	2205.89400000	2203.87200000	2202.67200000	2205.96960000	2204.75400000
2952775919.73244143	2204.46000000	2200.15800000	2208.21600000	2203.12000000	2205.40400000	2199.91400000	2213.53000000	2210.14600000	2206.22800000	2203.65000000	2207.56760000	2203.39760000
2953779264.21404696	2209.49600000	2204.50400000	2209.24000000	2210.27600000	2202.46000000	2205.42600000	2209.42400000	2210.59400000	2207.53400000	2204.95600000	2207.63080000	2207.15120000
2954782608.69565201	2208.10200000	2206.90400000	2208.71200000	2211.29200000	2203.89400000	2201.52800000	2211.96000000	2207.88600000	2204.44200000	2207.33800000	2207.42200000	2206.98960000
2955785953.17725754	2205.02400000	2204.23800000	2207.26800000	2203.01400000	2208.49600000	2205.99600000	2195.42000000	2195.49000000	2198.10600000	2197.16400000	2202.86280000	2201.18040000
2956789297.65886307	2204.89200000	2204.81000000	2202.37600000	2198.20000000	2212.06800000	2207.58000000	2199.85000000	2197.53400000	2197.63400000	2196.20400000	2203.36400000	2200.86560000
2957792642.14046812	2199.20800000	2199.24200000	2202.23600000	2202.52000000	2203.31400000	2202.09200000	2210.47400000	2209.66800000	2203.91200000	2205.76200000	2203.82880000	2203.85680000
2958795986.62207365	2195.40200000	2197.69200000	2202.33600000	2203.42800000	2208.46200000	2208.10200000	2216.29000000	2210.81200000	2204.94400000	2204.51800000	2205.48680000	2204.91040000
2959799331.10367870	2206.37400000	2207.73400000	2206.80000000	2204.69200000	2206.99600000	2207.98800000	2201.57000000	2201.41000000	2198.69600000	2193.81400000	2204.08720000	2203.12760000
2960802675.58528423	2214.07800000	2211.95600000	2204.29600000	2204.07200000	2212.08000000	2207.72600000	2219.60400000	2216.11200000	2222.11800000	2216.93000000	2214.43520000	2211.35920000
2961806020.06688976	2214.14000000	2216.27600000	2201.17600000	2203.81400000	2208.06600000	2207.88800000	2215.79800000	2212.51600000	2218.91800000	2220.14200000	2211.61960000	2212.12720000
2962809364.54849482	2215.48200000	2215.47400000	2203.78800000	2209.19000000	2209.07200000	2204.73400000	2217.48200000	2217.92800000	2215.91200000	2213.86600000	2212.34720000	2212.23840000
2963812709.03010035	2211.65200000	2215.64800000	2213.03000000	2213.07200000	2204.09600000	2204.53200000	2203.75800000	2204.87600000	2215.54000000	2213.15600000	2209.61520000	2210.25680000
2964816053.51170588	2210.27800000	2208.54400000	2211.67000000	2203.53200000	2213.44000000	2212.15200000	2198.52800000	2200.37400000	2200.28800000	2199.73800000	2206.84080000	2204.86800000
2965819397.99331093	2215.20400000	2218.24800000	2209.48600000	2207.08600000	2204.71600000	2200.09800000	2212.83200000	2215.84600000	2218.74200000	2216.01000000	2212.19600000	2211.45760000
2966822742.47491646	2203.64200000	2205.13000000	2200.07200000	2199.03200000	2208.51600000	2208.44200000	2195.42600000	2196.85800000	2199.64400000	2199.30800000	2201.46000000	2201.75400000
2967826086.95652199	2203.19800000	2203.98600000	2203.65200000	2205.82200000	2213.80200000	2211.52200000	2217.22400000	2217.86400000	2208.35200000	2211.35200000	2209.24560000	2210.10920000
2968829431.43812704	2205.33000000	2204.23400000	2203.75200000	2205.08800000	2210.39200000	2209.22000000	2215.64800000	2214.48600000	2213.02800000	2207.39400000	2209.63000000	2208.08440000
2969832775.91973257	2214.70400000	2214.13000000	2206.55400000	2207.30400000	2209.75200000	2215.18000000	2205.59400000	2205.68400000	2209.66200000	2204.67000000	2209.25320000	2209.39360000
2970836120.40133762	2214.57600000	2214.64600000	2205.87400000	2205.39400000	2202.05800000	2204.45800000	2213.29200000	2210.75200000	2215.29400000	2215.17600000	2210.21880000	2210.08520000
2971839464.88294315	2202.37400000	2199.04000000	2202.70200000	2204.98200000	2197.79400000	2199.47600000	2210.49200000	2210.08000000	2204.67400000	2203.29200000	2203.60720000	2203.37400000
2972842809.36454868	2199.23200000	2199.63200000	2201.18400000	2199.97800000	2203.36800000	2199.29800000	2208.76800000	2204.44200000	2202.26600000	2205.40400000	2202.96360000	2201.75080000
2973846153.84615374	2206.94200000	2210.41400000	2208.18000000	2215.47600000	2195.87800000	2200.82200000	2211.09400000	2205.51600000	2206.46000000	2208.27800000	2205.71080000	2208.10120000
2974849498.32775927	2208.55200000	2213.45600000	2210.51000000	2208.48400000	2196.93800000	2199.29200000	2205.22800000	2210.22800000	2212.22000000	2209.79400000	2206.68960000	2208.25080000
2975852842.80936432	2200.32200000	2201.11800000	2202.80800000	2200.45800000	2203.23600000	2201.71600000	2209.26000000	2209.20600000	2203.32200000	2200.61600000	2203.78960000	2202.62280000
2976856187.29096985	2205.74600000	2207.45200000	2206.02600000	2204.37400000	2199.33400000	2201.27000000	2215.79800000	2211.59400000	2207.83600000	2208.97000000	2206.94800000	2206.73200000
2977859531.77257538	2203.87600000	2201.87200000	2195.63000000	2201.74800000	2208.30600000	2209.75400000	2196.53200000	2196.78600000	2199.74400000	2198.24000000	2200.81760000	2201.68000000
2978862876.25418043	2213.59000000	2210.45400000	2204.05000000	2202.27000000	2210.82600000	2201.11600000	2212.70000000	2212.76800000	2220.50400000	2220.72400000	2212.33400000	2209.46640000
2979866220.73578596	2208.31800000	2208.22400000	2207.19000000	2207.85400000	2202.13800000	2203.59200000	2212.95600000	2214.58200000	2209.18800000	2206.12400000	2207.95800000	2208.07520000
2980869565.21739149	2199.46200000	2195.39200000	2204.40800000	2206.22000000	2204.27800000	2205.18600000	2210.03000000	2208.94000000	2208.30000000	2207.36000000	2205.29560000	2204.61960000
2981872909.69899654	2219.34000000	2216.96000000	2207.77000000	2208.15800000	2204.88800000	2205.07200000	2216.58200000	2211.05600000	2216.14000000	2215.12800000	2212.94400000	2211.27480000
2982876254.18060207	2211.32000000	2208.49400000	2208.63600000	2210.29800000	2200.37800000	2197.89000000	2204.26800000	2210.06600000	2214.15400000	2210.07200000	2207.75120000	2207.36400000
2983879598.66220760	2208.56200000	2208.24400000	2209.40200000	2206.83200000	2217.00400000	2213.41600000	2204.86000000	2204.18000000	2202.78400000	2203.24600000	2208.52240000	2207.18360000
2984882943.14381266	2207.66000000	2206.12400000	2198.47800000	2199.26600000	2208.07800000	2208.25600000	2200.91600000	2194.60000000	2197.43600000	2198.18600000	2202.51360000	2201.28640000
2985886287.62541819	2198.56200000	2198.37000000	2206.04400000	2200.56600000	2204.79000000	2202.22000000	2209.75400000	2210.29600000	2205.44400000	2200.25400000	2204.91880000	2202.34120000
2986889632.10702324	2205.18200000	2205.84000000	2204.65600000	2205.67000000	2208.06200000	2209.39200000	2202.38600000	2201.18800000	2196.71800000	2196.88600000	2203.40080000	2203.79520000
2987892976.58862877	2200.17400000	2202.84000000	2202.12400000	2199.82400000	2200.24000000	2201.27600000	2213.94400000	2212.65400000	2205.82000000	2210.23600000	2204.46040000	2205.36600000
2988896321.07023430	2208.24600000	2210.93000000	2205.99400000	2206.49600000	2209.73000000	2209.42800000	2204.10200000	2198.84800000	2201.89000000	2198.40400000	2205.99240000	2204.82120000
2989899665.55183935	2199.53600000	2199.32000000	2206.10000000	2206.25600000	2211.38000000	2215.14800000	2216.57200000	2211.96400000	2207.07800000	2206.91800000	2208.13320000	2207.92120000
2990903010.03344488	2211.19200000	2216.85000000	2203.77400000	2205.02800000	2207.67400000	2205.17800000	2215.59200000	2214.73000000	2217.35600000	2216.01400000	2211.11760000	2211.56000000
2991906354.51504993	2203.99200000	2198.15600000	2208.77800000	2203.54800000	2203.15800000	2200.43600000	2213.57200000	2213.34800000	2207.25000000	2206.10200000	2207.35000000	2204.31800000
2992909698.99665546	2217.54600000	2214.53400000	2210.99400000	2210.17400000	2205.30800000	2202.45200000	2208.05400000	2208.77800000	2219.90200000	2216.72200000	2212.36080000	2210.53200000
2993913043.47826099	2211.82400000	2206.44000000	2206.53600000	2199.21800000	2207.68400000	2214.91000000	2216.30000000	2216.63400000	2217.10800000	2218.44800000	2211.89040000	2211.13000000
2994916387.95986605	2215.56000000	2212.46600000	2207.30000000	2205.88800000	2209.92600000	2201.91200000	2216.66000000	2212.54000000	2220.40800000	2219.62200000	2213.97080000	2210.48560000
2995919732.44147158	2206.53600000	2204.66200000	2207.07800000	2204.80400000	2213.48800000	2208.82000000	2217.93600000	2217.20400000	2219.75600000	2216.58600000	2212.95880000	2210.41520000
2996923076.92307711	2200.63800000	2199.52800000	2204.52200000	2203.53800000	2207.78600000	2202.12200000	2210.80200000	2213.66800000	2213.21200000	2208.75200000	2207.39200000	2205.52160000
2997926421.40468216	2204.01200000	2200.79400000	2209.80200000	2211.18200000	2212.74000000	2213.31200000	2212.37200000	2205.89400000	2214.81400000	2211.34800000	2210.74800000	2208.50600000
2998929765.88628769	2212.79400000	2213.63600000	2205.52000000	2201.95800000	2210.78400000	2206.95800000	2214.21000000	2216.47200000	2224.41600000	2218.42800000	2213.54480000	2211.49040000
2999933110.36789322	2202.69600000	2206.50200000	2203.81000000	2205.11800000	2210.08400000	2207.50200000	2200.76800000	2197.95600000	2198.23800000	2200.96000000	2203.11920000	2203.60760000
3000936454.84949827	2216.35200000	2213.59200000	2211.28400000	2208.37600000	2197.56800000	2200.43000000	2204.29200000	2204.21200000	2214.34000000	2210.94200000	2208.76720000	2207.51040000
3001939799.33110380	2206.75800000	2205.59200000	2198.75400000	2196.67000000	2213.28000000	2207.86800000	2200.20600000	2195.42400000	2199.37400000	2200.33200000	2203.67440000	2201.17720000
3002943143.81270885	2205.28200000	2206.38800000	2210.34600000	2206.22600000	2213.86200000	2211.34800000	2209.86400000	2210.56400000	2211.43400000	2214.60400000	2210.15760000	2209.82600000
3003946488.29431438	2216.41400000	2210.72600000	2205.61800000	2206.31600000	2201.80400000	2201.57800000	2215.73800000	2211.74000000	2214.83800000	2215.93800000	2210.88240000	2209.25960000
3004949832.77591991	2215.65600000	2213.84600000	2207.97800000	2201.92600000	2206.25600000	2207.99400000	2214.50200000	2215.23400000	2219.57600000	2218.76200000	2212.79360000	2211.55240000
3005953177.25752497	2204.42000000	2206.86200000	2206.79200000	2202.79200000	2202.10600000	2203.19400000	2214.12400000	2211.84600000	2208.39000000	2205.88000000	2207.16640000	2206.11480000
3006956521.73913050	2216.45200000	2213.34200000	2207.15000000	2207.41800000	2207.99800000	2202.01000000	2216.62600000	2212.59200000	2218.48600000	2214.25400000	2213.34240000	2209.92320000
3007959866.22073555	2214.64800000	2214.58400000	2209.95000000	2205.50200000	2204.98200000	2199.17600000	2212.44400000	2210.96400000	2219.27600000	2217.01800000	2212.26000000	2209.44880000
3008963210.70234108	2211.95800000	2209.77000000	2207.06600000	2204.82800000	2215.35200000	2214.16800000	2209.55800000	2207.96000000	2207.02400000	2206.62600000	2210.19160000	2208.67040000
3009966555.18394661	2216.91600000	2215.97400000	2211.89200000	2208.41800000	2208.68800000	2206.90800000	2207.95400000	2206.72800000	2220.15200000	2212.75600000	2213.12040000	2210.15680000
3010969899.66555166	2214.16000000	2214.95400000	2209.81600000	2204.06600000	2203.48600000	2201.13200000	2210.47600000	2208.44200000	2216.39600000	2214.74600000	2210.86680000	2208.66800000
3011973244.14715719	2209.69200000	2205.20600000	2205.12800000	2208.55600000	2210.87200000	2208.58400000	2216.07000000	2215.84600000	2216.87200000	2217.62800000	2211.72680000	2211.16400000
3012976588.62876272	2208.57000000	2207.00000000	2210.60600000	2209.48600000	2207.85800000	2203.55000000	2210.88200000	2207.73600000	2208.47200000	2209.10200000	2209.27760000	2207.37480000
3013979933.11036777	2209.86600000	2208.20600000	2206.63400000	2205.40600000	2203.09000000	2201.41400000	2212.08400000	2212.19600000	2214.13800000	2211.74000000	2209.16240000	2207.79240000
3014983277.59197330	2208.42000000	2204.35400000	2199.47400000	2196.80200000	2210.80000000	2210.74400000	2201.04400000	2197.41600000	2195.67400000	2199.11200000	2203.08240000	2201.68560000
3015986622.07357883	2210.17200000	2211.18800000	2206.57000000	2207.40600000	2211.31800000	2208.58600000	2205.97600000	2203.79000000	2209.38600000	2210.88800000	2208.68440000	2208.37160000
3016989966.55518389	2213.98600000	2216.67400000	2206.81800000	2205.87200000	2203.60000000	2203.71000000	2216.34600000	2217.40800000	2214.99600000	2215.67800000	2211.14920000	2211.86840000
3017993311.03678942	2201.91800000	2202.56200000	2208.23800000	2203.31600000	2202.93200000	2201.68600000	2211.98200000	2210.36600000	2205.81800000	2206.34200000	2206.17760000	2204.85440000
3018996655.51839447	2205.79400000	2201.27400000	2210.53800000	2208.41800000	2217.05400000	2212.34000000	2209.39000000	2209.37600000	2209.54000000	2211.73400000	2210.46320000	2208.62840000
3020000000.00000000	2209.97000000	2209.75200000	2209.63800000	2206.49200000	2198.27400000	2195.94200000	2208.58200000	2205.70200000	2209.83600000	2207.20000000	2207.26000000	2205.01760000
