freq	PL_sig1	PL_ref1	PL_sig2	PL_ref2	PL_sig3	PL_ref3	PL_sig4	PL_ref4	PL_sig5	PL_ref5	avgPL_sig	avgPL_ref
2720000000.00000000	1548.60200000	1550.66200000	1528.85800000	1528.70200000	1523.67800000	1525.63000000	1533.99400000	1535.37400000	1527.68800000	1527.99000000	1532.56400000	1533.67160000
2721003344.48160553	1533.70000000	1534.26000000	1537.53200000	1538.37200000	1526.18600000	1525.12400000	1523.36800000	1521.46200000	1522.55000000	1521.91200000	1528.66720000	1528.22600000
2722006688.96321058	1542.17200000	1538.20600000	1535.88400000	1532.46600000	1522.61600000	1526.37200000	1522.69400000	1518.63800000	1526.45000000	1524.84800000	1529.96320000	1528.10600000
2723010033.44481611	1543.30200000	1546.17600000	1532.34000000	1532.73000000	1530.83400000	1530.33000000	1527.37800000	1525.85800000	1525.69800000	1526.52600000	1531.91040000	1532.32400000
2724013377.92642164	1552.00800000	1549.73000000	1530.93200000	1532.61600000	1535.10200000	1534.89600000	1530.74000000	1529.77400000	1528.30800000	1528.59800000	1535.41800000	1535.12280000
2725016722.40802670	1547.73600000	1551.58800000	1528.83600000	1530.89600000	1528.64200000	1524.42200000	1530.71200000	1532.58400000	1527.97000000	1522.04200000	1532.77920000	1532.30640000
2726020066.88963223	1554.55600000	1550.13200000	1543.64200000	1542.26200000	1531.26800000	1526.48400000	1524.73000000	1520.93400000	1527.36000000	1525.53000000	1536.31120000	1533.06840000
2727023411.37123728	1548.15200000	1551.45600000	1530.95800000	1530.45800000	1533.60000000	1530.61000000	1527.32600000	1527.47400000	1528.16800000	1532.12000000	1533.64080000	1534.42360000
2728026755.85284281	1532.22400000	1534.63800000	1536.06800000	1536.19000000	1524.58000000	1523.32400000	1528.47800000	1528.22200000	1521.23000000	1521.20800000	1528.51600000	1528.71640000
2729030100.33444834	1550.57600000	1550.79600000	1542.64000000	1541.22600000	1530.53800000	1531.29600000	1524.20600000	1527.98200000	1528.34600000	1521.87400000	1535.26120000	1534.63480000
2730033444.81605339	1551.50200000	1546.95200000	1537.88400000	1537.65000000	1529.93800000	1528.38200000	1527.59200000	1526.55200000	1523.72000000	1526.86800000	1534.12720000	1533.28080000
2731036789.29765892	1541.60600000	1539.23200000	1530.46000000	1529.74200000	1523.53800000	1524.58000000	1528.66200000	1525.35600000	1522.69200000	1525.65800000	1529.39160000	1528.91360000
2732040133.77926445	1549.00600000	1548.90400000	1543.39000000	1541.17200000	1531.87400000	1528.79800000	1525.97600000	1525.22600000	1525.79800000	1526.87000000	1535.20880000	1534.19400000
2733043478.26086950	1555.20000000	1553.30200000	1538.16200000	1539.53600000	1537.03600000	1531.88000000	1535.83400000	1531.07200000	1532.20600000	1533.78200000	1539.68760000	1537.91440000
2734046822.74247503	1556.02200000	1556.36200000	1537.05600000	1540.39200000	1535.55000000	1530.26600000	1532.60400000	1533.82200000	1531.18200000	1534.87600000	1538.48280000	1539.14360000
2735050167.22408009	1536.54000000	1538.04800000	1531.57600000	1532.02400000	1523.77800000	1522.18800000	1525.47000000	1524.28400000	1524.96400000	1524.37800000	1528.46560000	1528.18440000
2736053511.70568562	1537.97400000	1535.89000000	1536.50000000	1537.65800000	1525.73000000	1525.21400000	1518.93000000	1517.61200000	1524.90800000	1526.46800000	1528.80840000	1528.56840000
2737056856.18729115	1539.81400000	1538.33800000	1538.77200000	1534.79000000	1524.29400000	1525.83000000	1522.33200000	1518.62000000	1524.03600000	1525.65600000	1529.84960000	1528.64680000
2738060200.66889620	1547.44200000	1543.00000000	1533.48800000	1531.86200000	1531.25000000	1526.52600000	1523.20200000	1523.89600000	1532.26600000	1526.01400000	1533.52960000	1530.25960000
2739063545.15050173	1545.24800000	1547.08400000	1541.20600000	1541.92800000	1530.53200000	1525.15200000	1528.06600000	1526.84200000	1532.46800000	1529.78400000	1535.50400000	1534.15800000
2740066889.63210726	1542.05200000	1543.07200000	1529.79000000	1531.06600000	1523.46400000	1523.69000000	1526.62600000	1528.80000000	1523.18000000	1523.41200000	1529.02240000	1530.00800000
2741070234.11371231	1550.00600000	1551.09000000	1532.67600000	1531.49200000	1533.00800000	1532.87400000	1525.91600000	1526.14200000	1530.33800000	1526.27400000	1534.38880000	1533.57440000
2742073578.59531784	1542.66000000	1543.89600000	1531.76000000	1531.81600000	1535.85200000	1535.55600000	1527.33200000	1525.41200000	1524.02600000	1520.35400000	1532.32600000	1531.40680000
2743076923.07692289	1546.93400000	1548.09600000	1544.49600000	1541.02600000	1529.94800000	1528.03800000	1527.45400000	1528.11400000	1533.02000000	1529.70600000	1536.37040000	1534.99600000
2744080267.55852842	1546.69600000	1548.40800000	1544.55800000	1540.02000000	1528.91400000	1530.41200000	1528.40800000	1524.55800000	1524.63800000	1528.30800000	1534.64280000	1534.34120000
2745083612.04013395	1549.95200000	1550.18000000	1541.15400000	1541.17000000	1529.44200000	1532.32400000	1527.16400000	1526.01800000	1520.67800000	1525.42400000	1533.67800000	1535.02320000
2746086956.52173901	1546.75600000	1546.61800000	1536.82400000	1538.32400000	1527.93400000	1527.76200000	1529.62600000	1529.00200000	1529.72600000	1527.82200000	1534.17320000	1533.90560000
2747090301.00334454	1548.05600000	1549.32800000	1537.23000000	1540.58800000	1528.37400000	1528.54000000	1527.96600000	1526.07200000	1526.45000000	1524.58200000	1533.61520000	1533.82200000
2748093645.48495007	1546.47200000	1546.63400000	1541.02200000	1540.56200000	1526.98000000	1529.08000000	1525.46200000	1525.26400000	1527.06400000	1526.34400000	1533.40000000	1533.57680000
2749096989.96655512	1543.10400000	1538.02600000	1534.07200000	1530.82800000	1525.72000000	1523.78000000	1523.00400000	1519.91800000	1523.29000000	1526.56600000	1529.83800000	1527.82360000
2750100334.44816065	1551.72400000	1550.79800000	1535.22400000	1533.00200000	1530.23600000	1527.43000000	1532.74000000	1531.17400000	1529.79600000	1531.81800000	1535.94400000	1534.84440000
2751103678.92976570	1530.61600000	1532.36200000	1536.71800000	1535.65800000	1526.03000000	1526.40600000	1526.27200000	1525.18000000	1521.59400000	1524.50400000	1528.24600000	1528.82200000
2752107023.41137123	1548.52200000	1545.48200000	1530.67800000	1529.60000000	1529.76400000	1526.25200000	1529.87200000	1529.87800000	1521.53000000	1520.70600000	1532.07320000	1530.38360000
2753110367.89297676	1548.37400000	1544.73400000	1539.16200000	1539.95800000	1526.87800000	1523.47400000	1528.77600000	1526.55400000	1531.31200000	1530.28800000	1534.90040000	1533.00160000
2754113712.37458181	1548.96600000	1548.25800000	1541.21000000	1538.36200000	1533.54600000	1533.46200000	1524.74200000	1525.26200000	1528.25800000	1524.76000000	1535.34440000	1534.02080000
2755117056.85618734	1546.76400000	1543.56400000	1531.13200000	1532.22600000	1531.43200000	1530.07400000	1529.60000000	1528.98000000	1530.84600000	1527.68400000	1533.95480000	1532.50560000
2756120401.33779287	1541.48000000	1543.05600000	1533.85400000	1530.32200000	1520.55800000	1523.62200000	1526.19200000	1526.75200000	1523.95200000	1523.71600000	1529.20720000	1529.49360000
2757123745.81939793	1546.39400000	1543.01200000	1531.34400000	1530.94200000	1530.30600000	1530.60000000	1525.49000000	1529.62600000	1530.55200000	1527.85600000	1532.81720000	1532.40720000
2758127090.30100346	1548.88200000	1552.09000000	1536.37800000	1537.33800000	1529.13200000	1530.28200000	1525.56600000	1527.18000000	1527.65200000	1524.96600000	1533.52200000	1534.37120000
2759130434.78260851	1551.17800000	1550.81200000	1534.69200000	1531.40800000	1522.59400000	1527.51200000	1533.56800000	1532.56000000	1525.91400000	1525.74400000	1533.58920000	1533.60720000
2760133779.26421404	1547.95000000	1543.46800000	1531.51400000	1531.30400000	1532.39800000	1535.86400000	1526.18600000	1530.54000000	1520.63000000	1521.77000000	1531.73560000	1532.58920000
2761137123.74581957	1541.90600000	1541.25400000	1529.10000000	1529.59400000	1521.65600000	1523.18200000	1519.53200000	1520.83200000	1520.93800000	1521.55400000	1526.62640000	1527.28320000
2762140468.22742462	1543.23000000	1544.81600000	1529.50000000	1531.39400000	1523.50800000	1521.09400000	1531.63400000	1530.28400000	1526.79200000	1528.00400000	1530.93280000	1531.11840000
2763143812.70903015	1549.92600000	1547.82800000	1542.93800000	1541.75000000	1533.55800000	1529.97800000	1528.24400000	1524.08200000	1524.71200000	1524.03600000	1535.87560000	1533.53480000
2764147157.19063568	1548.35800000	1546.33000000	1528.00000000	1527.28000000	1532.63000000	1534.94000000	1532.74200000	1527.26200000	1522.10600000	1521.85000000	1532.76720000	1531.53240000
2765150501.67224073	1534.66800000	1537.30400000	1542.28000000	1541.56600000	1524.04000000	1525.11000000	1517.06400000	1514.95600000	1527.81000000	1526.31600000	1529.17240000	1529.05040000
2766153846.15384626	1551.84000000	1548.90000000	1535.16600000	1530.09400000	1531.60800000	1533.22800000	1530.57600000	1530.12200000	1529.09000000	1531.95400000	1535.65600000	1534.85960000
2767157190.63545132	1558.53600000	1557.19200000	1538.41000000	1539.94800000	1533.67800000	1531.48600000	1530.52200000	1532.19600000	1531.27200000	1531.67200000	1538.48360000	1538.49880000
2768160535.11705685	1541.25400000	1540.72800000	1531.44800000	1529.99600000	1522.90200000	1524.99400000	1525.63200000	1528.00600000	1525.73000000	1523.24200000	1529.39320000	1529.39320000
2769163879.59866238	1544.54800000	1543.83400000	1530.64400000	1531.17200000	1526.71600000	1527.07400000	1524.82800000	1528.94400000	1527.22400000	1526.45600000	1530.79200000	1531.49600000
2770167224.08026743	1549.36400000	1549.29400000	1535.10600000	1533.39000000	1530.28200000	1530.40000000	1532.67400000	1531.07200000	1529.20400000	1529.10400000	1535.32600000	1534.65200000
2771170568.56187296	1545.32600000	1544.08400000	1531.42000000	1533.39800000	1533.76800000	1535.91600000	1529.04200000	1529.93000000	1524.21800000	1519.37800000	1532.75480000	1532.54120000
2772173913.04347849	1541.62200000	1539.12200000	1530.09600000	1533.37000000	1526.44600000	1522.13600000	1523.48800000	1524.65800000	1526.76600000	1524.04000000	1529.68360000	1528.66520000
2773177257.52508354	1552.56000000	1551.33800000	1532.97600000	1535.19600000	1528.87400000	1530.34000000	1530.65800000	1530.53800000	1530.07400000	1529.69400000	1535.02840000	1535.42120000
2774180602.00668907	1539.65800000	1545.43600000	1534.29400000	1534.43200000	1522.43600000	1523.77000000	1519.16000000	1520.77200000	1524.29800000	1525.56800000	1527.96920000	1529.99560000
2775183946.48829412	1543.61400000	1543.14800000	1540.19800000	1538.83200000	1529.24800000	1525.91800000	1528.43400000	1528.18800000	1530.58400000	1533.54800000	1534.41560000	1533.92680000
2776187290.96989965	1545.65200000	1547.80000000	1529.60200000	1531.05800000	1524.33200000	1523.01200000	1531.80600000	1533.52000000	1525.83200000	1529.60400000	1531.44480000	1532.99880000
2777190635.45150518	1550.19000000	1554.28000000	1537.78400000	1532.84400000	1530.56400000	1528.90200000	1529.47600000	1523.72000000	1525.82000000	1524.84200000	1534.76680000	1532.91760000
2778193979.93311024	1540.60600000	1536.55000000	1542.49200000	1537.43200000	1524.50000000	1524.29400000	1521.14400000	1519.72400000	1524.14600000	1522.65600000	1530.57760000	1528.13120000
2779197324.41471577	1537.58800000	1538.69200000	1530.24600000	1530.90800000	1525.17800000	1523.53600000	1525.96400000	1521.97200000	1527.48800000	1525.96200000	1529.29280000	1528.21400000
2780200668.89632130	1535.69400000	1535.38000000	1538.84200000	1537.30400000	1529.01400000	1526.76600000	1524.48600000	1524.58200000	1520.89000000	1520.39000000	1529.78520000	1528.88440000
2781204013.37792635	1550.83000000	1550.84600000	1530.48200000	1531.19200000	1534.61000000	1531.65400000	1529.57000000	1531.81200000	1530.84800000	1531.11800000	1535.26800000	1535.32440000
2782207357.85953188	1547.76800000	1548.22000000	1529.94800000	1531.08000000	1532.43800000	1531.78800000	1532.31000000	1532.42000000	1522.53800000	1520.92400000	1533.00040000	1532.88640000
2783210702.34113693	1554.32600000	1550.19400000	1536.22400000	1539.12000000	1526.88200000	1527.90000000	1522.81000000	1523.39600000	1524.31600000	1527.01800000	1532.91160000	1533.52560000
2784214046.82274246	1543.04200000	1541.05800000	1531.80600000	1532.49000000	1520.82400000	1524.23400000	1524.60600000	1526.44800000	1523.13800000	1522.05800000	1528.68320000	1529.25760000
2785217391.30434799	1539.61400000	1539.90600000	1534.59200000	1532.47800000	1522.76000000	1522.14400000	1528.69000000	1528.65400000	1520.61200000	1520.75600000	1529.25360000	1528.78760000
2786220735.78595304	1548.06400000	1547.02000000	1536.17200000	1533.92200000	1533.07600000	1531.35600000	1534.17800000	1531.39000000	1530.23800000	1531.07400000	1536.34560000	1534.95240000
2787224080.26755857	1535.29600000	1539.75400000	1529.12400000	1530.90000000	1523.74600000	1525.59200000	1521.52800000	1521.27400000	1522.89000000	1520.36200000	1526.51680000	1527.57640000
2788227424.74916410	1541.44200000	1541.68600000	1528.36000000	1526.26800000	1524.98400000	1521.74400000	1527.64000000	1529.30600000	1523.00800000	1523.76000000	1529.08680000	1528.55280000
2789230769.23076916	1542.46600000	1547.68600000	1530.38000000	1530.69800000	1525.39400000	1524.78000000	1532.84800000	1533.29200000	1528.98600000	1529.85400000	1532.01480000	1533.26200000
2790234113.71237469	1539.27200000	1538.42400000	1537.45600000	1540.26400000	1528.26400000	1526.28200000	1518.54600000	1516.94400000	1526.65400000	1522.52400000	1530.03840000	1528.88760000
2791237458.19397974	1533.64000000	1533.69400000	1533.29400000	1534.04400000	1526.01000000	1526.23800000	1525.31000000	1526.82200000	1519.72000000	1520.19400000	1527.59480000	1528.19840000
2792240802.67558527	1543.47200000	1539.51600000	1532.74200000	1532.29200000	1525.42600000	1523.87800000	1519.22600000	1518.46200000	1521.50600000	1522.68400000	1528.47440000	1527.36640000
2793244147.15719080	1544.79800000	1542.42200000	1540.61600000	1539.87200000	1530.37400000	1527.82200000	1525.58000000	1529.67600000	1525.22600000	1524.99000000	1533.31880000	1532.95640000
2794247491.63879585	1545.76400000	1547.33800000	1541.27200000	1539.29200000	1532.42600000	1528.95000000	1527.35000000	1527.68800000	1525.31800000	1524.53200000	1534.42600000	1533.56000000
2795250836.12040138	1546.66600000	1547.67200000	1532.13600000	1531.02800000	1531.22400000	1531.53400000	1529.61600000	1527.88800000	1523.83000000	1523.18600000	1532.69440000	1532.26160000
2796254180.60200691	1543.86200000	1541.13200000	1529.49600000	1526.85600000	1533.84800000	1534.76400000	1526.44600000	1529.50000000	1518.44600000	1520.53800000	1530.41960000	1530.55800000
2797257525.08361197	1541.81000000	1541.89800000	1529.66800000	1529.45800000	1523.58400000	1523.56800000	1526.32600000	1526.22800000	1525.76200000	1522.65400000	1529.43000000	1528.76120000
2798260869.56521749	1542.63200000	1544.97600000	1529.12200000	1531.11000000	1524.20600000	1526.28400000	1531.30000000	1531.53400000	1528.40400000	1528.85000000	1531.13280000	1532.55080000
2799264214.04682255	1550.60000000	1550.43800000	1533.67000000	1532.66000000	1529.65200000	1532.43400000	1532.23600000	1532.77400000	1528.65000000	1530.64200000	1534.96160000	1535.78960000
2800267558.52842808	1538.74800000	1529.03400000	1536.18800000	1536.04400000	1526.42200000	1529.41400000	1522.45200000	1522.44000000	1523.94600000	1523.12400000	1529.55120000	1528.01120000
2801270903.01003361	1546.20200000	1546.97000000	1530.89800000	1535.74600000	1524.95200000	1525.14000000	1532.03000000	1532.00600000	1526.35000000	1527.40200000	1532.08640000	1533.45280000
2802274247.49163866	1548.86200000	1548.89600000	1533.67000000	1540.43200000	1528.58400000	1528.73600000	1522.39800000	1526.78400000	1525.06600000	1526.14400000	1531.71600000	1534.19840000
2803277591.97324419	1545.53800000	1543.20000000	1531.47600000	1528.92600000	1522.28600000	1521.40800000	1529.88400000	1532.10000000	1526.93400000	1529.35000000	1531.22360000	1530.99680000
2804280936.45484972	1546.24600000	1544.59000000	1528.64200000	1530.73000000	1528.13800000	1529.16000000	1528.36600000	1526.62800000	1527.59600000	1526.87000000	1531.79760000	1531.59560000
2805284280.93645477	1549.34400000	1549.10200000	1530.72000000	1531.96400000	1529.94000000	1525.82800000	1529.02800000	1527.64600000	1521.27800000	1519.12800000	1532.06200000	1530.73360000
2806287625.41806030	1533.56200000	1532.31800000	1537.13600000	1536.84600000	1524.12800000	1526.96800000	1525.22200000	1524.46600000	1522.07200000	1520.46400000	1528.42400000	1528.21240000
2807290969.89966536	1542.68000000	1542.78600000	1531.52000000	1532.60800000	1523.86000000	1527.08600000	1520.20800000	1518.13000000	1524.09000000	1520.82600000	1528.47160000	1528.28720000
2808294314.38127089	1544.27800000	1540.10400000	1531.03600000	1531.38400000	1530.95800000	1530.69000000	1529.01800000	1529.68400000	1522.48200000	1524.35200000	1531.55440000	1531.24280000
2809297658.86287642	1549.96800000	1550.40400000	1541.02600000	1538.53400000	1527.30000000	1528.52800000	1526.16600000	1525.28000000	1526.00000000	1528.41000000	1534.09200000	1534.23120000
2810301003.34448147	1536.87800000	1537.93400000	1530.86200000	1531.23000000	1518.91800000	1522.05400000	1519.04400000	1521.71400000	1521.41200000	1521.51800000	1525.42280000	1526.89000000
2811304347.82608700	1542.08800000	1547.16200000	1538.85400000	1540.12000000	1525.28000000	1529.95200000	1530.12400000	1529.47000000	1529.14800000	1531.85800000	1533.09880000	1535.71240000
2812307692.30769253	1551.75000000	1549.87000000	1540.98800000	1542.40600000	1528.35800000	1529.05600000	1523.55400000	1525.29800000	1525.28400000	1524.33000000	1533.98680000	1534.19200000
2813311036.78929758	1543.20200000	1545.60400000	1533.56600000	1533.67200000	1523.07400000	1525.11000000	1519.58200000	1519.75200000	1521.07000000	1522.62600000	1528.09880000	1529.35280000
2814314381.27090311	1530.21800000	1536.57200000	1534.94200000	1539.04200000	1525.21800000	1527.57000000	1517.96000000	1517.35400000	1522.20000000	1524.23200000	1526.10760000	1528.95400000
2815317725.75250816	1539.50200000	1543.94200000	1525.04600000	1533.67000000	1523.72800000	1521.26600000	1526.72400000	1528.71800000	1521.41400000	1524.08200000	1527.28280000	1530.33560000
2816321070.23411369	1534.71000000	1536.81800000	1538.24400000	1536.69800000	1522.55200000	1520.31800000	1518.41800000	1519.56400000	1521.31600000	1524.09800000	1527.04800000	1527.49920000
2817324414.71571922	1548.15400000	1546.48000000	1527.77000000	1530.73000000	1521.94800000	1525.17000000	1528.18600000	1528.94200000	1522.64200000	1523.85800000	1529.74000000	1531.03600000
2818327759.19732428	1535.73200000	1538.21600000	1538.68600000	1540.83000000	1523.15000000	1527.91600000	1520.82200000	1519.28000000	1523.95400000	1523.12600000	1528.46880000	1529.87360000
2819331103.67892981	1548.95000000	1550.07600000	1536.15800000	1537.82000000	1527.02800000	1526.07000000	1523.08800000	1529.18600000	1522.52000000	1524.05400000	1531.54880000	1533.44120000
2820334448.16053534	1547.72200000	1548.53600000	1540.32000000	1540.30200000	1525.57600000	1529.20400000	1522.16600000	1525.64800000	1522.14800000	1521.43000000	1531.58640000	1533.02400000
2821337792.64214039	1543.18600000	1544.58600000	1537.54600000	1541.32000000	1528.31600000	1533.01800000	1522.57600000	1527.69000000	1524.02800000	1527.76600000	1531.13040000	1534.87600000
2822341137.12374592	1546.06600000	1545.31600000	1533.21400000	1529.89600000	1527.04000000	1529.25400000	1526.98000000	1527.68000000	1526.42000000	1531.11400000	1531.94400000	1532.65200000
2823344481.60535097	1544.17400000	1548.16200000	1537.02800000	1541.12800000	1525.81600000	1528.76600000	1523.32600000	1524.96800000	1521.63600000	1524.63400000	1530.39600000	1533.53160000
2824347826.08695650	1530.24400000	1536.38800000	1533.49200000	1539.18600000	1525.51600000	1525.04800000	1520.77800000	1522.40400000	1523.94400000	1524.54400000	1526.79480000	1529.51400000
2825351170.56856203	1538.65000000	1543.49800000	1527.30200000	1530.31000000	1520.16800000	1522.23800000	1517.71200000	1522.82600000	1518.99400000	1522.11000000	1524.56520000	1528.19640000
2826354515.05016708	1541.21800000	1547.45400000	1523.26600000	1530.40400000	1524.64600000	1531.31200000	1522.61400000	1524.88200000	1523.39000000	1529.43400000	1527.02680000	1532.69720000
2827357859.53177261	1538.67400000	1546.11200000	1524.67400000	1528.61600000	1518.48000000	1527.22800000	1518.02200000	1523.48000000	1518.03400000	1524.64600000	1523.57680000	1530.01640000
2828361204.01337814	1527.41800000	1536.85000000	1530.88600000	1541.21600000	1518.89600000	1528.30600000	1511.33800000	1520.77000000	1517.16000000	1523.05200000	1521.13960000	1530.03880000
2829364548.49498320	1544.10600000	1555.76400000	1528.67000000	1535.49600000	1521.71400000	1525.48400000	1521.02400000	1534.67000000	1518.62400000	1533.48800000	1526.82760000	1536.98040000
2830367892.97658873	1527.73000000	1540.48000000	1519.27400000	1533.27400000	1510.78400000	1526.68400000	1507.65400000	1514.80800000	1510.14400000	1524.89600000	1515.11720000	1528.02840000
2831371237.45819378	1527.64800000	1541.66000000	1513.57200000	1527.29200000	1515.34400000	1531.61200000	1510.72600000	1524.83800000	1502.33200000	1519.95800000	1513.92440000	1529.07200000
2832374581.93979931	1523.24800000	1545.05200000	1507.40600000	1530.64200000	1513.68600000	1530.72200000	1506.62200000	1526.02600000	1499.57400000	1517.26400000	1510.10720000	1529.94120000
2833377926.42140484	1524.39200000	1545.00400000	1508.34400000	1530.61600000	1512.62400000	1534.59600000	1506.43200000	1526.18400000	1499.10400000	1520.27000000	1510.17920000	1531.33400000
2834381270.90300989	1524.23600000	1543.86600000	1517.36800000	1538.93400000	1511.47600000	1530.41800000	1506.22200000	1529.78000000	1508.82600000	1528.77000000	1513.62560000	1534.35360000
2835384615.38461542	1509.63600000	1535.59600000	1514.21600000	1537.66400000	1503.96600000	1528.29000000	1496.66000000	1522.94400000	1499.06400000	1523.31000000	1504.70840000	1529.56080000
2836387959.86622095	1527.73800000	1549.59200000	1506.61800000	1531.53600000	1507.96600000	1531.80200000	1505.65800000	1528.36800000	1507.36000000	1531.31600000	1511.06800000	1534.52280000
2837391304.34782600	1525.15000000	1546.47000000	1511.31800000	1531.83800000	1505.86000000	1521.28600000	1502.62000000	1525.44600000	1502.41000000	1528.81200000	1509.47160000	1530.77040000
2838394648.82943153	1511.51200000	1538.68800000	1513.15000000	1529.45000000	1502.80000000	1521.25000000	1503.20600000	1526.04600000	1498.36800000	1520.33400000	1505.80720000	1527.15360000
2839397993.31103659	1526.19200000	1547.08000000	1519.15800000	1541.25000000	1509.00400000	1527.31800000	1506.78800000	1526.05800000	1505.75600000	1526.96400000	1513.37960000	1533.73400000
2840401337.79264212	1525.71800000	1540.92800000	1510.67000000	1530.91200000	1512.15000000	1531.16000000	1504.63200000	1526.39000000	1502.77200000	1519.71200000	1511.18840000	1529.82040000
2841404682.27424765	1527.00000000	1543.61400000	1515.34200000	1533.20800000	1508.62200000	1523.29800000	1503.12000000	1519.06000000	1503.18400000	1520.32400000	1511.45360000	1527.90080000
2842408026.75585270	1525.53000000	1542.19600000	1518.87600000	1529.58400000	1510.22200000	1522.98400000	1513.52200000	1525.91000000	1511.36200000	1522.00200000	1515.90240000	1528.53520000
2843411371.23745823	1533.94200000	1542.43400000	1521.29800000	1531.98000000	1511.48000000	1522.09400000	1509.74400000	1521.50000000	1513.31600000	1523.58800000	1517.95600000	1528.31920000
2844414715.71906376	1543.18200000	1546.03400000	1519.91200000	1529.02400000	1513.43200000	1522.60400000	1522.29800000	1527.62600000	1517.00000000	1526.58600000	1523.16480000	1530.37480000
2845418060.20066881	1535.43800000	1544.97200000	1526.32400000	1534.64400000	1516.73800000	1522.70400000	1516.97400000	1521.03400000	1514.95000000	1520.29200000	1522.08480000	1528.72920000
2846421404.68227434	1528.53400000	1534.26400000	1534.51600000	1538.89600000	1523.77000000	1530.64200000	1515.62600000	1518.50400000	1516.70000000	1525.79000000	1523.82920000	1529.61920000
2847424749.16387939	1548.07200000	1549.49400000	1527.00000000	1532.21000000	1527.14600000	1529.51000000	1527.13200000	1530.61000000	1526.17000000	1530.91200000	1531.10400000	1534.54720000
2848428093.64548492	1546.10800000	1550.56600000	1536.90400000	1539.04200000	1524.90200000	1526.15400000	1521.43200000	1523.81800000	1522.80000000	1525.39800000	1530.42920000	1532.99560000
2849431438.12709045	1533.17400000	1536.59600000	1531.27800000	1537.75600000	1522.22400000	1526.93200000	1514.38000000	1515.60800000	1523.05800000	1524.12800000	1524.82280000	1528.20400000
2850434782.60869551	1534.80000000	1542.30000000	1530.28200000	1528.17000000	1520.33400000	1522.84000000	1518.73800000	1523.37000000	1522.24800000	1525.66200000	1525.28040000	1528.46840000
2851438127.09030104	1544.35000000	1546.18400000	1529.11200000	1535.15800000	1524.72600000	1526.99000000	1524.26200000	1524.16800000	1522.51600000	1527.54600000	1528.99320000	1532.00920000
2852441471.57190657	1537.33800000	1540.59400000	1528.04200000	1530.84200000	1524.98600000	1524.75200000	1515.54000000	1519.37400000	1523.64400000	1526.59200000	1525.91000000	1528.43080000
2853444816.05351162	1541.49200000	1546.85000000	1531.63400000	1536.50400000	1522.05000000	1524.32600000	1524.07400000	1529.66800000	1528.07800000	1529.90000000	1529.46560000	1533.44960000
2854448160.53511715	1541.47600000	1545.23200000	1535.66200000	1539.14200000	1522.04400000	1527.16200000	1524.77800000	1527.95000000	1526.21600000	1531.28000000	1530.03520000	1534.15320000
2855451505.01672220	1536.26600000	1540.97000000	1526.57600000	1530.06200000	1523.69000000	1525.25000000	1518.46400000	1526.24400000	1523.50600000	1526.46800000	1525.70040000	1529.79880000
2856454849.49832773	1536.05600000	1540.79800000	1525.44400000	1527.09200000	1517.24600000	1523.84000000	1526.19000000	1527.69000000	1520.91800000	1522.73600000	1525.17080000	1528.43120000
2857458193.97993326	1547.28600000	1550.63800000	1533.75000000	1540.23400000	1520.45000000	1527.86000000	1516.93400000	1522.64800000	1522.42400000	1523.93000000	1528.16880000	1533.06200000
2858461538.46153831	1530.93600000	1534.36000000	1531.57400000	1535.66400000	1519.29400000	1528.37000000	1510.29000000	1515.21600000	1517.52200000	1523.68200000	1521.92320000	1527.45840000
2859464882.94314384	1534.86600000	1540.07000000	1524.46600000	1526.87600000	1520.04200000	1524.71600000	1515.93000000	1523.41800000	1519.28400000	1524.45400000	1522.91760000	1527.90680000
2860468227.42474937	1535.71000000	1545.97800000	1521.36800000	1529.54000000	1517.94200000	1523.29400000	1513.58400000	1522.20000000	1513.53400000	1523.49000000	1520.42760000	1528.90040000
2861471571.90635443	1534.72600000	1550.12600000	1519.15800000	1529.48800000	1519.33400000	1528.44400000	1514.62600000	1527.32400000	1518.06200000	1529.59800000	1521.18120000	1532.99600000
2862474916.38795996	1525.86800000	1541.68000000	1515.83200000	1530.87200000	1517.41400000	1534.50200000	1512.93400000	1527.48200000	1504.64000000	1519.70800000	1515.33760000	1530.84880000
2863478260.86956501	1527.44200000	1544.86200000	1522.73000000	1539.18200000	1508.83400000	1527.38800000	1505.59400000	1525.03000000	1506.37000000	1527.66000000	1514.19400000	1532.82440000
2864481605.35117054	1523.73400000	1549.58600000	1513.76600000	1532.82000000	1503.96800000	1521.95600000	1498.58000000	1520.51000000	1501.93600000	1524.41600000	1508.39680000	1529.85760000
2865484949.83277607	1519.55600000	1543.41400000	1519.92400000	1537.38000000	1504.83000000	1527.73600000	1503.51600000	1525.36000000	1507.78000000	1532.26800000	1511.12120000	1533.23160000
2866488294.31438112	1516.25000000	1536.11400000	1519.80200000	1542.20200000	1501.11800000	1524.19000000	1496.10400000	1518.35800000	1502.50200000	1526.48800000	1507.15520000	1529.47040000
2867491638.79598665	1525.01600000	1551.80000000	1515.50400000	1537.54600000	1503.06800000	1527.67600000	1498.58000000	1525.57000000	1500.55600000	1524.91800000	1508.54480000	1533.50200000
2868494983.27759218	1527.57800000	1547.36600000	1510.48400000	1534.76600000	1506.35200000	1531.29400000	1505.65600000	1532.65400000	1504.94800000	1529.05800000	1511.00360000	1535.02760000
2869498327.75919724	1512.04600000	1537.17400000	1507.24000000	1535.50600000	1500.70400000	1521.17600000	1501.06400000	1528.49200000	1498.09200000	1520.09800000	1503.82920000	1528.48920000
2870501672.24080276	1521.71400000	1544.96000000	1507.46000000	1528.32000000	1501.14200000	1519.42200000	1510.24200000	1534.80400000	1503.97400000	1527.59400000	1508.90640000	1531.02000000
2871505016.72240782	1523.99000000	1546.53200000	1522.36600000	1539.22400000	1505.95800000	1525.61400000	1501.44200000	1524.25200000	1504.46600000	1525.29200000	1511.64440000	1532.18280000
2872508361.20401335	1523.82800000	1541.15400000	1516.29800000	1541.56200000	1503.22400000	1530.26600000	1503.82800000	1526.76200000	1506.93600000	1530.65400000	1510.82280000	1534.07960000
2873511705.68561888	1509.80800000	1532.05600000	1511.00400000	1535.86800000	1501.25000000	1528.19200000	1500.40800000	1524.70600000	1498.58600000	1520.59400000	1504.21120000	1528.28320000
2874515050.16722393	1516.99800000	1545.97200000	1506.00000000	1530.38400000	1504.41200000	1533.22600000	1504.40200000	1528.25600000	1498.97400000	1522.45800000	1506.15720000	1532.05920000
2875518394.64882946	1510.14600000	1535.13800000	1514.66000000	1539.31000000	1502.58000000	1526.64000000	1497.31600000	1521.34400000	1496.58400000	1522.47800000	1504.25720000	1528.98200000
2876521739.13043499	1527.55200000	1548.13000000	1514.54200000	1539.04000000	1508.38400000	1531.17800000	1508.73600000	1530.41400000	1506.37600000	1530.35600000	1513.11800000	1535.82360000
2877525083.61204004	1523.71000000	1545.63600000	1517.19200000	1538.37600000	1503.97400000	1526.18200000	1505.48200000	1529.04800000	1509.30200000	1529.86400000	1511.93200000	1533.82120000
2878528428.09364557	1523.74200000	1542.92400000	1510.47600000	1529.70200000	1505.51000000	1522.70200000	1502.09000000	1521.00400000	1507.17000000	1528.46000000	1509.79760000	1528.95840000
2879531772.57525063	1519.43000000	1536.35800000	1516.70400000	1529.68800000	1503.78400000	1522.38200000	1504.93400000	1517.82000000	1501.69400000	1522.10400000	1509.30920000	1525.67040000
2880535117.05685616	1537.04400000	1548.97600000	1520.45800000	1530.76800000	1515.69400000	1532.55200000	1512.63400000	1529.12400000	1514.45200000	1526.68000000	1520.05640000	1533.62000000
2881538461.53846169	1538.32800000	1551.55600000	1523.42000000	1535.06200000	1519.44600000	1531.78400000	1519.95600000	1531.74400000	1519.07400000	1533.69000000	1524.04480000	1536.76720000
2882541806.02006674	1538.43600000	1545.42200000	1532.47200000	1541.52600000	1521.22800000	1530.28800000	1515.86000000	1524.55800000	1516.58200000	1526.33600000	1524.91560000	1533.62600000
2883545150.50167227	1540.06600000	1545.63800000	1523.15600000	1530.60800000	1523.20600000	1533.09600000	1520.35000000	1529.24600000	1512.37000000	1519.98200000	1523.82960000	1531.71400000
2884548494.98327780	1534.05800000	1541.61400000	1522.79400000	1528.74600000	1515.68000000	1520.95400000	1517.91400000	1526.14000000	1515.72400000	1522.40200000	1521.23400000	1527.97120000
2885551839.46488285	1542.48800000	1546.12800000	1528.41200000	1529.18600000	1524.30400000	1529.26000000	1527.37600000	1526.92600000	1518.39400000	1521.82000000	1528.19480000	1530.66400000
2886555183.94648838	1536.20600000	1541.19200000	1523.39800000	1530.68600000	1520.03800000	1522.74400000	1521.61400000	1526.30400000	1517.34600000	1524.35000000	1523.72040000	1529.05520000
2887558528.42809343	1539.74000000	1543.41800000	1523.39000000	1530.76000000	1519.70400000	1520.47400000	1519.36600000	1523.13000000	1521.15000000	1518.59600000	1524.67000000	1527.27560000
2888561872.90969896	1546.29000000	1550.09200000	1528.37400000	1529.38800000	1522.18800000	1520.96800000	1529.29600000	1532.96800000	1524.68400000	1523.24000000	1530.16640000	1531.33120000
2889565217.39130449	1535.15800000	1538.09000000	1533.68200000	1536.38200000	1527.32800000	1527.29200000	1519.36000000	1519.69400000	1522.75400000	1521.49600000	1527.65640000	1528.59080000
2890568561.87290955	1540.32400000	1545.19000000	1539.12800000	1539.94200000	1526.33000000	1526.08400000	1525.60800000	1528.41200000	1529.34800000	1530.50400000	1532.14760000	1534.02640000
2891571906.35451508	1534.92200000	1531.30800000	1532.99800000	1535.12200000	1525.00000000	1526.54400000	1526.44400000	1525.04400000	1518.82400000	1521.30800000	1527.63760000	1527.86520000
2892575250.83612061	1552.71800000	1551.30200000	1534.51600000	1539.62800000	1526.78000000	1532.23600000	1530.11600000	1531.46200000	1528.54000000	1531.29000000	1534.53400000	1537.18360000
2893578595.31772566	1548.08400000	1549.36000000	1528.96000000	1530.12600000	1523.93000000	1525.03200000	1525.77400000	1529.07200000	1519.30600000	1524.55600000	1529.21080000	1531.62920000
2894581939.79933119	1547.82200000	1549.59600000	1528.10000000	1532.83800000	1527.58400000	1534.00000000	1525.81200000	1531.41200000	1525.62600000	1529.52400000	1530.98880000	1535.47400000
2895585284.28093624	1543.75600000	1548.44800000	1531.60600000	1537.82000000	1525.08000000	1532.84800000	1527.35800000	1526.40000000	1523.78800000	1528.19800000	1530.31760000	1534.74280000
2896588628.76254177	1535.68200000	1544.66800000	1527.61200000	1529.62600000	1517.03400000	1522.87600000	1525.23200000	1532.38600000	1524.38600000	1525.59400000	1525.98920000	1531.03000000
2897591973.24414730	1541.25000000	1548.08400000	1536.83200000	1538.82400000	1523.28800000	1527.81000000	1520.32800000	1525.85000000	1518.27800000	1527.09800000	1527.99520000	1533.53320000
2898595317.72575235	1544.27400000	1550.55600000	1526.45000000	1534.55400000	1521.00400000	1526.16600000	1524.04000000	1530.84200000	1521.76400000	1531.21200000	1527.50640000	1534.66600000
2899598662.20735788	1533.47600000	1541.32600000	1517.23200000	1528.98800000	1513.92600000	1522.66600000	1523.19200000	1531.29600000	1518.02200000	1526.67200000	1521.16960000	1530.18960000
2900602006.68896341	1531.13800000	1544.80000000	1518.99600000	1530.99200000	1514.79400000	1530.13000000	1510.07800000	1525.90400000	1510.18600000	1524.33600000	1517.03840000	1531.23240000
2901605351.17056847	1535.57000000	1549.02400000	1524.38600000	1538.48800000	1511.29400000	1531.00600000	1507.36800000	1527.57800000	1505.62600000	1524.22800000	1516.84880000	1534.06480000
2902608695.65217400	1528.20400000	1543.87200000	1512.42200000	1530.81000000	1507.54400000	1522.62800000	1508.45800000	1525.01000000	1506.82400000	1524.08000000	1512.69040000	1529.28000000
2903612040.13377905	1520.78000000	1542.20200000	1508.05000000	1529.57000000	1504.37600000	1523.42600000	1514.47200000	1529.50600000	1507.43600000	1528.55400000	1511.02280000	1530.65160000
2904615384.61538458	1532.40600000	1552.19600000	1523.58000000	1541.70200000	1511.88200000	1530.32400000	1507.29200000	1523.05600000	1504.48000000	1524.31600000	1515.92800000	1534.31880000
2905618729.09699011	1527.12000000	1545.44400000	1520.30200000	1539.57400000	1513.37400000	1533.43600000	1507.16200000	1530.54000000	1505.04800000	1526.76200000	1514.60120000	1535.15120000
2906622073.57859516	1520.00200000	1544.12400000	1509.82600000	1529.17200000	1501.59600000	1521.46000000	1505.38400000	1529.33200000	1502.72400000	1524.32400000	1507.90640000	1529.68240000
2907625418.06020069	1528.93800000	1548.39600000	1516.13800000	1531.75400000	1510.70800000	1529.25000000	1509.53800000	1527.42800000	1510.10000000	1527.85400000	1515.08440000	1532.93640000
2908628762.54180622	1530.19600000	1542.75600000	1510.27000000	1528.27400000	1518.62400000	1532.08800000	1512.86400000	1524.87800000	1505.35000000	1521.09400000	1515.46080000	1529.81800000
2909632107.02341127	1534.46200000	1551.62400000	1527.25200000	1545.02800000	1515.54600000	1529.94200000	1508.71400000	1524.27600000	1512.60000000	1527.61600000	1519.71480000	1535.69720000
2910635451.50501680	1530.93000000	1544.74600000	1519.48400000	1532.41800000	1512.64400000	1526.38200000	1507.80800000	1519.23400000	1510.24400000	1523.17200000	1516.22200000	1529.19040000
2911638795.98662186	1532.85400000	1545.17000000	1520.92800000	1531.35800000	1519.25400000	1529.55200000	1516.74200000	1526.14000000	1514.86000000	1523.24800000	1520.92760000	1531.09360000
2912642140.46822739	1526.96400000	1534.49400000	1529.70200000	1536.30800000	1516.11400000	1524.41800000	1513.48200000	1518.80200000	1518.61000000	1524.76200000	1520.97440000	1527.75680000
2913645484.94983292	1533.74200000	1538.70000000	1527.54800000	1530.57200000	1520.65600000	1524.08400000	1516.44000000	1520.87400000	1518.02200000	1523.19600000	1523.28160000	1527.48520000
2914648829.43143797	1542.29400000	1548.74800000	1527.04600000	1534.00400000	1524.08000000	1534.59800000	1522.06800000	1526.42200000	1524.74400000	1530.32600000	1528.04640000	1534.81960000
2915652173.91304350	1549.62200000	1551.20800000	1532.16400000	1539.38200000	1526.62800000	1528.74200000	1529.28600000	1530.77600000	1530.91200000	1532.48800000	1533.72240000	1536.51920000
2916655518.39464903	1545.46800000	1543.71600000	1537.63000000	1541.81000000	1527.58000000	1529.01000000	1524.01600000	1529.86800000	1528.30600000	1529.74200000	1532.60000000	1534.82920000
2917658862.87625408	1551.23800000	1553.81800000	1535.26400000	1536.78400000	1527.84800000	1532.09000000	1523.66000000	1526.85600000	1521.79200000	1522.48200000	1531.96040000	1534.40600000
2918662207.35785961	1544.62400000	1552.19800000	1530.22800000	1533.85200000	1526.44600000	1528.75800000	1530.20000000	1533.03200000	1528.94200000	1531.69600000	1532.08800000	1535.90720000
2919665551.83946514	1542.37000000	1543.02200000	1528.89600000	1531.17200000	1533.15200000	1534.04400000	1525.34200000	1527.70600000	1519.64600000	1522.37800000	1529.88120000	1531.66440000
2920668896.32107019	1543.16600000	1540.45000000	1527.90200000	1530.54400000	1522.41000000	1523.40800000	1521.81400000	1529.18000000	1522.42000000	1522.18000000	1527.54240000	1529.15240000
2921672240.80267572	1550.00200000	1549.90800000	1533.68400000	1532.59000000	1527.00200000	1530.72000000	1530.10000000	1531.05600000	1531.62800000	1529.25600000	1534.48320000	1534.70600000
2922675585.28428078	1544.94200000	1550.11200000	1530.39200000	1529.57000000	1523.41600000	1522.79800000	1528.19400000	1527.00000000	1521.88200000	1522.40400000	1529.76520000	1530.37680000
2923678929.76588631	1539.55000000	1540.49800000	1539.38800000	1535.39800000	1524.08400000	1524.95600000	1519.68600000	1518.15600000	1524.56400000	1521.60800000	1529.45440000	1528.12320000
2924682274.24749184	1551.30000000	1552.50200000	1535.83600000	1537.79200000	1529.72000000	1529.36000000	1530.84600000	1531.22800000	1531.31200000	1529.21600000	1535.80280000	1536.01960000
2925685618.72909689	1542.15200000	1543.57400000	1528.24200000	1531.51800000	1532.90800000	1534.82800000	1527.11200000	1528.05800000	1523.55000000	1521.88200000	1530.79280000	1531.97200000
2926688963.21070242	1542.56800000	1541.44400000	1536.89000000	1536.28800000	1523.89800000	1524.36800000	1521.12000000	1520.23200000	1525.16000000	1525.47800000	1529.92720000	1529.56200000
2927692307.69230747	1550.40000000	1551.88800000	1536.57800000	1536.08800000	1529.01200000	1530.45200000	1533.25400000	1534.35800000	1532.90200000	1528.91400000	1536.42920000	1536.34000000
2928695652.17391300	1536.01400000	1537.93200000	1535.47600000	1534.02800000	1527.25200000	1521.94800000	1524.21800000	1525.63400000	1520.57200000	1519.10600000	1528.70640000	1527.72960000
2929698996.65551853	1549.29000000	1548.53200000	1540.88800000	1541.20200000	1529.84200000	1528.45600000	1525.85800000	1526.68600000	1523.72000000	1522.33800000	1533.91960000	1533.44280000
2930702341.13712358	1537.15000000	1536.92600000	1530.69600000	1529.68600000	1523.29800000	1521.20600000	1525.87400000	1521.42000000	1526.16200000	1525.30000000	1528.63600000	1526.90760000
2931705685.61872911	1532.06800000	1534.00600000	1535.17000000	1532.61000000	1528.30600000	1531.50200000	1525.28600000	1525.93800000	1521.88800000	1524.18400000	1528.54360000	1529.64800000
2932709030.10033464	1544.00600000	1543.78200000	1530.75400000	1529.56200000	1523.29000000	1523.12400000	1533.96800000	1530.74400000	1524.53200000	1528.12000000	1531.31000000	1531.06640000
2933712374.58193970	1543.42000000	1544.64200000	1542.22600000	1539.27600000	1532.89000000	1533.02200000	1524.40800000	1524.16800000	1525.48600000	1526.22400000	1533.68600000	1533.46640000
2934715719.06354523	1550.48000000	1547.83600000	1534.32800000	1532.89400000	1530.35200000	1528.85800000	1530.36200000	1532.54000000	1530.85400000	1532.21200000	1535.27520000	1534.86800000
2935719063.54515076	1539.67800000	1539.87600000	1534.44200000	1533.19000000	1522.91400000	1524.71400000	1529.24800000	1527.09400000	1521.00600000	1524.74400000	1529.45760000	1529.92360000
2936722408.02675581	1546.04800000	1544.45000000	1541.67600000	1540.69000000	1530.45600000	1530.15800000	1526.99000000	1527.32000000	1525.91000000	1528.32800000	1534.21600000	1534.18920000
2937725752.50836134	1553.90800000	1556.15800000	1539.63600000	1537.47600000	1532.16800000	1527.67200000	1533.11200000	1532.34000000	1530.88400000	1532.81000000	1537.94160000	1537.29120000
2938729096.98996639	1545.27600000	1545.01200000	1537.28000000	1540.85200000	1523.24000000	1529.35000000	1525.07000000	1527.72400000	1530.93200000	1532.21600000	1532.35960000	1535.03080000
2939732441.47157192	1543.63000000	1543.54600000	1530.98600000	1530.81600000	1525.53800000	1525.08000000	1520.59400000	1517.06000000	1521.29400000	1522.03200000	1528.40840000	1527.70680000
2940735785.95317745	1544.13800000	1544.93000000	1530.95200000	1528.42800000	1536.45200000	1532.37200000	1531.60600000	1530.24000000	1518.62000000	1519.92800000	1532.35360000	1531.17960000
2941739130.43478251	1539.24600000	1537.03200000	1540.22000000	1539.19800000	1527.17000000	1526.15800000	1520.10400000	1520.29600000	1522.13600000	1523.34600000	1529.77520000	1529.20600000
2942742474.91638803	1546.89200000	1548.08600000	1534.48600000	1533.12200000	1529.86000000	1529.66000000	1528.99400000	1527.76800000	1530.84400000	1531.37000000	1534.21520000	1534.00120000
2943745819.39799309	1537.92800000	1536.04800000	1540.02000000	1539.23600000	1523.57600000	1527.24600000	1521.07000000	1518.54000000	1525.20000000	1525.19000000	1529.55880000	1529.25200000
2944749163.87959862	1553.15200000	1551.50600000	1538.48000000	1535.63800000	1529.51600000	1530.36600000	1528.92400000	1530.45400000	1535.34800000	1531.94600000	1537.08400000	1535.98200000
2945752508.36120415	1532.82200000	1532.14600000	1537.12800000	1539.80000000	1528.55200000	1529.39400000	1524.32400000	1521.56400000	1525.41400000	1521.78800000	1529.64800000	1528.93840000
2946755852.84280920	1541.77000000	1542.14600000	1530.85600000	1531.32200000	1522.54800000	1523.49400000	1520.78200000	1517.77000000	1520.27000000	1521.13000000	1527.24520000	1527.17240000
2947759197.32441473	1535.65600000	1536.24600000	1540.64400000	1538.73600000	1524.23600000	1526.27200000	1517.68000000	1522.54600000	1522.99600000	1523.86200000	1528.24240000	1529.53240000
2948762541.80602026	1543.72000000	1545.55000000	1540.41200000	1539.13600000	1530.32000000	1530.70000000	1528.49200000	1528.53800000	1532.90200000	1534.43400000	1535.16920000	1535.67160000
2949765886.28762531	1546.37000000	1547.45800000	1541.07600000	1537.16600000	1531.97800000	1530.11600000	1523.65200000	1523.52000000	1525.12200000	1528.13200000	1533.63960000	1533.27840000
2950769230.76923084	1537.41200000	1538.04400000	1530.95200000	1532.26000000	1524.34800000	1522.69000000	1523.16600000	1521.22400000	1525.08800000	1525.42400000	1528.19320000	1527.92840000
2951772575.25083637	1551.59400000	1552.24600000	1530.36800000	1531.56200000	1523.25600000	1522.38200000	1530.74400000	1533.51400000	1527.41800000	1525.16200000	1532.67600000	1532.97320000
2952775919.73244143	1546.71000000	1550.17600000	1544.27400000	1542.25200000	1526.97800000	1531.21400000	1529.47200000	1527.95400000	1535.32200000	1533.28600000	1536.55120000	1536.97640000
2953779264.21404696	1548.13600000	1550.85600000	1536.06800000	1536.83000000	1528.87600000	1531.40400000	1533.53200000	1532.67200000	1532.10200000	1529.12400000	1535.74280000	1536.17720000
2954782608.69565201	1549.96600000	1550.09600000	1532.09200000	1531.39600000	1526.55800000	1523.31600000	1532.16200000	1532.24000000	1526.01600000	1526.65000000	1533.35880000	1532.73960000
2955785953.17725754	1544.53800000	1546.20200000	1540.90800000	1542.86000000	1527.78200000	1529.78200000	1525.51000000	1524.94600000	1532.74800000	1532.57800000	1534.29720000	1535.27360000
2956789297.65886307	1542.88200000	1537.39800000	1538.38800000	1538.23600000	1522.19600000	1522.35200000	1519.02400000	1515.69200000	1523.21400000	1523.14000000	1529.14080000	1527.36360000
2957792642.14046812	1530.67000000	1535.95400000	1533.26400000	1535.47200000	1524.64800000	1524.70400000	1530.49400000	1528.75400000	1522.00000000	1521.91200000	1528.21520000	1529.35920000
2958795986.62207365	1539.58600000	1542.81200000	1532.96400000	1530.28000000	1528.56600000	1525.38200000	1521.68200000	1519.44200000	1523.65800000	1522.17800000	1529.29120000	1528.01880000
2959799331.10367870	1544.15000000	1544.41200000	1540.72400000	1540.08000000	1530.75400000	1527.46000000	1527.03600000	1527.17600000	1535.15200000	1533.42800000	1535.56320000	1534.51120000
2960802675.58528423	1538.59600000	1536.44600000	1537.54600000	1537.54600000	1528.04000000	1528.76000000	1519.24800000	1520.05200000	1519.22400000	1523.08800000	1528.53080000	1529.17840000
2961806020.06688976	1541.86000000	1541.22800000	1535.25800000	1537.39800000	1523.64400000	1522.33600000	1520.95200000	1520.37200000	1524.13200000	1525.92800000	1529.16920000	1529.45240000
2962809364.54849482	1547.61000000	1547.13000000	1530.67400000	1532.81600000	1522.67600000	1523.37200000	1530.83600000	1532.38000000	1526.90400000	1528.19400000	1531.74000000	1532.77840000
2963812709.03010035	1556.33400000	1555.17400000	1539.33000000	1539.40000000	1536.12600000	1530.88600000	1532.99600000	1529.50000000	1531.72600000	1532.12800000	1539.30240000	1537.41760000
2964816053.51170588	1535.41400000	1531.34800000	1535.08400000	1537.71000000	1523.74400000	1523.55400000	1529.13000000	1527.19800000	1522.54000000	1519.67200000	1529.18240000	1527.89640000
2965819397.99331093	1550.21200000	1548.35200000	1531.39200000	1528.68200000	1526.01400000	1529.89400000	1530.15600000	1530.45800000	1526.15200000	1524.69000000	1532.78520000	1532.41520000
2966822742.47491646	1540.67000000	1542.27200000	1529.32200000	1531.57200000	1525.32400000	1523.43800000	1524.54600000	1523.45400000	1527.08400000	1528.89600000	1529.38920000	1529.92640000
2967826086.95652199	1544.85800000	1543.30800000	1531.01200000	1534.76200000	1526.55000000	1525.47200000	1534.64000000	1532.29800000	1526.64000000	1527.41000000	1532.74000000	1532.65000000
2968829431.43812704	1542.20200000	1543.02400000	1531.73600000	1528.97200000	1526.30000000	1526.04400000	1521.68000000	1521.88800000	1526.88000000	1523.28800000	1529.75960000	1528.64320000
2969832775.91973257	1553.61400000	1556.42600000	1540.93800000	1538.56000000	1528.74800000	1529.63400000	1526.45000000	1528.52000000	1522.40800000	1523.43800000	1534.43160000	1535.31560000
2970836120.40133762	1544.16600000	1542.09200000	1529.42000000	1530.70000000	1524.90600000	1525.55000000	1524.54400000	1521.32200000	1525.04400000	1528.39000000	1529.61600000	1529.61080000
2971839464.88294315	1546.68600000	1548.35400000	1534.64800000	1531.15200000	1532.98400000	1528.61200000	1530.68200000	1530.89200000	1522.77200000	1523.09600000	1533.55440000	1532.42120000
2972842809.36454868	1540.33200000	1542.06400000	1531.59800000	1530.82000000	1526.76000000	1521.59800000	1522.55400000	1523.43400000	1521.33200000	1523.54000000	1528.51520000	1528.29120000
2973846153.84615374	1541.81200000	1547.52200000	1544.31000000	1538.68400000	1532.70000000	1528.04600000	1529.60000000	1527.68400000	1529.85000000	1533.30800000	1535.65440000	1535.04880000
2974849498.32775927	1553.35000000	1555.85800000	1538.24200000	1540.69000000	1533.29400000	1529.52200000	1528.65000000	1531.17200000	1532.82800000	1535.91800000	1537.27280000	1538.63200000
2975852842.80936432	1550.09200000	1550.61400000	1537.44000000	1541.85200000	1525.75800000	1527.10600000	1523.55800000	1523.20200000	1527.24600000	1528.92800000	1532.81880000	1534.34040000
2976856187.29096985	1551.63400000	1548.90800000	1535.89400000	1534.75400000	1529.15400000	1526.91200000	1528.28000000	1527.03200000	1524.08200000	1524.29200000	1533.80880000	1532.37960000
2977859531.77257538	1533.56200000	1533.57800000	1533.32000000	1533.67600000	1525.73800000	1526.22200000	1527.97000000	1526.83200000	1520.02600000	1520.69800000	1528.12320000	1528.20120000
2978862876.25418043	1554.42400000	1555.25600000	1536.74200000	1537.67000000	1531.11800000	1530.15200000	1523.26800000	1527.65600000	1525.72400000	1523.29200000	1534.25520000	1534.80520000
2979866220.73578596	1549.17600000	1548.61200000	1530.97200000	1532.55800000	1532.50800000	1531.37800000	1528.73000000	1530.74800000	1528.60600000	1529.50400000	1533.99840000	1534.56000000
2980869565.21739149	1550.03200000	1549.41600000	1536.31400000	1537.48000000	1525.38800000	1527.06000000	1528.30600000	1529.59000000	1528.19000000	1528.59400000	1533.64600000	1534.42800000
2981872909.69899654	1540.79600000	1538.59400000	1528.44800000	1529.03400000	1525.77800000	1526.95200000	1526.49000000	1524.85200000	1524.84000000	1524.97200000	1529.27040000	1528.88080000
2982876254.18060207	1543.72800000	1546.24400000	1528.33600000	1526.41000000	1531.89200000	1535.01600000	1528.56400000	1527.58000000	1520.74400000	1517.27600000	1530.65280000	1530.50520000
2983879598.66220760	1548.23400000	1550.13600000	1539.07600000	1542.40600000	1531.87800000	1529.12000000	1529.64200000	1526.55000000	1522.88400000	1523.50800000	1534.34280000	1534.34400000
2984882943.14381266	1553.13000000	1556.49000000	1541.01000000	1535.44400000	1533.07600000	1531.75600000	1531.12400000	1532.14200000	1533.14600000	1531.55200000	1538.29720000	1537.47680000
2985886287.62541819	1548.41600000	1546.93600000	1528.37600000	1531.58600000	1534.15600000	1532.52600000	1530.45000000	1527.52200000	1521.30200000	1518.66000000	1532.54000000	1531.44600000
2986889632.10702324	1534.92200000	1536.41200000	1535.14400000	1535.04000000	1524.31600000	1525.40000000	1528.80200000	1526.65000000	1521.08400000	1518.91200000	1528.85360000	1528.48280000
2987892976.58862877	1555.88200000	1548.62000000	1541.51000000	1539.81600000	1528.28800000	1527.58800000	1527.16600000	1527.33800000	1526.40800000	1521.79200000	1535.85080000	1533.03080000
2988896321.07023430	1551.16800000	1551.07000000	1539.56000000	1537.61400000	1533.00600000	1532.12800000	1530.61400000	1529.12600000	1531.06200000	1527.51600000	1537.08200000	1535.49080000
2989899665.55183935	1545.22800000	1548.29200000	1533.34600000	1532.59000000	1532.02000000	1533.62800000	1527.67800000	1530.52200000	1523.08400000	1519.48400000	1532.27120000	1532.90320000
2990903010.03344488	1544.26200000	1546.48200000	1532.15600000	1529.76400000	1531.38800000	1525.63400000	1528.25400000	1524.55000000	1528.12000000	1527.55800000	1532.83600000	1530.79760000
2991906354.51504993	1536.86600000	1535.03800000	1541.12600000	1536.79000000	1524.10200000	1523.61400000	1520.09200000	1520.01800000	1528.07800000	1523.61000000	1530.05280000	1527.81400000
2992909698.99665546	1546.78600000	1545.90600000	1531.60600000	1531.27200000	1533.81200000	1529.81200000	1528.90200000	1527.39200000	1523.73800000	1522.96400000	1532.96880000	1531.46920000
2993913043.47826099	1546.60800000	1542.93400000	1530.77000000	1532.14800000	1532.27400000	1532.99400000	1527.78800000	1527.59200000	1531.95200000	1531.01400000	1533.87840000	1533.33640000
2994916387.95986605	1540.50000000	1539.49400000	1532.36600000	1533.38400000	1524.75600000	1523.48800000	1519.31600000	1514.45000000	1522.99800000	1522.91400000	1527.98720000	1526.74600000
2995919732.44147158	1547.72000000	1549.73400000	1531.83800000	1528.65400000	1529.68600000	1527.66600000	1531.93800000	1528.88000000	1523.50800000	1525.04200000	1532.93800000	1531.99520000
2996923076.92307711	1554.27400000	1553.95600000	1542.11400000	1541.38200000	1529.41000000	1529.60200000	1527.25400000	1526.63600000	1528.26200000	1526.36800000	1536.26280000	1535.58880000
2997926421.40468216	1544.58600000	1547.44000000	1536.51400000	1533.14800000	1528.51200000	1530.64800000	1529.50600000	1528.44600000	1522.01000000	1525.69000000	1532.22560000	1533.07440000
2998929765.88628769	1538.35000000	1537.70200000	1535.75400000	1533.12800000	1522.71600000	1524.11000000	1525.88800000	1525.66800000	1522.47000000	1522.67000000	1529.03560000	1528.65560000
2999933110.36789322	1544.37600000	1545.81600000	1541.03000000	1540.98000000	1525.60200000	1532.56400000	1529.08800000	1527.74400000	1533.74800000	1536.60000000	1534.76880000	1536.74080000
3000936454.84949827	1550.83200000	1548.96400000	1534.32800000	1534.91800000	1529.44600000	1531.62000000	1531.43200000	1532.38800000	1533.19200000	1529.56000000	1535.84600000	1535.49000000
3001939799.33110380	1542.45600000	1549.25600000	1540.00000000	1540.42800000	1535.82000000	1527.44800000	1525.17600000	1521.42000000	1525.02400000	1527.44200000	1533.69520000	1533.19880000
3002943143.81270885	1543.73600000	1542.89000000	1541.16000000	1540.44600000	1526.90200000	1531.43600000	1525.24400000	1528.33000000	1532.97600000	1531.74400000	1534.00360000	1534.96920000
3003946488.29431438	1543.14800000	1543.05000000	1531.42400000	1530.57800000	1531.89600000	1530.87800000	1527.38600000	1526.97800000	1521.33400000	1521.53800000	1531.03760000	1530.60440000
3004949832.77591991	1544.39200000	1547.42400000	1542.66200000	1541.01000000	1532.76800000	1529.56000000	1528.46600000	1528.99400000	1532.13600000	1528.72400000	1536.08480000	1535.14240000
3005953177.25752497	1555.73400000	1553.47400000	1540.42800000	1536.65200000	1531.16200000	1529.06200000	1527.21400000	1524.30200000	1521.13400000	1522.70200000	1535.13440000	1533.23840000
3006956521.73913050	1550.29400000	1545.29600000	1538.67000000	1540.04200000	1530.39200000	1526.76600000	1531.40400000	1525.82200000	1527.50200000	1525.71800000	1535.65240000	1532.72880000
3007959866.22073555	1549.52000000	1550.90200000	1539.71600000	1540.46200000	1528.84000000	1527.43600000	1525.83400000	1528.36200000	1526.60000000	1524.16800000	1534.10200000	1534.26600000
3008963210.70234108	1544.50200000	1543.63200000	1531.69400000	1533.38800000	1524.74800000	1526.26400000	1519.53800000	1521.68400000	1525.33400000	1521.64800000	1529.16320000	1529.32320000
3009966555.18394661	1553.18200000	1553.91400000	1542.91200000	1538.93800000	1528.42400000	1527.15800000	1525.25800000	1525.16800000	1531.98000000	1525.89400000	1536.35120000	1534.21440000
3010969899.66555166	1532.44200000	1537.21200000	1532.52000000	1534.71000000	1524.73600000	1528.34600000	1523.97400000	1525.77200000	1519.64800000	1520.26600000	1526.66400000	1529.26120000
3011973244.14715719	1540.71600000	1538.79400000	1536.44400000	1542.30600000	1523.89800000	1522.25600000	1517.06200000	1515.98200000	1523.37600000	1523.84200000	1528.29920000	1528.63600000
3012976588.62876272	1539.25000000	1540.39800000	1534.01400000	1531.22000000	1521.35200000	1524.07000000	1518.53200000	1523.23000000	1521.73400000	1523.95200000	1526.97640000	1528.57400000
3013979933.11036777	1547.34800000	1547.17800000	1540.49600000	1541.02800000	1532.51600000	1531.98000000	1528.87200000	1524.29600000	1526.27400000	1526.99400000	1535.10120000	1534.29520000
3014983277.59197330	1541.40200000	1540.42200000	1533.24400000	1533.17800000	1522.44800000	1521.90400000	1520.08600000	1519.83400000	1526.68800000	1521.44200000	1528.77360000	1527.35600000
3015986622.07357883	1547.59000000	1546.81600000	1533.09200000	1530.85600000	1531.47000000	1529.71800000	1529.79000000	1529.12400000	1534.68800000	1528.86800000	1535.32600000	1533.07640000
3016989966.55518389	1544.02800000	1543.43200000	1531.57800000	1529.00000000	1522.71600000	1524.60400000	1520.20600000	1520.39400000	1522.52000000	1523.04000000	1528.20960000	1528.09400000
3017993311.03678942	1548.30600000	1546.44800000	1535.32000000	1538.49400000	1529.93200000	1532.91000000	1532.38400000	1528.67600000	1530.14600000	1531.30800000	1535.21760000	1535.56720000
3018996655.51839447	1535.44800000	1537.60000000	1534.03600000	1533.76800000	1525.73000000	1523.51600000	1527.76200000	1524.08400000	1521.68000000	1520.04600000	1528.93120000	1527.80280000
3020000000.00000000	1541.25400000	1543.18800000	1529.33200000	1532.16800000	1522.47400000	1519.49400000	1530.67200000	1530.20600000	1525.89800000	1527.87800000	1529.92600000	1530.58680000
