freq	PL_sig1	PL_ref1	PL_sig2	PL_ref2	PL_sig3	PL_ref3	PL_sig4	PL_ref4	PL_sig5	PL_ref5	avgPL_sig	avgPL_ref
2720000000.00000000	4786.52200000	4777.48400000	4806.17400000	4797.26200000	4767.77200000	4764.15000000	4800.89600000	4796.90000000	4755.37000000	4749.86000000	4783.34680000	4777.13120000
2721003344.48160553	4775.17800000	4768.43600000	4792.97800000	4788.70400000	4762.79800000	4757.57200000	4768.44800000	4759.58600000	4747.82200000	4741.82800000	4769.44480000	4763.22520000
2722006688.96321058	4776.71200000	4773.37600000	4817.45800000	4808.97000000	4755.92400000	4750.19400000	4790.22000000	4781.11800000	4772.40000000	4770.08200000	4782.54280000	4776.74800000
2723010033.44481611	4804.29800000	4795.16600000	4776.64000000	4768.34200000	4804.86000000	4800.46600000	4803.11800000	4794.64800000	4779.97000000	4773.41200000	4793.77720000	4786.40680000
2724013377.92642164	4758.15400000	4760.11000000	4801.06800000	4794.08000000	4767.81000000	4756.86800000	4779.67800000	4773.99800000	4772.30600000	4767.23600000	4775.80320000	4770.45840000
2725016722.40802670	4788.64400000	4783.89400000	4764.90400000	4764.45000000	4795.35200000	4792.36000000	4792.96200000	4787.29600000	4773.32400000	4758.14600000	4783.03720000	4777.22920000
2726020066.88963223	4789.73400000	4788.96800000	4777.36400000	4770.18200000	4794.86600000	4790.46000000	4793.20400000	4790.40000000	4779.51800000	4771.15200000	4786.93720000	4782.23240000
2727023411.37123728	4766.19800000	4755.73600000	4799.73000000	4791.07600000	4796.28600000	4795.31600000	4755.73400000	4745.28800000	4808.01000000	4798.62400000	4785.19160000	4777.20800000
2728026755.85284281	4760.89400000	4746.86800000	4797.99000000	4792.02400000	4787.94000000	4779.27800000	4743.05200000	4736.46800000	4797.66800000	4791.06000000	4777.50880000	4769.13960000
2729030100.33444834	4795.16400000	4797.33200000	4790.74600000	4781.39800000	4806.90800000	4797.15600000	4801.01600000	4792.59600000	4775.02800000	4770.32600000	4793.77240000	4787.76160000
2730033444.81605339	4791.48600000	4779.76800000	4775.47800000	4771.77400000	4800.56600000	4796.40000000	4808.10200000	4803.82600000	4780.74400000	4771.14200000	4791.27520000	4784.58200000
2731036789.29765892	4734.68400000	4728.39000000	4790.19000000	4783.29600000	4775.79400000	4772.12000000	4753.70600000	4752.02000000	4707.97400000	4702.36000000	4752.46960000	4747.63720000
2732040133.77926445	4752.56200000	4741.42800000	4797.61000000	4794.02800000	4776.10400000	4767.61800000	4780.01800000	4775.18400000	4767.40400000	4764.78000000	4774.73960000	4768.60760000
2733043478.26086950	4803.18000000	4798.32000000	4786.31200000	4778.11200000	4801.20600000	4797.29600000	4794.52200000	4785.71000000	4785.65600000	4775.25200000	4794.17520000	4786.93800000
2734046822.74247503	4739.31200000	4723.68800000	4787.90600000	4783.30800000	4762.70600000	4758.20400000	4756.13400000	4750.22200000	4743.54600000	4737.76600000	4757.92080000	4750.63760000
2735050167.22408009	4755.22400000	4751.51800000	4808.33400000	4800.93600000	4781.35000000	4785.81000000	4763.07800000	4755.19800000	4784.91800000	4787.60600000	4778.58080000	4776.21360000
2736053511.70568562	4775.06200000	4765.38400000	4797.61000000	4793.95000000	4775.14000000	4767.77800000	4790.09000000	4784.69000000	4750.74600000	4753.81200000	4777.72960000	4773.12280000
2737056856.18729115	4774.11800000	4769.53800000	4795.38200000	4787.85800000	4766.41400000	4759.47000000	4775.37200000	4766.01600000	4762.93000000	4759.78800000	4774.84320000	4768.53400000
2738060200.66889620	4750.27200000	4746.27800000	4795.43000000	4787.62800000	4768.32400000	4769.62200000	4796.17000000	4788.18600000	4709.52600000	4703.29600000	4763.94440000	4759.00200000
2739063545.15050173	4797.22400000	4795.89800000	4762.84600000	4760.46800000	4794.48400000	4795.20400000	4796.91800000	4790.74800000	4759.48000000	4749.19400000	4782.19040000	4778.30240000
2740066889.63210726	4751.75600000	4745.90200000	4793.94200000	4790.68400000	4784.95800000	4779.81600000	4777.83200000	4772.05600000	4716.81400000	4706.59400000	4765.06040000	4759.01040000
2741070234.11371231	4760.98800000	4754.01000000	4803.67800000	4793.56800000	4755.75000000	4749.04400000	4782.97200000	4775.90400000	4775.96800000	4767.21000000	4775.87120000	4767.94720000
2742073578.59531784	4756.30000000	4754.30000000	4789.28200000	4782.25600000	4767.52200000	4754.77000000	4780.06000000	4768.19000000	4750.85200000	4745.96000000	4768.80320000	4761.09520000
2743076923.07692289	4739.87200000	4725.88000000	4794.12000000	4788.28000000	4764.11200000	4760.71200000	4762.67600000	4757.46800000	4736.74000000	4732.61800000	4759.50400000	4752.99160000
2744080267.55852842	4785.59400000	4787.45000000	4780.52400000	4771.24000000	4793.96200000	4791.41400000	4799.88000000	4784.23200000	4778.67400000	4775.58600000	4787.72680000	4781.98440000
2745083612.04013395	4786.44800000	4780.60800000	4790.75400000	4799.42800000	4779.14400000	4764.06800000	4802.19600000	4789.52400000	4761.51600000	4761.37600000	4784.01160000	4779.00080000
2746086956.52173901	4773.94600000	4766.62200000	4810.16200000	4795.06400000	4778.02000000	4773.29000000	4792.26200000	4787.98800000	4756.12400000	4752.46200000	4782.10280000	4775.08520000
2747090301.00334454	4755.03600000	4755.50000000	4800.03600000	4801.04000000	4750.55200000	4742.36600000	4759.27800000	4754.37200000	4783.18000000	4777.19400000	4769.61640000	4766.09440000
2748093645.48495007	4758.51800000	4756.92800000	4797.92400000	4788.54800000	4762.46600000	4755.05000000	4786.56800000	4779.94600000	4774.17200000	4766.79200000	4775.92960000	4769.45280000
2749096989.96655512	4758.21000000	4751.96200000	4799.32000000	4789.83200000	4767.71000000	4762.30000000	4781.23200000	4777.84400000	4769.98000000	4764.81800000	4775.29040000	4769.35120000
2750100334.44816065	4764.74400000	4759.61000000	4783.88200000	4775.69200000	4756.05000000	4755.49400000	4775.99000000	4768.68200000	4745.20200000	4741.78000000	4765.17360000	4760.25160000
2751103678.92976570	4781.12800000	4771.96000000	4800.16600000	4797.08800000	4773.09400000	4771.42200000	4784.94200000	4783.39800000	4759.90400000	4757.68400000	4779.84680000	4776.31040000
2752107023.41137123	4754.15400000	4741.96600000	4810.91600000	4803.90400000	4759.63800000	4756.20400000	4749.05400000	4736.62200000	4788.40600000	4781.29000000	4772.43360000	4763.99720000
2753110367.89297676	4773.70800000	4767.81400000	4798.18600000	4797.26200000	4782.74800000	4769.02800000	4754.08800000	4751.91200000	4796.53200000	4790.57800000	4781.05240000	4775.31880000
2754113712.37458181	4787.59600000	4783.20800000	4798.87600000	4792.02600000	4771.37800000	4762.97000000	4798.68000000	4793.78800000	4763.50400000	4756.36800000	4784.00680000	4777.67200000
2755117056.85618734	4749.37000000	4747.66600000	4796.10200000	4799.24400000	4772.42800000	4760.72400000	4798.33200000	4784.71400000	4761.89000000	4752.39600000	4775.62440000	4768.94880000
2756120401.33779287	4763.61000000	4760.80400000	4795.10200000	4784.15200000	4769.71600000	4764.08600000	4768.00800000	4759.16400000	4742.60400000	4733.49000000	4767.80800000	4760.33920000
2757123745.81939793	4755.75400000	4744.99000000	4794.41200000	4793.77800000	4768.73600000	4767.64000000	4760.83200000	4756.39800000	4773.51400000	4767.56800000	4770.64960000	4766.07480000
2758127090.30100346	4779.99200000	4775.94800000	4816.06000000	4803.97800000	4775.49800000	4770.58600000	4784.53600000	4774.98800000	4766.51200000	4759.09800000	4784.51960000	4776.91960000
2759130434.78260851	4748.85800000	4745.00400000	4803.16400000	4792.79400000	4770.11200000	4765.66400000	4787.28000000	4782.88800000	4769.32800000	4758.97200000	4775.74840000	4769.06440000
2760133779.26421404	4751.07800000	4751.97400000	4803.30000000	4803.54200000	4776.79400000	4776.86600000	4762.31800000	4760.46000000	4792.72200000	4782.85000000	4777.24240000	4775.13840000
2761137123.74581957	4788.04800000	4777.28800000	4805.34800000	4801.53200000	4779.40800000	4768.34800000	4786.28600000	4778.38200000	4760.39600000	4759.05800000	4783.89720000	4776.92160000
2762140468.22742462	4746.11000000	4739.05200000	4802.21400000	4798.39800000	4766.58000000	4758.05400000	4788.74400000	4783.81000000	4770.18200000	4768.03000000	4774.76600000	4769.46880000
2763143812.70903015	4732.69000000	4725.72200000	4793.36600000	4790.92600000	4774.72800000	4769.43600000	4764.92000000	4753.28400000	4742.41800000	4735.75600000	4761.62440000	4755.02480000
2764147157.19063568	4780.38600000	4772.74000000	4813.58000000	4805.49200000	4770.47600000	4763.14200000	4790.43400000	4786.11200000	4769.65000000	4766.08200000	4784.90520000	4778.71360000
2765150501.67224073	4781.58800000	4781.96400000	4781.99800000	4769.91000000	4794.80800000	4792.36600000	4792.90800000	4793.62000000	4782.06800000	4776.03000000	4786.67400000	4782.77800000
2766153846.15384626	4790.33200000	4789.54400000	4773.06400000	4763.96800000	4795.61000000	4788.19200000	4796.55600000	4789.87600000	4774.02400000	4768.12400000	4785.91720000	4779.94080000
2767157190.63545132	4777.62600000	4771.49600000	4787.09400000	4788.53600000	4761.38200000	4757.35400000	4772.42400000	4766.81400000	4750.83800000	4742.49600000	4769.87280000	4765.33920000
2768160535.11705685	4774.71800000	4769.68800000	4793.40200000	4787.99800000	4770.32200000	4758.95600000	4762.62600000	4757.59800000	4744.73400000	4739.84800000	4769.16040000	4762.81760000
2769163879.59866238	4748.42200000	4741.56000000	4802.15200000	4790.84800000	4769.67400000	4764.58600000	4787.06000000	4780.68400000	4775.90200000	4761.89000000	4776.64200000	4767.91360000
2770167224.08026743	4730.42600000	4727.08200000	4791.38200000	4787.81000000	4763.29800000	4757.35000000	4753.12600000	4749.80400000	4736.72400000	4722.85600000	4754.99120000	4748.98040000
2771170568.56187296	4756.28400000	4753.77000000	4803.17400000	4797.67800000	4758.17400000	4747.28800000	4747.29000000	4737.16000000	4789.70800000	4780.09400000	4770.92600000	4763.19800000
2772173913.04347849	4734.85200000	4737.64800000	4784.13000000	4784.37600000	4776.88400000	4777.50600000	4763.53400000	4762.62000000	4701.70200000	4696.80000000	4752.22040000	4751.79000000
2773177257.52508354	4759.49800000	4756.83400000	4789.07200000	4783.67600000	4758.18800000	4754.87600000	4772.40000000	4770.24400000	4756.63600000	4753.07800000	4767.15880000	4763.74160000
2774180602.00668907	4757.65400000	4748.05400000	4804.71200000	4802.85000000	4755.51800000	4755.09200000	4742.30600000	4744.26400000	4792.19200000	4785.42600000	4770.47640000	4767.13720000
2775183946.48829412	4780.03800000	4775.07000000	4804.60800000	4800.69000000	4783.31400000	4773.43400000	4791.32800000	4783.27800000	4760.84000000	4751.44800000	4784.02560000	4776.78400000
2776187290.96989965	4778.17800000	4774.22600000	4810.18200000	4804.57400000	4770.60800000	4762.17600000	4788.35600000	4780.66800000	4767.59400000	4759.00600000	4782.98360000	4776.13000000
2777190635.45150518	4768.16400000	4767.95200000	4799.12400000	4793.08400000	4789.29200000	4780.63400000	4757.33600000	4754.28400000	4791.23800000	4790.16200000	4781.03080000	4777.22320000
2778193979.93311024	4784.00800000	4776.94400000	4817.28400000	4816.33600000	4760.68000000	4757.60800000	4780.98400000	4777.04200000	4774.13200000	4767.97800000	4783.41760000	4779.18160000
2779197324.41471577	4758.46600000	4758.06400000	4800.02800000	4790.70600000	4795.89000000	4791.33200000	4750.79400000	4743.85600000	4799.76200000	4797.38200000	4780.98800000	4776.26800000
2780200668.89632130	4747.01600000	4737.19800000	4793.76200000	4786.36200000	4769.02200000	4769.15800000	4797.28400000	4794.80400000	4730.90400000	4728.09000000	4767.59760000	4763.12240000
2781204013.37792635	4771.53600000	4764.23600000	4786.18200000	4782.18000000	4752.49400000	4753.53400000	4774.53400000	4763.21400000	4756.70600000	4759.79200000	4768.29040000	4764.59120000
2782207357.85953188	4772.49800000	4770.40200000	4807.44800000	4800.17600000	4775.40800000	4771.57400000	4781.60800000	4778.10200000	4767.73000000	4763.14800000	4780.93840000	4776.68040000
2783210702.34113693	4782.96800000	4785.39600000	4790.02800000	4791.75200000	4792.15600000	4790.04800000	4794.29200000	4786.79200000	4772.21000000	4772.37600000	4786.33080000	4785.27280000
2784214046.82274246	4772.86000000	4770.59600000	4788.03600000	4785.34000000	4766.17000000	4763.40800000	4773.34800000	4769.96200000	4755.02800000	4746.77800000	4771.08840000	4767.21680000
2785217391.30434799	4760.04400000	4757.93200000	4797.68200000	4798.66000000	4764.17000000	4760.51400000	4781.01800000	4777.56600000	4768.34800000	4768.20200000	4774.25240000	4772.57480000
2786220735.78595304	4779.21000000	4773.48600000	4803.53600000	4793.26600000	4778.00000000	4774.43400000	4788.48000000	4786.58800000	4744.92200000	4748.79800000	4778.82960000	4775.31440000
2787224080.26755857	4782.87800000	4781.41400000	4805.67800000	4800.73600000	4767.75000000	4762.80800000	4796.27000000	4791.91400000	4765.60000000	4757.23000000	4783.63520000	4778.82040000
2788227424.74916410	4746.15000000	4738.56400000	4800.27800000	4791.27800000	4773.73200000	4766.28200000	4790.61000000	4791.59800000	4708.76400000	4709.62000000	4763.90680000	4759.46840000
2789230769.23076916	4762.78800000	4755.68800000	4805.01000000	4802.63800000	4788.47600000	4784.43400000	4754.26000000	4748.81400000	4795.16600000	4784.32000000	4781.14000000	4775.17880000
2790234113.71237469	4728.08400000	4725.47800000	4789.67000000	4784.77400000	4763.14600000	4760.43000000	4752.60800000	4743.57000000	4721.95400000	4719.36000000	4751.09240000	4746.72240000
2791237458.19397974	4753.01000000	4746.76600000	4793.45200000	4789.48000000	4779.24800000	4769.74200000	4763.13800000	4759.52800000	4767.07000000	4767.86800000	4771.18360000	4766.67680000
2792240802.67558527	4794.63000000	4790.87200000	4781.40000000	4773.44200000	4791.04800000	4789.19800000	4793.45600000	4785.40400000	4777.32800000	4769.59800000	4787.57240000	4781.70280000
2793244147.15719080	4738.97000000	4736.13400000	4795.14800000	4790.52800000	4774.17800000	4773.34400000	4790.44800000	4794.65200000	4742.98800000	4737.00600000	4768.34640000	4766.33280000
2794247491.63879585	4775.44800000	4772.53400000	4803.41000000	4796.29800000	4777.70000000	4770.10000000	4793.77600000	4787.80200000	4747.13800000	4742.55000000	4779.49440000	4773.85680000
2795250836.12040138	4732.86800000	4727.71200000	4789.76800000	4780.86800000	4776.30200000	4772.92600000	4747.85000000	4742.15600000	4719.11000000	4709.04800000	4753.17960000	4746.54200000
2796254180.60200691	4781.06000000	4775.09600000	4815.93600000	4807.57800000	4767.55200000	4760.43000000	4789.71000000	4782.14800000	4771.85800000	4768.38600000	4785.22320000	4778.72760000
2797257525.08361197	4757.65200000	4749.66800000	4799.43400000	4787.07400000	4785.07600000	4779.31400000	4784.11200000	4775.05800000	4718.87400000	4715.64800000	4769.02960000	4761.35240000
2798260869.56521749	4753.29000000	4748.40800000	4793.85000000	4787.60200000	4771.76400000	4768.21200000	4790.33400000	4786.23800000	4704.38200000	4699.23600000	4762.72400000	4757.93920000
2799264214.04682255	4762.42600000	4766.53200000	4788.19200000	4784.57800000	4769.74000000	4769.43000000	4766.81200000	4759.33600000	4742.12000000	4737.66200000	4765.85800000	4763.50760000
2800267558.52842808	4740.39200000	4739.74200000	4786.72600000	4784.97200000	4777.50800000	4775.53800000	4763.86600000	4756.55800000	4701.94200000	4697.66800000	4754.08680000	4750.89560000
2801270903.01003361	4743.59400000	4739.44800000	4789.94600000	4784.18600000	4769.78800000	4766.10600000	4798.09200000	4792.91600000	4736.71600000	4733.66400000	4767.62720000	4763.26400000
2802274247.49163866	4768.02000000	4765.23800000	4806.01600000	4801.34600000	4791.80000000	4784.05200000	4747.04600000	4745.27200000	4805.62400000	4795.24200000	4783.70120000	4778.23000000
2803277591.97324419	4785.63200000	4780.93400000	4778.91800000	4777.57600000	4800.53000000	4788.22600000	4794.57000000	4789.49000000	4774.34600000	4770.36600000	4786.79920000	4781.31840000
2804280936.45484972	4748.73600000	4750.98800000	4801.18600000	4802.83600000	4773.12600000	4767.63400000	4761.19800000	4760.32200000	4786.54400000	4781.62400000	4774.15800000	4772.68080000
2805284280.93645477	4762.23000000	4758.31400000	4802.22200000	4798.54800000	4784.44800000	4786.75400000	4748.31400000	4741.08400000	4790.48200000	4790.80200000	4777.53920000	4775.10040000
2806287625.41806030	4727.96600000	4724.45600000	4794.58000000	4787.81400000	4758.75800000	4754.46200000	4754.01800000	4749.85600000	4731.49000000	4729.32200000	4753.36240000	4749.18200000
2807290969.89966536	4738.55200000	4731.52800000	4779.07200000	4779.84600000	4777.00000000	4770.73000000	4754.15800000	4749.62000000	4710.76200000	4704.66600000	4751.90880000	4747.27800000
2808294314.38127089	4750.18800000	4746.57000000	4798.95400000	4798.54400000	4756.84000000	4755.39400000	4780.15400000	4781.74600000	4773.17400000	4766.61400000	4771.86200000	4769.77360000
2809297658.86287642	4763.24200000	4762.18400000	4801.85600000	4796.98600000	4789.85400000	4780.13200000	4753.78400000	4744.99600000	4794.36400000	4785.19600000	4780.62000000	4773.89880000
2810301003.34448147	4794.75000000	4783.03200000	4777.55600000	4769.73600000	4804.51200000	4798.44200000	4804.40000000	4807.36000000	4769.15600000	4769.49000000	4790.07480000	4785.61200000
2811304347.82608700	4782.99800000	4783.07400000	4790.81400000	4794.93200000	4785.75400000	4782.82400000	4792.63600000	4795.69400000	4764.59000000	4762.47000000	4783.35840000	4783.79880000
2812307692.30769253	4766.09600000	4760.57000000	4800.96400000	4798.43200000	4781.38600000	4780.75600000	4753.20400000	4744.47800000	4793.44600000	4791.09200000	4779.01920000	4775.06560000
2813311036.78929758	4752.33800000	4757.82400000	4796.01000000	4798.47200000	4790.63800000	4787.50800000	4757.76800000	4756.46600000	4784.27600000	4793.48600000	4776.20600000	4778.75120000
2814314381.27090311	4758.20600000	4749.40800000	4791.74600000	4787.49400000	4784.65200000	4787.66200000	4782.59000000	4780.75200000	4711.26200000	4712.09200000	4765.69120000	4763.48160000
2815317725.75250816	4761.81600000	4769.01400000	4785.85200000	4790.74800000	4766.02200000	4765.16400000	4761.73400000	4761.80000000	4739.73400000	4742.58200000	4763.03160000	4765.86160000
2816321070.23411369	4756.32000000	4758.08800000	4791.10000000	4789.42400000	4758.42400000	4757.49400000	4774.51400000	4773.64000000	4762.23600000	4763.46200000	4768.51880000	4768.42160000
2817324414.71571922	4748.48400000	4747.00800000	4792.67400000	4793.31800000	4768.19200000	4774.38400000	4766.82400000	4765.63000000	4756.49000000	4755.56600000	4766.53280000	4767.18120000
2818327759.19732428	4782.39600000	4778.55200000	4802.16800000	4801.07600000	4773.50400000	4773.87000000	4782.44600000	4781.82600000	4758.10800000	4757.94400000	4779.72440000	4778.65360000
2819331103.67892981	4733.01000000	4741.62400000	4782.01800000	4789.05800000	4779.98200000	4780.94800000	4765.53400000	4769.92600000	4705.86600000	4701.97800000	4753.28200000	4756.70680000
2820334448.16053534	4766.66000000	4767.85200000	4793.71400000	4790.69800000	4771.34000000	4773.11600000	4751.17600000	4753.89200000	4790.02800000	4791.43800000	4774.58360000	4775.39920000
2821337792.64214039	4777.08200000	4776.44200000	4805.60400000	4808.31600000	4772.54000000	4768.01800000	4784.75200000	4785.72200000	4754.45400000	4757.72600000	4778.88640000	4779.24480000
2822341137.12374592	4777.70200000	4778.49400000	4802.03600000	4806.35000000	4763.85200000	4765.00400000	4780.89400000	4784.95200000	4755.44600000	4753.18800000	4775.98600000	4777.59760000
2823344481.60535097	4739.02400000	4740.98400000	4803.60600000	4800.72800000	4752.90000000	4752.65800000	4735.07400000	4738.74400000	4780.68800000	4784.32800000	4762.25840000	4763.48840000
2824347826.08695650	4747.82800000	4762.83600000	4782.26200000	4787.67400000	4744.87600000	4751.60000000	4751.37600000	4764.60200000	4770.14600000	4776.20800000	4759.29760000	4768.58400000
2825351170.56856203	4739.50200000	4748.78600000	4783.81000000	4792.34000000	4749.43400000	4754.35200000	4749.15600000	4757.43800000	4759.53200000	4762.94400000	4756.28680000	4763.17200000
2826354515.05016708	4747.08800000	4757.96800000	4776.81200000	4790.44600000	4743.99000000	4757.60200000	4763.40600000	4773.08200000	4746.54200000	4753.62000000	4755.56760000	4766.54360000
2827357859.53177261	4778.18400000	4798.01600000	4771.22200000	4783.94600000	4776.54800000	4792.42600000	4781.73800000	4797.67600000	4762.67800000	4774.68600000	4774.07400000	4789.35000000
2828361204.01337814	4767.65800000	4794.10000000	4755.71400000	4776.25800000	4774.81000000	4796.20600000	4780.22000000	4804.24800000	4743.59600000	4769.64000000	4764.39960000	4788.09040000
2829364548.49498320	4723.95600000	4754.49600000	4764.42400000	4797.26400000	4715.71800000	4743.70800000	4728.23200000	4759.30400000	4743.35200000	4783.85000000	4735.13640000	4767.72440000
2830367892.97658873	4711.17400000	4749.24600000	4755.20200000	4792.14800000	4727.96600000	4772.31400000	4725.79800000	4759.07800000	4729.07000000	4761.90400000	4729.84200000	4766.93800000
2831371237.45819378	4690.35200000	4740.14200000	4749.72400000	4799.09000000	4713.61400000	4765.69200000	4717.07800000	4769.43600000	4690.87000000	4737.55000000	4712.32760000	4762.38200000
2832374581.93979931	4741.23000000	4787.55800000	4709.91600000	4758.42200000	4743.83000000	4795.40200000	4734.18200000	4788.82000000	4701.55800000	4756.60600000	4726.14320000	4777.36160000
2833377926.42140484	4683.92200000	4737.55200000	4734.78600000	4791.85800000	4705.68400000	4771.65200000	4707.58800000	4769.80400000	4694.41200000	4750.22000000	4705.27840000	4764.21720000
2834381270.90300989	4714.44800000	4772.31400000	4750.51000000	4813.32400000	4685.34000000	4746.36400000	4715.94200000	4785.94400000	4698.22600000	4769.70800000	4712.89320000	4777.53080000
2835384615.38461542	4721.77400000	4787.23200000	4711.23600000	4783.68400000	4722.37600000	4787.67200000	4717.78000000	4788.09200000	4702.19800000	4771.60400000	4715.07280000	4783.65680000
2836387959.86622095	4681.99800000	4759.17400000	4722.31400000	4790.74000000	4676.66400000	4745.99600000	4675.78400000	4756.39000000	4702.14200000	4780.32200000	4691.78040000	4766.52440000
2837391304.34782600	4679.14800000	4745.84000000	4715.21000000	4793.09000000	4701.92200000	4765.96200000	4687.50400000	4766.16000000	4690.37000000	4764.33800000	4694.83080000	4767.07800000
2838394648.82943153	4703.71800000	4775.67000000	4742.87800000	4811.46200000	4678.97800000	4744.58400000	4709.85000000	4779.06000000	4693.26800000	4765.04200000	4705.73840000	4775.16360000
2839397993.31103659	4705.97400000	4769.05200000	4736.98800000	4801.23800000	4717.21600000	4775.70200000	4690.59400000	4753.68200000	4715.10000000	4782.24800000	4713.17440000	4776.38440000
2840401337.79264212	4688.97400000	4741.53600000	4743.72400000	4806.23200000	4702.34000000	4762.38800000	4694.41000000	4745.72600000	4725.50000000	4785.67600000	4710.98960000	4768.31160000
2841404682.27424765	4699.37600000	4745.59200000	4749.58600000	4794.51800000	4721.76600000	4770.91000000	4732.16600000	4776.25400000	4709.61400000	4751.37400000	4722.50160000	4767.72960000
2842408026.75585270	4721.68000000	4751.65400000	4744.46400000	4786.07000000	4717.06200000	4748.87400000	4736.61000000	4773.23400000	4718.66000000	4754.25200000	4727.69520000	4762.81680000
2843411371.23745823	4715.76000000	4739.71800000	4778.05800000	4801.64000000	4736.17800000	4766.55800000	4725.75800000	4748.26200000	4760.23000000	4795.43800000	4743.19680000	4770.32320000
2844414715.71906376	4735.45200000	4753.73000000	4771.89800000	4793.18200000	4732.85600000	4758.48600000	4756.92200000	4777.11400000	4755.08000000	4771.70400000	4750.44160000	4770.84320000
2845418060.20066881	4732.61800000	4748.14400000	4776.50000000	4796.93800000	4753.31000000	4774.28800000	4749.70400000	4759.01400000	4748.38000000	4759.74600000	4752.10240000	4767.62600000
2846421404.68227434	4767.90600000	4777.61400000	4753.89400000	4761.51000000	4782.92800000	4791.48800000	4775.84000000	4788.40000000	4746.46200000	4759.13800000	4765.40600000	4775.63000000
2847424749.16387939	4759.62200000	4773.06800000	4789.61000000	4797.06400000	4760.27200000	4773.67800000	4737.51800000	4747.90800000	4784.32200000	4794.76400000	4766.26880000	4777.29640000
2848428093.64548492	4731.45800000	4738.44600000	4777.64600000	4785.98200000	4770.73800000	4775.93000000	4756.63400000	4769.21600000	4711.43400000	4712.39800000	4749.58200000	4756.39440000
2849431438.12709045	4750.55600000	4754.08600000	4792.96800000	4802.00000000	4743.51600000	4749.07200000	4730.83800000	4739.08600000	4778.71200000	4788.95400000	4759.31800000	4766.63960000
2850434782.60869551	4756.55400000	4759.53400000	4772.44000000	4781.70800000	4747.42200000	4752.56600000	4756.80600000	4764.79200000	4734.32600000	4743.86400000	4753.50960000	4760.49280000
2851438127.09030104	4751.48200000	4753.31000000	4797.30600000	4803.39800000	4745.41800000	4744.18600000	4747.68200000	4752.80200000	4775.40600000	4782.29000000	4763.45880000	4767.19720000
2852441471.57190657	4750.19800000	4753.16400000	4782.65200000	4784.68200000	4752.55000000	4754.61800000	4766.43000000	4773.37600000	4752.71200000	4758.07000000	4760.90840000	4764.78200000
2853444816.05351162	4733.88200000	4730.02000000	4787.35000000	4786.48000000	4761.49400000	4763.21800000	4755.40000000	4754.83600000	4731.90400000	4735.30000000	4754.00600000	4753.97080000
2854448160.53511715	4769.29200000	4772.69000000	4798.95400000	4796.74000000	4770.95000000	4768.10000000	4789.11000000	4783.20000000	4746.92000000	4750.04400000	4775.04520000	4774.15480000
2855451505.01672220	4762.10200000	4765.71400000	4799.58600000	4797.49400000	4767.93000000	4778.59200000	4750.44400000	4760.07400000	4787.39600000	4787.47400000	4773.49160000	4777.86960000
2856454849.49832773	4782.40400000	4783.24400000	4790.53000000	4791.22200000	4761.10400000	4763.84000000	4790.62600000	4799.14800000	4766.12600000	4767.39000000	4778.15800000	4780.96880000
2857458193.97993326	4742.75800000	4746.80400000	4790.88200000	4795.56800000	4758.60000000	4770.88200000	4758.53600000	4756.03000000	4762.56000000	4770.39600000	4762.66720000	4767.93600000
2858461538.46153831	4778.01000000	4783.61400000	4758.46800000	4767.73800000	4782.13800000	4791.51400000	4776.62400000	4789.95000000	4766.32800000	4772.20800000	4772.31360000	4781.00480000
2859464882.94314384	4779.24800000	4789.46400000	4777.41200000	4785.57400000	4779.87000000	4794.87000000	4784.62600000	4789.80000000	4764.06400000	4773.38600000	4777.04400000	4786.61880000
2860468227.42474937	4788.10600000	4797.67400000	4770.21000000	4786.48000000	4794.27600000	4800.84600000	4784.55400000	4797.26400000	4757.73800000	4772.38800000	4778.97680000	4790.93040000
2861471571.90635443	4735.78400000	4753.23800000	4771.02800000	4791.98800000	4747.38400000	4765.03000000	4739.34400000	4758.90600000	4739.72600000	4765.72600000	4746.65320000	4766.97760000
2862474916.38795996	4727.94200000	4755.46000000	4775.49800000	4795.43000000	4756.15400000	4780.40800000	4732.08000000	4753.21000000	4757.67200000	4785.53800000	4749.86920000	4774.00920000
2863478260.86956501	4753.99400000	4779.55000000	4760.08800000	4793.25800000	4757.50400000	4785.53200000	4763.13200000	4796.57200000	4730.20200000	4763.88400000	4752.98400000	4783.75920000
2864481605.35117054	4728.66800000	4769.90000000	4737.93600000	4783.15800000	4714.05400000	4756.79200000	4727.10200000	4771.84200000	4712.40200000	4754.02400000	4724.03240000	4767.14320000
2865484949.83277607	4693.03200000	4751.44200000	4749.82800000	4803.51400000	4712.26000000	4767.41800000	4697.66400000	4757.27800000	4722.86600000	4780.15600000	4715.13000000	4771.96160000
2866488294.31438112	4660.07600000	4740.46200000	4718.82400000	4787.84000000	4683.10800000	4756.32200000	4688.33000000	4761.08000000	4655.02200000	4733.82800000	4681.07200000	4755.90640000
2867491638.79598665	4676.87000000	4763.12200000	4708.13200000	4793.84200000	4668.88800000	4749.76800000	4671.69000000	4762.42400000	4687.07600000	4774.70200000	4682.53120000	4768.77160000
2868494983.27759218	4645.08400000	4737.21200000	4689.80800000	4782.13200000	4685.03400000	4773.50200000	4664.95400000	4755.47800000	4604.53400000	4701.56000000	4657.88280000	4749.97680000
2869498327.75919724	4651.10600000	4746.92600000	4695.34400000	4787.35600000	4680.39600000	4774.43600000	4683.17400000	4784.68000000	4602.14200000	4706.26000000	4662.43240000	4759.93160000
2870501672.24080276	4655.49200000	4743.48400000	4707.46400000	4802.19200000	4674.33000000	4765.67600000	4660.35400000	4755.72200000	4687.61600000	4784.51200000	4677.05120000	4770.31720000
2871505016.72240782	4661.23200000	4751.31000000	4705.98200000	4792.64600000	4691.48000000	4777.94000000	4647.65800000	4741.67600000	4697.90800000	4789.57200000	4680.85200000	4770.62880000
2872508361.20401335	4666.15600000	4757.58800000	4710.79600000	4802.11000000	4679.00600000	4771.06800000	4662.61600000	4760.74400000	4692.19600000	4781.53600000	4682.15400000	4774.60920000
2873511705.68561888	4656.87400000	4753.94000000	4689.83200000	4794.65200000	4657.74800000	4762.99800000	4658.85000000	4763.80400000	4671.64000000	4771.77000000	4666.98880000	4769.43280000
2874515050.16722393	4672.70600000	4766.43600000	4711.15600000	4805.34000000	4650.72200000	4746.43800000	4677.80800000	4781.55000000	4669.54000000	4772.27600000	4676.38640000	4774.40800000
2875518394.64882946	4686.00400000	4773.59000000	4710.33600000	4803.71000000	4676.93800000	4769.41000000	4698.72800000	4782.85800000	4665.62600000	4750.49800000	4687.52640000	4776.01320000
2876521739.13043499	4690.26000000	4765.32800000	4717.34600000	4795.98200000	4689.55800000	4771.64600000	4703.80000000	4787.47800000	4663.61000000	4751.19800000	4692.91480000	4774.32640000
2877525083.61204004	4716.68000000	4772.02800000	4739.10200000	4794.87800000	4709.55200000	4775.08800000	4715.92000000	4778.49200000	4687.78800000	4758.72800000	4713.80840000	4775.84280000
2878528428.09364557	4706.37800000	4750.71800000	4733.06800000	4778.53600000	4715.20600000	4753.18400000	4724.10200000	4765.97200000	4707.10800000	4750.99400000	4717.17240000	4759.88080000
2879531772.57525063	4694.95800000	4728.92400000	4750.18000000	4784.10200000	4734.44600000	4770.82600000	4709.88800000	4745.13400000	4668.47800000	4708.30000000	4711.59000000	4747.45720000
2880535117.05685616	4728.89000000	4751.59400000	4755.84600000	4783.36200000	4726.78000000	4746.00600000	4741.50800000	4773.07200000	4726.60400000	4749.74600000	4735.92560000	4760.75600000
2881538461.53846169	4732.42600000	4751.37800000	4775.94000000	4790.87200000	4742.69800000	4752.47600000	4762.69400000	4776.84600000	4750.71400000	4769.58200000	4752.89440000	4768.23080000
2882541806.02006674	4774.19200000	4782.26400000	4766.43200000	4770.69600000	4775.10800000	4791.20400000	4789.45200000	4800.91200000	4752.88000000	4766.84200000	4771.61280000	4782.38360000
2883545150.50167227	4764.57000000	4774.60600000	4797.37000000	4801.55000000	4753.09800000	4766.08400000	4765.28800000	4777.61200000	4751.85400000	4764.95800000	4766.43600000	4776.96200000
2884548494.98327780	4759.98000000	4772.07000000	4787.54200000	4787.42200000	4754.74600000	4761.56000000	4764.99600000	4770.17600000	4743.23000000	4749.65000000	4762.09880000	4768.17560000
2885551839.46488285	4770.99400000	4777.84000000	4807.75600000	4820.40200000	4751.91200000	4758.47600000	4774.99000000	4780.21800000	4763.64200000	4766.25800000	4773.85880000	4780.63880000
2886555183.94648838	4751.46400000	4760.76200000	4791.48000000	4798.24200000	4776.44400000	4783.89600000	4757.40600000	4759.19600000	4780.84800000	4788.99400000	4771.52840000	4778.21800000
2887558528.42809343	4796.00600000	4795.73600000	4778.21800000	4777.91400000	4800.25400000	4798.09600000	4802.54200000	4798.20000000	4772.18200000	4767.53000000	4789.84040000	4787.49520000
2888561872.90969896	4749.04000000	4747.70000000	4800.97800000	4797.67800000	4763.09800000	4761.23600000	4779.13400000	4776.73800000	4777.42000000	4774.70800000	4773.93400000	4771.61200000
2889565217.39130449	4743.16200000	4749.94600000	4797.96800000	4802.13400000	4770.38000000	4768.01200000	4748.51600000	4757.57400000	4781.38400000	4782.10400000	4768.28200000	4771.95400000
2890568561.87290955	4765.42800000	4766.93600000	4786.08400000	4793.99600000	4759.64600000	4764.79000000	4768.75200000	4767.72600000	4745.25600000	4744.14400000	4765.03320000	4767.51840000
2891571906.35451508	4783.23400000	4786.04600000	4771.82600000	4772.99400000	4787.24800000	4787.12800000	4790.38600000	4793.13400000	4770.34400000	4772.98600000	4780.60760000	4782.45760000
2892575250.83612061	4725.20200000	4726.71000000	4784.02600000	4791.71600000	4755.63400000	4758.25800000	4751.07200000	4747.59000000	4722.27000000	4725.43200000	4747.64080000	4749.94120000
2893578595.31772566	4773.79400000	4775.79600000	4810.18400000	4812.99400000	4760.79200000	4760.13400000	4777.00000000	4782.08000000	4768.21200000	4772.18600000	4777.99640000	4780.63800000
2894581939.79933119	4765.49000000	4764.53800000	4787.96200000	4791.97000000	4749.83200000	4749.50400000	4768.33200000	4769.11200000	4755.88400000	4766.10600000	4765.50000000	4768.24600000
2895585284.28093624	4738.27800000	4757.68800000	4795.06600000	4802.61200000	4748.93000000	4754.63000000	4740.09800000	4740.82000000	4777.47600000	4787.38600000	4759.96960000	4768.62720000
2896588628.76254177	4731.31600000	4742.35600000	4779.46000000	4791.40600000	4759.24000000	4762.02000000	4781.11600000	4792.50600000	4704.99400000	4717.99200000	4751.22520000	4761.25600000
2897591973.24414730	4765.37000000	4773.74000000	4800.24600000	4809.29000000	4751.38200000	4762.32200000	4768.13000000	4781.81600000	4752.05000000	4760.98400000	4767.43560000	4777.63040000
2898595317.72575235	4755.87000000	4778.33800000	4781.63200000	4802.81600000	4748.83400000	4768.74000000	4770.74600000	4789.87400000	4737.56400000	4748.15600000	4758.92920000	4777.58480000
2899598662.20735788	4774.13600000	4798.71800000	4760.57600000	4784.15000000	4769.00000000	4790.86000000	4761.39000000	4791.37800000	4747.96000000	4775.37200000	4762.61240000	4788.09560000
2900602006.68896341	4709.78200000	4743.76200000	4752.85600000	4784.16400000	4738.31800000	4780.35400000	4728.79000000	4766.42200000	4675.11400000	4706.52400000	4720.97200000	4756.24520000
2901605351.17056847	4731.37600000	4775.25400000	4768.16800000	4809.73200000	4714.60800000	4753.12600000	4728.91000000	4781.44000000	4719.61200000	4765.52400000	4732.53480000	4777.01520000
2902608695.65217400	4715.34600000	4771.27400000	4746.24000000	4794.00600000	4722.34600000	4774.98000000	4700.07600000	4747.14600000	4735.64000000	4789.77200000	4723.92960000	4775.43560000
2903612040.13377905	4728.08800000	4779.79800000	4709.08200000	4774.03400000	4725.49800000	4781.95000000	4744.09000000	4800.13400000	4707.91000000	4772.38400000	4722.93360000	4781.66000000
2904615384.61538458	4680.18800000	4739.88800000	4725.26000000	4784.52400000	4719.21000000	4777.00600000	4699.83200000	4762.52800000	4639.22200000	4704.28600000	4692.74240000	4753.64640000
2905618729.09699011	4683.87800000	4741.46400000	4732.07400000	4794.93000000	4697.07400000	4755.47200000	4714.31000000	4778.47800000	4706.51000000	4769.40600000	4706.76920000	4767.95000000
2906622073.57859516	4693.17600000	4754.33800000	4728.62000000	4800.08600000	4686.43000000	4744.60600000	4693.73800000	4757.41600000	4712.61600000	4777.44800000	4702.91600000	4766.77880000
2907625418.06020069	4704.18600000	4750.03800000	4741.94400000	4799.73000000	4691.76200000	4743.03800000	4690.83200000	4747.10000000	4725.97600000	4782.49000000	4710.94000000	4764.47920000
2908628762.54180622	4711.67800000	4760.94400000	4739.01000000	4785.98000000	4713.62800000	4765.60000000	4706.63600000	4759.12600000	4691.74200000	4743.45600000	4712.53880000	4763.02120000
2909632107.02341127	4693.93200000	4733.87400000	4740.91000000	4786.76000000	4735.29000000	4769.70600000	4707.65800000	4752.76000000	4657.79000000	4705.59400000	4707.11600000	4749.73880000
2910635451.50501680	4733.25000000	4777.94800000	4770.07400000	4802.96200000	4734.92800000	4774.53000000	4743.02200000	4781.94200000	4708.56400000	4748.09600000	4737.96760000	4777.09560000
2911638795.98662186	4751.67600000	4784.07000000	4739.36600000	4764.18600000	4760.24200000	4792.24200000	4761.25800000	4787.69600000	4725.88600000	4757.75800000	4747.68560000	4777.19040000
2912642140.46822739	4712.71200000	4732.92200000	4770.52000000	4789.03400000	4747.22800000	4766.33400000	4740.35800000	4756.21600000	4714.40200000	4736.77400000	4737.04400000	4756.25600000
2913645484.94983292	4757.88800000	4765.85000000	4789.13600000	4799.03200000	4758.28000000	4771.27400000	4740.97600000	4753.71800000	4776.51800000	4788.82600000	4764.55960000	4775.74000000
2914648829.43143797	4733.76000000	4741.14400000	4780.62000000	4785.24800000	4760.56600000	4770.71200000	4792.49600000	4795.20800000	4722.47200000	4729.68400000	4757.98280000	4764.39920000
2915652173.91304350	4740.37200000	4739.87000000	4788.96800000	4785.05200000	4764.93600000	4765.35600000	4787.16600000	4787.21400000	4745.89600000	4743.91800000	4765.46760000	4764.28200000
2916655518.39464903	4724.19400000	4729.58600000	4778.96000000	4782.58000000	4756.74200000	4760.13600000	4743.29000000	4743.53800000	4707.08600000	4708.49200000	4742.05440000	4744.86640000
2917658862.87625408	4782.93000000	4784.49600000	4795.15600000	4790.96200000	4793.26800000	4785.52000000	4792.90400000	4792.79200000	4767.69000000	4766.88800000	4786.38960000	4784.13160000
2918662207.35785961	4790.69000000	4784.24800000	4763.17400000	4772.25000000	4793.39800000	4786.56200000	4794.54800000	4789.50800000	4773.34200000	4777.50800000	4783.03040000	4782.01520000
2919665551.83946514	4774.72600000	4768.41600000	4799.90600000	4792.41400000	4762.32600000	4760.94000000	4767.68600000	4770.16800000	4761.35600000	4762.65600000	4773.20000000	4770.91880000
2920668896.32107019	4735.90000000	4734.74800000	4795.89600000	4792.01600000	4768.64000000	4763.49400000	4765.31200000	4763.48000000	4736.66600000	4736.56800000	4760.48280000	4758.06120000
2921672240.80267572	4798.37200000	4795.86000000	4777.30600000	4773.35800000	4806.23200000	4801.55200000	4797.98600000	4797.80200000	4781.35800000	4781.59200000	4792.25080000	4790.03280000
2922675585.28428078	4775.19400000	4770.69800000	4803.85000000	4796.07800000	4777.24400000	4769.41800000	4784.78400000	4783.60400000	4754.16400000	4749.21400000	4779.04720000	4773.80240000
2923678929.76588631	4744.57000000	4750.45200000	4785.52600000	4789.55000000	4783.57000000	4780.70800000	4778.66800000	4782.93400000	4713.04800000	4707.76200000	4761.07640000	4762.28120000
2924682274.24749184	4750.73000000	4737.55200000	4809.28200000	4802.66200000	4765.65000000	4760.31000000	4748.87600000	4741.09200000	4792.65200000	4782.01800000	4773.43800000	4764.72680000
2925685618.72909689	4784.31800000	4777.58400000	4814.33400000	4810.10400000	4771.44800000	4768.64600000	4787.64200000	4783.96800000	4762.05400000	4760.22000000	4783.95920000	4780.10440000
2926688963.21070242	4777.80400000	4774.44400000	4790.79000000	4784.78600000	4756.37000000	4756.61600000	4768.83200000	4764.47600000	4750.94600000	4744.56800000	4768.94840000	4764.97800000
2927692307.69230747	4770.61000000	4767.70800000	4806.87000000	4801.03200000	4776.39400000	4773.40400000	4789.46600000	4784.74200000	4753.76400000	4753.13000000	4779.42080000	4776.00320000
2928695652.17391300	4779.42200000	4777.33400000	4803.54200000	4799.16600000	4766.12800000	4765.64600000	4791.12400000	4788.99600000	4756.80400000	4752.74000000	4779.40400000	4776.77640000
2929698996.65551853	4762.21000000	4753.62000000	4801.03600000	4796.03800000	4786.62400000	4789.14000000	4764.61800000	4761.39000000	4793.20800000	4790.33600000	4781.53920000	4778.10480000
2930702341.13712358	4778.98800000	4773.69600000	4800.74200000	4795.73200000	4773.58000000	4773.95200000	4790.93600000	4782.69000000	4747.96400000	4744.99800000	4778.44200000	4774.21360000
2931705685.61872911	4786.67600000	4783.80400000	4778.42800000	4772.88400000	4792.69800000	4788.29200000	4790.75600000	4788.80200000	4774.67400000	4769.50800000	4784.64640000	4780.65800000
2932709030.10033464	4798.72400000	4794.51000000	4794.45800000	4786.29800000	4797.74600000	4793.80200000	4798.71200000	4789.38600000	4781.58800000	4772.35400000	4794.24560000	4787.27000000
2933712374.58193970	4731.41800000	4728.43400000	4796.06400000	4787.42800000	4764.02400000	4757.18400000	4753.31800000	4747.19400000	4742.56200000	4730.10600000	4757.47720000	4750.06920000
2934715719.06354523	4784.41000000	4783.79400000	4817.12200000	4806.91600000	4771.97200000	4762.52200000	4789.51400000	4784.91400000	4763.66400000	4761.58800000	4785.33640000	4779.94680000
2935719063.54515076	4751.32400000	4742.07600000	4799.64400000	4799.41400000	4763.02000000	4766.44400000	4768.58600000	4771.93800000	4755.06600000	4747.20400000	4767.52800000	4765.41520000
2936722408.02675581	4774.08600000	4771.04000000	4799.51800000	4794.84000000	4764.75000000	4762.00800000	4779.09800000	4771.99400000	4766.40000000	4763.02600000	4776.77040000	4772.58160000
2937725752.50836134	4787.67400000	4780.12400000	4769.49400000	4761.07800000	4794.00600000	4793.00000000	4795.06400000	4785.71600000	4763.13400000	4755.91200000	4781.87440000	4775.16600000
2938729096.98996639	4758.10600000	4749.81600000	4789.72000000	4788.25200000	4760.55600000	4759.63200000	4776.73600000	4766.03800000	4750.55400000	4748.24800000	4767.13440000	4762.39720000
2939732441.47157192	4755.81200000	4752.88200000	4798.90000000	4792.57200000	4785.26400000	4785.85200000	4747.26200000	4738.92000000	4798.73200000	4788.39200000	4777.19400000	4771.72360000
2940735785.95317745	4772.33400000	4763.24000000	4798.94200000	4792.26600000	4767.87200000	4763.52200000	4787.52400000	4778.36200000	4768.01600000	4759.75200000	4778.93760000	4771.42840000
2941739130.43478251	4797.91400000	4797.19000000	4783.30800000	4777.12800000	4805.87000000	4802.44400000	4796.50000000	4794.58200000	4768.69400000	4764.88000000	4790.45720000	4787.24480000
2942742474.91638803	4772.16200000	4773.75800000	4791.37600000	4782.11800000	4768.82400000	4760.00000000	4761.96800000	4763.24200000	4744.74000000	4742.40000000	4767.81400000	4764.30360000
2943745819.39799309	4771.01400000	4766.45800000	4804.68200000	4800.84000000	4779.78400000	4775.35200000	4764.33000000	4754.04400000	4797.46000000	4791.64400000	4783.45400000	4777.66760000
2944749163.87959862	4788.62000000	4784.53800000	4774.93400000	4770.29600000	4800.17000000	4792.04600000	4808.07000000	4801.67600000	4770.75600000	4765.54600000	4788.51000000	4782.82040000
2945752508.36120415	4731.60800000	4724.28000000	4788.14800000	4784.37200000	4761.93000000	4753.08000000	4751.19200000	4747.56600000	4729.12200000	4721.32400000	4752.40000000	4746.12440000
2946755852.84280920	4766.49400000	4768.05600000	4805.80000000	4803.66000000	4750.98400000	4746.70800000	4775.86400000	4772.55200000	4770.07800000	4769.04800000	4773.84400000	4772.00480000
2947759197.32441473	4758.76000000	4760.77200000	4801.16600000	4795.82000000	4784.32600000	4777.05000000	4748.98200000	4746.99000000	4787.32400000	4786.22800000	4776.11160000	4773.37200000
2948762541.80602026	4760.89600000	4762.01200000	4792.24800000	4786.93200000	4765.24600000	4756.10800000	4789.67200000	4779.22400000	4756.88800000	4756.90000000	4772.99000000	4768.23520000
2949765886.28762531	4752.46400000	4750.19400000	4791.78600000	4787.52200000	4780.19000000	4773.67400000	4793.90000000	4784.91000000	4710.30200000	4704.07200000	4765.72840000	4760.07440000
2950769230.76923084	4764.61000000	4755.37600000	4798.25600000	4793.68000000	4793.08400000	4779.70400000	4753.25200000	4739.27400000	4804.45600000	4801.54400000	4782.73160000	4773.91560000
2951772575.25083637	4786.76200000	4777.18800000	4777.54800000	4772.41800000	4791.62000000	4781.97400000	4791.45000000	4784.61800000	4780.38600000	4771.70800000	4785.55320000	4777.58120000
2952775919.73244143	4763.27800000	4758.50800000	4793.21000000	4786.69800000	4792.19000000	4790.59600000	4758.55400000	4751.83200000	4802.42800000	4797.16800000	4781.93200000	4776.96040000
2953779264.21404696	4772.76200000	4764.92400000	4797.16600000	4801.37800000	4781.50400000	4772.10400000	4752.46200000	4745.25600000	4798.61000000	4789.04000000	4780.50080000	4774.54040000
2954782608.69565201	4728.12200000	4719.76200000	4787.57600000	4782.14200000	4759.90600000	4759.23400000	4754.65000000	4749.62800000	4723.25600000	4716.62600000	4750.70200000	4745.47840000
2955785953.17725754	4751.77200000	4741.83400000	4791.35000000	4792.37400000	4774.46200000	4769.54400000	4805.58400000	4791.42400000	4729.67000000	4721.90000000	4770.56760000	4763.41520000
2956789297.65886307	4769.95400000	4765.81600000	4799.52800000	4795.07800000	4783.41000000	4775.88000000	4760.50600000	4753.05800000	4795.67000000	4788.71400000	4781.81360000	4775.70920000
2957792642.14046812	4772.96800000	4774.77200000	4803.12600000	4798.28200000	4778.04600000	4772.92800000	4787.60200000	4779.27000000	4762.60200000	4757.43400000	4780.86880000	4776.53720000
2958795986.62207365	4779.40400000	4777.09000000	4803.29000000	4795.31400000	4772.22600000	4771.94600000	4782.99000000	4779.02600000	4768.82200000	4758.76600000	4781.34640000	4776.42840000
2959799331.10367870	4755.98200000	4749.38800000	4805.29600000	4801.94400000	4788.20800000	4776.52400000	4754.86400000	4749.24600000	4791.17600000	4779.87400000	4779.10520000	4771.39520000
2960802675.58528423	4760.77600000	4757.64200000	4798.11600000	4798.09000000	4790.38800000	4781.18000000	4786.11000000	4777.94800000	4714.54800000	4710.99400000	4769.98760000	4765.17080000
2961806020.06688976	4786.15600000	4776.25400000	4812.63600000	4813.06000000	4770.58800000	4762.76000000	4795.03400000	4786.92600000	4758.68800000	4754.71600000	4784.62040000	4778.74320000
2962809364.54849482	4767.97000000	4770.10400000	4813.25000000	4813.40600000	4751.98000000	4743.56800000	4784.44800000	4782.24800000	4772.34800000	4766.69200000	4777.99920000	4775.20360000
2963812709.03010035	4756.22000000	4747.86800000	4792.77200000	4791.57800000	4766.47600000	4758.87000000	4765.90600000	4761.72400000	4772.97400000	4766.38600000	4770.86960000	4765.28520000
2964816053.51170588	4754.27400000	4750.44000000	4809.01400000	4802.56800000	4762.10000000	4754.15600000	4743.12600000	4736.69800000	4793.92000000	4787.01000000	4772.48680000	4766.17440000
2965819397.99331093	4770.70400000	4774.32600000	4796.83200000	4794.14400000	4770.22000000	4771.43600000	4792.48800000	4781.04200000	4756.72200000	4753.57600000	4777.39320000	4774.90480000
2966822742.47491646	4792.27000000	4791.52000000	4781.20800000	4774.13000000	4804.09200000	4795.59000000	4806.25800000	4803.43400000	4773.26200000	4769.22200000	4791.41800000	4786.77920000
2967826086.95652199	4771.77800000	4764.39800000	4791.09800000	4785.22400000	4771.24400000	4767.09600000	4775.01000000	4763.95400000	4743.35800000	4746.50000000	4770.49760000	4765.43440000
2968829431.43812704	4745.28200000	4745.58800000	4791.21400000	4788.23800000	4778.85200000	4772.67600000	4782.62200000	4776.32800000	4767.76400000	4754.21600000	4773.14680000	4767.40920000
2969832775.91973257	4797.65800000	4793.54200000	4779.49600000	4773.00400000	4806.78200000	4799.62400000	4801.77800000	4795.83800000	4778.46400000	4774.07000000	4792.83560000	4787.21560000
2970836120.40133762	4766.74200000	4755.82800000	4789.52600000	4787.98400000	4794.71800000	4784.78400000	4752.13200000	4747.95600000	4802.02400000	4799.99000000	4781.02840000	4775.30840000
2971839464.88294315	4757.73600000	4757.65400000	4802.01400000	4799.23800000	4788.85400000	4781.40400000	4765.75800000	4760.35600000	4789.41600000	4781.75400000	4780.75560000	4776.08120000
2972842809.36454868	4792.41000000	4787.51600000	4797.57200000	4793.01400000	4790.02600000	4783.04400000	4800.14200000	4793.22800000	4775.42200000	4763.91800000	4791.11440000	4784.14400000
2973846153.84615374	4773.92800000	4759.13000000	4799.86200000	4795.33800000	4792.76000000	4785.63800000	4759.56000000	4757.17000000	4787.25800000	4782.08000000	4782.67360000	4775.87120000
2974849498.32775927	4732.05400000	4728.55400000	4789.62600000	4785.48600000	4757.99400000	4756.23000000	4757.94200000	4746.92600000	4728.57800000	4730.37400000	4753.23880000	4749.51400000
2975852842.80936432	4752.55600000	4743.63800000	4804.24800000	4792.34400000	4794.02400000	4784.12600000	4748.06200000	4740.34800000	4793.52000000	4785.21200000	4778.48200000	4769.13360000
2976856187.29096985	4770.69400000	4757.44800000	4781.02000000	4775.79000000	4758.17400000	4755.30600000	4767.24600000	4767.50000000	4747.44200000	4741.22400000	4764.91520000	4759.45360000
2977859531.77257538	4742.14200000	4742.89600000	4808.62800000	4805.88400000	4767.08000000	4764.28600000	4765.25600000	4757.29800000	4789.80000000	4784.68800000	4774.58120000	4771.01040000
2978862876.25418043	4776.99200000	4766.33800000	4789.03000000	4784.64000000	4758.06800000	4750.27800000	4768.32000000	4766.82600000	4755.22600000	4748.04800000	4769.52720000	4763.22600000
2979866220.73578596	4785.32000000	4779.71600000	4796.75400000	4797.53000000	4769.71400000	4766.57000000	4803.79800000	4794.03000000	4773.40800000	4771.77200000	4785.79880000	4781.92360000
2980869565.21739149	4768.24800000	4766.79400000	4800.54400000	4790.80800000	4791.71200000	4784.47200000	4765.94800000	4759.33800000	4791.10600000	4786.69800000	4783.51160000	4777.62200000
2981872909.69899654	4770.28600000	4765.61400000	4793.85600000	4786.22000000	4769.31200000	4766.59200000	4763.88800000	4757.58800000	4745.95400000	4741.22000000	4768.65920000	4763.44680000
2982876254.18060207	4727.55200000	4720.51600000	4785.32000000	4781.70800000	4760.08600000	4753.96800000	4757.22400000	4748.01800000	4725.11600000	4722.87200000	4751.05960000	4745.41640000
2983879598.66220760	4738.61800000	4725.37200000	4793.60200000	4781.91600000	4764.40400000	4755.32800000	4754.74200000	4747.40600000	4741.45000000	4731.56000000	4758.56320000	4748.31640000
2984882943.14381266	4781.28200000	4772.33200000	4807.34200000	4800.46000000	4772.18600000	4766.19800000	4791.56600000	4786.41000000	4765.65000000	4758.31000000	4783.60520000	4776.74200000
2985886287.62541819	4766.16600000	4761.70000000	4782.77800000	4774.87200000	4763.77200000	4754.03600000	4774.68600000	4766.80800000	4758.15000000	4752.85200000	4769.11040000	4762.05360000
2986889632.10702324	4788.62400000	4784.71400000	4795.38000000	4793.17600000	4775.41400000	4770.65000000	4804.89200000	4800.74600000	4773.31800000	4768.58400000	4787.52560000	4783.57400000
2987892976.58862877	4783.79800000	4777.88000000	4809.06200000	4800.80800000	4778.21800000	4772.09600000	4790.40600000	4777.66200000	4763.88800000	4754.70800000	4785.07440000	4776.63080000
2988896321.07023430	4742.65800000	4730.53800000	4794.96800000	4788.05600000	4770.79600000	4766.69800000	4759.39200000	4750.31600000	4735.89400000	4733.94000000	4760.74160000	4753.90960000
2989899665.55183935	4760.50400000	4755.06800000	4793.05000000	4787.65400000	4758.15800000	4750.61800000	4768.56200000	4762.76200000	4785.35200000	4782.66600000	4773.12520000	4767.75360000
2990903010.03344488	4777.81200000	4763.68200000	4806.16400000	4804.02200000	4765.10600000	4749.56400000	4779.23000000	4771.57600000	4768.56600000	4762.44400000	4779.37560000	4770.25760000
2991906354.51504993	4796.15400000	4793.25000000	4797.53400000	4795.52600000	4802.24600000	4794.42200000	4797.16400000	4797.27000000	4781.22400000	4774.89600000	4794.86440000	4791.07280000
2992909698.99665546	4742.36200000	4734.66200000	4808.72800000	4801.50400000	4768.29400000	4760.52600000	4752.53800000	4752.92800000	4789.38600000	4780.86000000	4772.26160000	4766.09600000
2993913043.47826099	4754.95600000	4753.12600000	4793.48000000	4783.55000000	4784.85400000	4781.22400000	4780.63400000	4772.84400000	4718.19400000	4710.19200000	4766.42360000	4760.18720000
2994916387.95986605	4787.98200000	4785.40000000	4769.86200000	4767.32200000	4801.36200000	4792.50000000	4813.39000000	4805.30000000	4771.87200000	4766.61000000	4788.89360000	4783.42640000
2995919732.44147158	4761.45000000	4754.68400000	4800.35000000	4787.88800000	4768.18400000	4760.31600000	4769.12000000	4761.36000000	4779.22800000	4770.36200000	4775.66640000	4766.92200000
2996923076.92307711	4746.96000000	4742.86600000	4798.99600000	4787.23600000	4780.27800000	4770.61800000	4776.54800000	4774.00600000	4765.01400000	4757.29200000	4773.55920000	4766.40360000
2997926421.40468216	4776.70000000	4769.08400000	4801.67800000	4795.88600000	4776.17800000	4766.23600000	4792.99600000	4786.27800000	4759.63000000	4750.29000000	4781.43640000	4773.55480000
2998929765.88628769	4774.10400000	4769.93800000	4797.91600000	4792.35200000	4765.12400000	4759.57200000	4776.80800000	4772.35000000	4771.95800000	4762.69800000	4777.18200000	4771.38200000
2999933110.36789322	4735.64200000	4734.43800000	4804.23800000	4795.66200000	4768.79000000	4758.14400000	4770.24800000	4764.65200000	4738.47600000	4736.28600000	4763.47880000	4757.83640000
3000936454.84949827	4749.06000000	4750.53600000	4796.44800000	4788.85600000	4770.70800000	4769.46600000	4769.85800000	4759.77000000	4772.93600000	4765.09800000	4771.80200000	4766.74520000
3001939799.33110380	4754.18800000	4752.00600000	4810.76800000	4797.24000000	4755.68000000	4753.31800000	4738.62400000	4734.80600000	4789.76400000	4782.98000000	4769.80480000	4764.07000000
3002943143.81270885	4770.49000000	4769.08400000	4803.41000000	4797.67400000	4777.06600000	4770.74600000	4790.83200000	4780.83000000	4759.13200000	4752.55000000	4780.18600000	4774.17680000
3003946488.29431438	4768.15400000	4763.84800000	4791.88400000	4788.99600000	4773.52600000	4767.42400000	4776.82200000	4771.87400000	4752.50600000	4745.49200000	4772.57840000	4767.52680000
3004949832.77591991	4780.88800000	4776.46600000	4805.43800000	4800.07600000	4766.69000000	4764.47800000	4797.48000000	4791.91000000	4759.91800000	4750.07800000	4782.08280000	4776.60160000
3005953177.25752497	4748.66000000	4746.43200000	4796.47200000	4791.90200000	4774.48800000	4774.44200000	4773.77800000	4769.36200000	4768.80600000	4756.36400000	4772.44080000	4767.70040000
3006956521.73913050	4729.17000000	4725.80800000	4791.44000000	4782.14000000	4768.08000000	4755.78200000	4754.25800000	4744.38600000	4721.61000000	4714.87200000	4752.91160000	4744.59760000
3007959866.22073555	4778.30800000	4774.81000000	4798.02200000	4786.19200000	4764.94600000	4755.04000000	4776.67600000	4776.04200000	4758.99200000	4747.84000000	4775.38880000	4767.98480000
3008963210.70234108	4773.78000000	4766.72600000	4798.75800000	4791.61600000	4763.85000000	4754.59000000	4781.91600000	4767.37200000	4769.20000000	4762.08600000	4777.50080000	4768.47800000
3009966555.18394661	4768.00400000	4766.86800000	4796.27600000	4791.62200000	4766.14000000	4765.58200000	4787.78000000	4786.89400000	4765.20600000	4759.37600000	4776.68120000	4774.06840000
3010969899.66555166	4749.43800000	4746.95400000	4806.22400000	4801.20000000	4753.83000000	4749.04600000	4741.99200000	4739.47200000	4789.64600000	4786.86600000	4768.22600000	4764.70760000
3011973244.14715719	4788.75200000	4780.38400000	4779.98200000	4768.84800000	4793.97400000	4785.46000000	4809.11400000	4799.31800000	4778.42600000	4770.85200000	4790.04960000	4780.97240000
3012976588.62876272	4791.47000000	4784.07200000	4799.42600000	4792.05800000	4770.56000000	4773.20800000	4804.22200000	4797.22400000	4776.21800000	4768.08600000	4788.37920000	4782.92960000
3013979933.11036777	4743.42000000	4740.97200000	4804.44600000	4798.55200000	4763.44000000	4760.13000000	4760.27200000	4748.49800000	4795.28600000	4786.05200000	4773.37280000	4766.84080000
3014983277.59197330	4765.98400000	4763.76200000	4795.64400000	4791.31800000	4760.73200000	4756.03800000	4791.29800000	4781.47400000	4759.86400000	4758.29800000	4774.70440000	4770.17800000
3015986622.07357883	4756.35000000	4745.34000000	4799.68600000	4793.90000000	4777.86400000	4771.05800000	4770.02200000	4758.69600000	4773.57600000	4761.10000000	4775.49960000	4766.01880000
3016989966.55518389	4774.65400000	4768.51400000	4785.58400000	4780.30600000	4761.61400000	4751.51200000	4774.38600000	4762.98200000	4751.12600000	4744.53800000	4769.47280000	4761.57040000
3017993311.03678942	4774.02600000	4764.62400000	4799.14600000	4799.26600000	4780.48800000	4778.74200000	4761.07600000	4755.95200000	4799.55800000	4790.14200000	4782.85880000	4777.74520000
3018996655.51839447	4801.15800000	4790.10400000	4774.16600000	4769.08200000	4808.57400000	4803.72400000	4804.21600000	4799.14800000	4780.91400000	4770.73400000	4793.80560000	4786.55840000
3020000000.00000000	4757.76800000	4750.41800000	4793.56600000	4794.56600000	4775.55400000	4768.66600000	4771.34000000	4760.81200000	4773.77000000	4769.26400000	4774.39960000	4768.74520000
