freq	PL_sig1	PL_ref1	PL_sig2	PL_ref2	PL_sig3	PL_ref3	PL_sig4	PL_ref4	PL_sig5	PL_ref5	avgPL_sig	avgPL_ref
2720000000.00000000	4749.00800000	4745.77800000	4711.76800000	4711.48800000	4703.88600000	4696.81400000	4755.18600000	4751.79200000	4718.60400000	4714.82200000	4727.69040000	4724.13880000
2721003344.48160553	4736.17600000	4725.56600000	4723.39000000	4714.68000000	4707.78400000	4702.31200000	4774.76400000	4761.76400000	4719.93400000	4715.24600000	4732.40960000	4723.91360000
2722006688.96321058	4740.72800000	4733.74600000	4722.41600000	4718.53000000	4693.14400000	4687.75800000	4761.77600000	4753.39400000	4737.40800000	4728.22800000	4731.09440000	4724.33120000
2723010033.44481611	4774.88200000	4768.24400000	4766.52600000	4761.21000000	4734.46000000	4728.00600000	4706.08000000	4701.48000000	4719.94400000	4714.29800000	4740.37840000	4734.64760000
2724013377.92642164	4780.28400000	4769.50800000	4765.70400000	4758.01000000	4726.15600000	4727.28800000	4711.58200000	4706.42400000	4725.60200000	4720.87400000	4741.86560000	4736.42080000
2725016722.40802670	4774.65800000	4771.86200000	4759.36000000	4760.43800000	4726.96800000	4717.30600000	4732.92200000	4728.29000000	4711.71200000	4704.99000000	4741.12400000	4736.57720000
2726020066.88963223	4768.41800000	4758.59800000	4767.82600000	4758.91800000	4738.37200000	4733.32000000	4714.35400000	4705.99600000	4721.26000000	4718.72800000	4742.04600000	4735.11200000
2727023411.37123728	4773.48800000	4773.31800000	4767.43800000	4766.46600000	4709.37000000	4708.28400000	4751.70000000	4746.06600000	4701.65400000	4693.67600000	4740.73000000	4737.56200000
2728026755.85284281	4749.73200000	4741.80600000	4758.19800000	4753.51200000	4740.49400000	4740.89600000	4764.60800000	4757.07600000	4733.19200000	4725.73200000	4749.24480000	4743.80440000
2729030100.33444834	4774.61200000	4766.45600000	4720.33200000	4715.29400000	4753.70800000	4744.62600000	4709.90000000	4708.05400000	4729.41200000	4721.79200000	4737.59280000	4731.24440000
2730033444.81605339	4744.33800000	4740.16800000	4751.24400000	4741.15400000	4723.92200000	4715.28200000	4749.70200000	4748.48400000	4745.39800000	4739.14800000	4742.92080000	4736.84720000
2731036789.29765892	4785.56800000	4773.70200000	4764.98200000	4764.05000000	4700.28200000	4694.79400000	4707.21600000	4694.26800000	4727.74600000	4716.44800000	4737.15880000	4728.65240000
2732040133.77926445	4777.24200000	4769.04800000	4775.48600000	4773.07400000	4728.81000000	4721.74400000	4713.17800000	4708.17400000	4706.77800000	4706.38200000	4740.29880000	4735.68440000
2733043478.26086950	4777.57200000	4772.48000000	4764.71400000	4760.27600000	4727.87000000	4723.79000000	4724.19600000	4720.42600000	4718.23000000	4714.24400000	4742.51640000	4738.24320000
2734046822.74247503	4748.97800000	4742.34200000	4733.98400000	4726.06400000	4689.91400000	4683.43000000	4757.88200000	4755.91600000	4733.11400000	4731.62400000	4732.77440000	4727.87520000
2735050167.22408009	4789.22400000	4783.59200000	4768.91400000	4761.07400000	4697.92000000	4700.34200000	4701.22200000	4698.42600000	4728.81400000	4721.85600000	4737.21880000	4733.05800000
2736053511.70568562	4756.24200000	4746.88200000	4741.70400000	4739.00800000	4714.21400000	4709.19400000	4754.81400000	4747.62000000	4723.46000000	4717.58400000	4738.08680000	4732.05760000
2737056856.18729115	4738.38000000	4737.86200000	4727.69200000	4719.05000000	4702.51200000	4694.35800000	4764.15000000	4758.12200000	4728.51200000	4724.82600000	4732.24920000	4726.84360000
2738060200.66889620	4766.34200000	4759.65400000	4754.96200000	4746.11200000	4711.54200000	4701.35600000	4746.11600000	4741.17200000	4728.30400000	4720.91600000	4741.45320000	4733.84200000
2739063545.15050173	4751.71800000	4736.76800000	4723.01800000	4717.63800000	4699.80400000	4693.74000000	4763.41400000	4761.26800000	4730.00800000	4716.43200000	4733.59240000	4725.16920000
2740066889.63210726	4771.71600000	4767.06600000	4763.86200000	4759.88000000	4706.22000000	4700.85800000	4755.26600000	4750.02200000	4693.81600000	4694.23200000	4738.17600000	4734.41160000
2741070234.11371231	4733.83600000	4726.34600000	4754.25800000	4753.84400000	4731.54800000	4723.55200000	4755.59200000	4749.69800000	4733.70600000	4725.61800000	4741.78800000	4735.81160000
2742073578.59531784	4772.28400000	4772.15600000	4748.49200000	4736.31400000	4713.24200000	4706.93800000	4681.31600000	4674.71400000	4713.29400000	4704.74800000	4725.72560000	4718.97400000
2743076923.07692289	4737.26600000	4732.94600000	4754.23800000	4746.59000000	4752.44600000	4746.41000000	4762.78400000	4752.48800000	4737.87200000	4734.99200000	4748.92120000	4742.68520000
2744080267.55852842	4783.51200000	4781.75600000	4765.97200000	4759.43800000	4710.98000000	4701.58800000	4698.39800000	4692.74200000	4732.44800000	4727.20200000	4738.26200000	4732.54520000
2745083612.04013395	4785.40000000	4770.31600000	4722.74200000	4717.55400000	4726.30200000	4719.50800000	4703.40800000	4700.35000000	4708.66800000	4705.25000000	4729.30400000	4722.59560000
2746086956.52173901	4734.23000000	4728.29800000	4743.56800000	4736.54000000	4721.47200000	4708.80800000	4756.98600000	4751.42200000	4706.13200000	4699.82400000	4732.47760000	4724.97840000
2747090301.00334454	4748.36200000	4738.50400000	4731.29400000	4726.64400000	4703.66600000	4697.39800000	4764.63800000	4750.86200000	4731.75400000	4722.88200000	4735.94280000	4727.25800000
2748093645.48495007	4789.71200000	4782.86200000	4746.32200000	4741.73200000	4727.83200000	4719.54800000	4694.53400000	4686.95600000	4732.96800000	4727.75600000	4738.27360000	4731.77080000
2749096989.96655512	4746.16600000	4738.08200000	4749.20800000	4744.92400000	4758.88000000	4747.10400000	4751.73600000	4750.22800000	4741.13400000	4734.05800000	4749.42480000	4742.87920000
2750100334.44816065	4777.48600000	4773.30200000	4728.05200000	4724.13400000	4713.59800000	4706.29400000	4702.17800000	4699.37800000	4709.23200000	4703.81400000	4726.10920000	4721.38440000
2751103678.92976570	4774.15200000	4772.35000000	4771.76400000	4762.79800000	4726.67400000	4717.64600000	4722.33600000	4718.43800000	4721.67400000	4716.23400000	4743.32000000	4737.49320000
2752107023.41137123	4740.33400000	4733.91000000	4742.26600000	4737.81800000	4701.68800000	4697.05200000	4743.84000000	4734.75400000	4750.65200000	4744.44000000	4735.75600000	4729.59480000
2753110367.89297676	4763.06800000	4757.13000000	4748.63400000	4750.45800000	4703.62600000	4700.74800000	4749.75800000	4739.58600000	4727.56000000	4724.36600000	4738.52920000	4734.45760000
2754113712.37458181	4750.35200000	4742.29200000	4745.37400000	4737.17000000	4724.31000000	4718.36800000	4745.25000000	4733.24000000	4714.94400000	4707.10800000	4736.04600000	4727.63560000
2755117056.85618734	4735.78800000	4728.84000000	4746.84800000	4741.08400000	4722.21600000	4719.26200000	4758.08200000	4750.49000000	4721.00000000	4717.16400000	4736.78680000	4731.36800000
2756120401.33779287	4775.62600000	4768.10600000	4763.94800000	4757.24400000	4717.45800000	4708.48800000	4738.51200000	4729.41400000	4705.87000000	4700.56000000	4740.28280000	4732.76240000
2757123745.81939793	4779.30000000	4777.68400000	4726.40600000	4721.79600000	4739.52200000	4739.33200000	4713.61200000	4708.71200000	4725.26800000	4715.07400000	4736.82160000	4732.51960000
2758127090.30100346	4770.27200000	4767.19200000	4769.58800000	4764.65800000	4721.21200000	4716.76200000	4710.23600000	4708.74200000	4715.29800000	4706.61800000	4737.32120000	4732.79440000
2759130434.78260851	4756.39200000	4750.85600000	4750.37200000	4746.72800000	4723.08800000	4715.09200000	4745.32000000	4742.51600000	4711.09000000	4703.93200000	4737.25240000	4731.82480000
2760133779.26421404	4788.65800000	4790.08800000	4750.80600000	4742.95400000	4705.63000000	4701.90400000	4689.69000000	4684.96800000	4728.45200000	4720.28400000	4732.64720000	4728.03960000
2761137123.74581957	4745.34600000	4737.73400000	4755.56200000	4750.80800000	4724.63200000	4719.12800000	4756.52800000	4751.70600000	4741.39800000	4737.79200000	4744.69320000	4739.43360000
2762140468.22742462	4788.61200000	4782.53200000	4749.79800000	4745.46400000	4708.42800000	4708.05000000	4696.62200000	4695.37400000	4725.80200000	4719.79200000	4733.85240000	4730.24240000
2763143812.70903015	4758.58000000	4757.90000000	4744.27000000	4737.67200000	4708.74800000	4700.37000000	4753.57800000	4744.82200000	4723.23000000	4719.94400000	4737.68120000	4732.14160000
2764147157.19063568	4786.49800000	4775.59600000	4771.41400000	4766.62600000	4727.52800000	4718.40800000	4711.20800000	4704.49200000	4719.23400000	4718.20400000	4743.17640000	4736.66520000
2765150501.67224073	4784.83400000	4782.60000000	4736.88200000	4732.15200000	4729.16200000	4721.85800000	4682.01000000	4678.68800000	4732.31400000	4724.61000000	4733.04040000	4727.98160000
2766153846.15384626	4731.28200000	4723.49600000	4734.57600000	4730.21400000	4707.41800000	4696.50200000	4714.20200000	4709.01800000	4745.52600000	4736.59600000	4726.60080000	4719.16520000
2767157190.63545132	4733.26600000	4725.86600000	4759.84600000	4755.54000000	4745.86400000	4741.99400000	4755.59000000	4752.11200000	4729.22400000	4732.20400000	4744.75800000	4741.54320000
2768160535.11705685	4751.64200000	4741.04000000	4762.71200000	4757.03800000	4728.85600000	4727.38600000	4753.63400000	4751.14200000	4743.39200000	4738.41000000	4748.04720000	4743.00320000
2769163879.59866238	4778.40800000	4772.79400000	4744.84400000	4738.93400000	4709.23200000	4703.55800000	4758.30600000	4750.46600000	4723.42400000	4719.11000000	4742.84280000	4736.97240000
2770167224.08026743	4777.37200000	4766.61200000	4719.15000000	4723.92600000	4748.35600000	4739.35000000	4717.64400000	4710.77000000	4725.72800000	4716.38200000	4737.65000000	4731.40800000
2771170568.56187296	4762.17800000	4757.17800000	4748.79200000	4743.65600000	4701.81600000	4700.32000000	4750.38200000	4751.08200000	4703.45400000	4695.04000000	4733.32440000	4729.45520000
2772173913.04347849	4730.97600000	4721.02000000	4740.08200000	4726.47000000	4709.22600000	4705.02600000	4723.12800000	4717.51800000	4750.98600000	4744.99800000	4730.87960000	4723.00640000
2773177257.52508354	4778.96800000	4771.43200000	4736.11800000	4729.88200000	4703.30000000	4704.24800000	4755.12600000	4747.60600000	4721.72600000	4718.16600000	4739.04760000	4734.26680000
2774180602.00668907	4743.00400000	4733.38000000	4753.43200000	4749.65400000	4754.52400000	4751.91800000	4755.25200000	4751.82400000	4739.77600000	4734.79400000	4749.19760000	4744.31400000
2775183946.48829412	4738.52800000	4733.58800000	4752.51200000	4744.95000000	4754.46600000	4747.18600000	4757.58200000	4755.20600000	4732.96400000	4735.28600000	4747.21040000	4743.24320000
2776187290.96989965	4782.47400000	4773.70800000	4766.30400000	4758.73200000	4717.75800000	4715.93400000	4738.99800000	4728.48200000	4697.62800000	4697.82800000	4740.63240000	4734.93680000
2777190635.45150518	4762.25600000	4756.00800000	4739.71400000	4730.86400000	4721.60800000	4713.33600000	4765.23600000	4752.57400000	4714.40200000	4709.60600000	4740.64320000	4732.47760000
2778193979.93311024	4747.50400000	4738.52000000	4729.55400000	4726.27200000	4688.68600000	4685.47800000	4763.39200000	4755.89400000	4729.32000000	4727.21400000	4731.69120000	4726.67560000
2779197324.41471577	4776.68600000	4772.11200000	4739.48000000	4740.78800000	4722.79800000	4718.75600000	4679.65000000	4674.88800000	4716.01800000	4708.97600000	4726.92640000	4723.10400000
2780200668.89632130	4773.16000000	4775.44800000	4767.34200000	4759.42000000	4702.26400000	4704.21800000	4754.15000000	4741.73600000	4699.73400000	4695.48800000	4739.33000000	4735.26200000
2781204013.37792635	4785.75200000	4772.81800000	4758.52200000	4756.86200000	4699.91600000	4701.11200000	4696.83800000	4691.17400000	4730.06800000	4727.80000000	4734.21920000	4729.95320000
2782207357.85953188	4770.83400000	4774.78200000	4757.21800000	4746.50200000	4724.84000000	4720.44400000	4721.68200000	4714.26800000	4709.45200000	4708.29200000	4736.80520000	4732.85760000
2783210702.34113693	4766.18000000	4762.24400000	4771.44400000	4763.28800000	4721.12000000	4724.10000000	4720.58400000	4716.28400000	4704.14200000	4704.65800000	4736.69400000	4734.11480000
2784214046.82274246	4732.17400000	4727.92000000	4726.28600000	4723.53200000	4707.93400000	4706.29800000	4757.38400000	4751.41800000	4718.87200000	4715.15600000	4728.53000000	4724.86480000
2785217391.30434799	4738.62200000	4736.17000000	4722.41200000	4716.95800000	4705.66600000	4695.17600000	4763.30800000	4758.44200000	4726.07000000	4721.02200000	4731.21560000	4725.55360000
2786220735.78595304	4779.34600000	4772.12200000	4730.26800000	4729.30000000	4735.88800000	4729.46000000	4700.84000000	4703.31400000	4717.92400000	4710.52800000	4732.85320000	4728.94480000
2787224080.26755857	4735.80800000	4731.02200000	4725.78400000	4719.46800000	4706.86800000	4703.28200000	4763.42000000	4759.09600000	4721.91000000	4711.82600000	4730.75800000	4724.93880000
2788227424.74916410	4727.13000000	4720.95800000	4727.77000000	4729.47800000	4703.85600000	4696.33200000	4713.33400000	4710.56400000	4740.19400000	4744.94200000	4722.45680000	4720.45480000
2789230769.23076916	4766.46000000	4761.61400000	4762.75600000	4761.17400000	4735.47000000	4730.43800000	4707.40400000	4698.16400000	4722.45000000	4714.09200000	4738.90800000	4733.09640000
2790234113.71237469	4770.77400000	4765.28000000	4774.32000000	4766.60200000	4725.69000000	4724.44600000	4713.35400000	4704.40600000	4710.26600000	4711.13400000	4738.88080000	4734.37360000
2791237458.19397974	4760.88800000	4757.29000000	4742.18200000	4736.90800000	4698.49600000	4690.92200000	4751.87200000	4751.21600000	4725.91600000	4718.93000000	4735.87080000	4731.05320000
2792240802.67558527	4778.40600000	4771.37800000	4767.99400000	4756.76400000	4709.78800000	4707.27400000	4733.23000000	4732.04400000	4704.44000000	4692.77200000	4738.77160000	4732.04640000
2793244147.15719080	4740.78400000	4738.71800000	4741.86600000	4735.88600000	4685.27600000	4685.81000000	4763.98600000	4760.64400000	4729.93600000	4726.55800000	4732.36960000	4729.52320000
2794247491.63879585	4725.51600000	4727.29200000	4735.00800000	4731.36000000	4697.94800000	4695.36400000	4722.53000000	4718.70000000	4749.99200000	4744.65600000	4726.19880000	4723.47440000
2795250836.12040138	4733.00800000	4725.34000000	4737.40200000	4741.27600000	4711.93400000	4715.46600000	4755.28200000	4752.38000000	4704.53200000	4700.22200000	4728.43160000	4726.93680000
2796254180.60200691	4774.46600000	4774.85200000	4720.29800000	4713.48400000	4708.36600000	4712.68600000	4708.79200000	4701.67600000	4702.18200000	4695.95000000	4722.82080000	4719.72960000
2797257525.08361197	4743.72200000	4740.35200000	4706.17800000	4705.47600000	4688.36000000	4679.52600000	4757.50600000	4749.80000000	4729.45800000	4728.71200000	4725.04480000	4720.77320000
2798260869.56521749	4746.09000000	4739.35600000	4739.19600000	4740.41000000	4719.33200000	4718.63600000	4750.08800000	4736.53600000	4744.85200000	4737.57400000	4739.91160000	4734.50240000
2799264214.04682255	4766.71600000	4759.56800000	4757.41200000	4753.08800000	4708.19000000	4705.16000000	4751.19000000	4748.59200000	4688.63600000	4691.19400000	4734.42880000	4731.52040000
2800267558.52842808	4772.06000000	4770.47200000	4759.64800000	4760.02000000	4730.44400000	4723.01400000	4727.85000000	4723.56800000	4713.54600000	4710.06800000	4740.70960000	4737.42840000
2801270903.01003361	4738.31000000	4737.75400000	4717.73600000	4713.88800000	4693.27600000	4689.77800000	4756.07600000	4761.31800000	4730.86600000	4728.79000000	4727.25280000	4726.30560000
2802274247.49163866	4758.74400000	4760.72800000	4747.28000000	4747.19600000	4714.85600000	4710.42400000	4673.87600000	4670.91600000	4707.87000000	4708.02800000	4720.52520000	4719.45840000
2803277591.97324419	4753.81600000	4752.74400000	4710.92000000	4709.49000000	4698.44200000	4697.97400000	4758.88200000	4755.88400000	4714.97600000	4713.98000000	4727.40720000	4726.01440000
2804280936.45484972	4777.84400000	4767.45200000	4758.08000000	4753.27200000	4723.03600000	4710.88200000	4725.49200000	4725.34400000	4709.89400000	4702.65800000	4738.86920000	4731.92160000
2805284280.93645477	4770.90600000	4764.89800000	4727.63000000	4720.77200000	4709.13600000	4707.73000000	4705.01400000	4698.71400000	4711.58600000	4711.10800000	4724.85440000	4720.64440000
2806287625.41806030	4767.43600000	4766.12400000	4775.20400000	4769.24000000	4708.90800000	4708.78400000	4721.07600000	4714.15200000	4726.52800000	4720.05200000	4739.83040000	4735.67040000
2807290969.89966536	4774.80000000	4774.23400000	4727.78400000	4714.88000000	4744.11200000	4743.50600000	4710.46200000	4709.02600000	4724.07600000	4723.04800000	4736.24680000	4732.93880000
2808294314.38127089	4792.76800000	4783.04200000	4748.25600000	4741.46200000	4712.20000000	4707.67400000	4696.24000000	4690.29400000	4724.44600000	4722.27600000	4734.78200000	4728.94960000
2809297658.86287642	4779.94000000	4775.75400000	4742.96200000	4738.98400000	4722.45400000	4719.52200000	4680.52600000	4675.12400000	4718.65400000	4713.38800000	4728.90720000	4724.55440000
2810301003.34448147	4740.63200000	4737.47600000	4741.47200000	4735.87400000	4715.57800000	4713.00400000	4737.05400000	4736.75600000	4746.85200000	4742.48400000	4736.31760000	4733.11880000
2811304347.82608700	4738.27600000	4728.98400000	4760.43400000	4756.32400000	4741.26400000	4738.39200000	4756.48200000	4746.40400000	4727.43200000	4727.31400000	4744.77760000	4739.48360000
2812307692.30769253	4745.80600000	4738.27600000	4744.04000000	4745.53200000	4712.00200000	4707.00600000	4736.02800000	4730.37600000	4746.03400000	4739.89000000	4736.78200000	4732.21600000
2813311036.78929758	4788.19200000	4781.21000000	4748.65000000	4741.72400000	4719.23600000	4715.24000000	4690.37000000	4690.28400000	4732.95200000	4721.26600000	4735.88000000	4729.94480000
2814314381.27090311	4774.21600000	4771.48800000	4732.74400000	4728.20600000	4711.19800000	4704.16200000	4704.06000000	4698.62600000	4702.04800000	4703.21000000	4724.85320000	4721.13840000
2815317725.75250816	4736.11200000	4739.36400000	4718.86600000	4712.68800000	4703.92000000	4695.33000000	4764.01200000	4758.25600000	4725.59200000	4713.51200000	4729.70040000	4723.83000000
2816321070.23411369	4731.95000000	4729.27800000	4732.12400000	4720.41800000	4711.59200000	4711.28200000	4748.27400000	4751.21600000	4713.31600000	4715.72400000	4727.45120000	4725.58360000
2817324414.71571922	4744.93400000	4740.93400000	4733.71800000	4730.13800000	4700.41800000	4692.21200000	4765.29200000	4762.88800000	4732.42800000	4724.82800000	4735.35800000	4730.20000000
2818327759.19732428	4774.70200000	4780.56000000	4763.86400000	4759.55800000	4723.71200000	4727.85200000	4706.09200000	4702.64600000	4721.20400000	4720.12600000	4737.91480000	4738.14840000
2819331103.67892981	4760.14200000	4765.94200000	4738.33600000	4745.17800000	4708.21400000	4705.61000000	4751.31000000	4752.29800000	4715.94600000	4715.28400000	4734.78960000	4736.86240000
2820334448.16053534	4734.58400000	4733.05600000	4730.11000000	4728.01600000	4690.22200000	4685.04400000	4758.85000000	4756.48400000	4725.19200000	4720.70200000	4727.79160000	4724.66040000
2821337792.64214039	4746.35200000	4742.54000000	4755.39200000	4751.81800000	4727.54400000	4721.41600000	4749.23200000	4745.11800000	4739.31600000	4730.92800000	4743.56720000	4738.36400000
2822341137.12374592	4767.68800000	4774.24200000	4742.47600000	4744.60200000	4714.42000000	4715.01800000	4674.07800000	4671.78000000	4711.36200000	4715.41600000	4722.00480000	4724.21160000
2823344481.60535097	4759.12800000	4764.81000000	4774.31800000	4773.92400000	4724.47800000	4718.47200000	4711.40400000	4708.24200000	4703.49800000	4707.13600000	4734.56520000	4734.51680000
2824347826.08695650	4724.94000000	4723.09800000	4736.94000000	4745.99800000	4726.40000000	4726.33200000	4749.56200000	4748.66000000	4718.70600000	4721.47200000	4731.30960000	4733.11200000
2825351170.56856203	4745.03400000	4747.02200000	4737.53800000	4742.82800000	4703.39600000	4702.34200000	4733.79600000	4735.87800000	4698.08000000	4699.16800000	4723.56880000	4725.44760000
2826354515.05016708	4723.55800000	4727.13000000	4728.34200000	4730.86000000	4698.43200000	4709.44000000	4747.33400000	4761.15600000	4707.92800000	4719.27800000	4721.11880000	4729.57280000
2827357859.53177261	4736.99800000	4744.01800000	4744.90400000	4751.70000000	4718.64200000	4726.53600000	4745.01200000	4749.67800000	4731.02400000	4733.98000000	4735.31600000	4741.18240000
2828361204.01337814	4735.20600000	4740.30200000	4716.93200000	4729.14600000	4676.61400000	4681.19000000	4740.87200000	4753.56400000	4718.82800000	4729.84800000	4717.69040000	4726.81000000
2829364548.49498320	4759.73000000	4772.91400000	4699.28400000	4714.60800000	4707.81600000	4716.12400000	4684.56600000	4696.33800000	4676.61200000	4691.53800000	4705.60160000	4718.30440000
2830367892.97658873	4752.71600000	4772.02400000	4700.60000000	4714.48600000	4693.24400000	4707.70200000	4687.37200000	4706.74600000	4674.93600000	4698.89400000	4701.77360000	4719.97040000
2831371237.45819378	4712.58800000	4734.77000000	4726.38200000	4752.53600000	4718.26800000	4738.91400000	4726.47400000	4751.99800000	4697.06000000	4726.19800000	4716.15440000	4740.88320000
2832374581.93979931	4727.72200000	4760.76000000	4720.30000000	4753.89600000	4699.72400000	4733.80800000	4668.31600000	4699.34800000	4679.19000000	4715.56000000	4699.05040000	4732.67440000
2833377926.42140484	4708.35400000	4754.12000000	4690.64400000	4732.76800000	4661.47400000	4707.37000000	4701.74600000	4752.72200000	4672.55800000	4718.02800000	4686.95520000	4733.00160000
2834381270.90300989	4673.76600000	4729.47000000	4681.25800000	4736.31800000	4640.14400000	4693.26000000	4671.69800000	4722.03200000	4692.36600000	4740.24200000	4671.84640000	4724.26440000
2835384615.38461542	4722.90400000	4779.55000000	4681.88400000	4734.93800000	4648.06600000	4706.39800000	4622.28400000	4687.88400000	4668.23600000	4729.91400000	4668.67480000	4727.73680000
2836387959.86622095	4675.80600000	4737.17200000	4631.99600000	4705.08600000	4616.79400000	4688.19200000	4683.68200000	4754.41400000	4652.96000000	4724.93000000	4652.24760000	4721.95880000
2837391304.34782600	4667.81400000	4743.88600000	4627.90600000	4706.32000000	4609.63000000	4689.72000000	4663.23800000	4747.79200000	4637.41000000	4724.35200000	4641.19960000	4722.41400000
2838394648.82943153	4675.90400000	4749.89800000	4618.80600000	4697.79200000	4617.13400000	4696.42000000	4663.76600000	4741.86200000	4640.22000000	4729.10400000	4643.16600000	4723.01520000
2839397993.31103659	4677.24200000	4759.08200000	4654.37600000	4735.97200000	4619.91800000	4709.04000000	4580.95000000	4668.17200000	4619.17400000	4707.94400000	4630.33200000	4716.04200000
2840401337.79264212	4647.30000000	4715.95600000	4656.60200000	4729.49800000	4629.93400000	4705.98400000	4672.30200000	4752.93400000	4625.57000000	4707.45200000	4646.34160000	4722.36480000
2841404682.27424765	4704.85400000	4779.93600000	4690.11400000	4766.97400000	4649.69200000	4725.25200000	4632.14600000	4702.17400000	4644.03000000	4717.11000000	4664.16720000	4738.28920000
2842408026.75585270	4691.33600000	4757.38400000	4675.98000000	4736.99200000	4635.81600000	4701.42200000	4675.07200000	4741.93200000	4653.66000000	4721.32000000	4666.37280000	4731.81000000
2843411371.23745823	4704.19400000	4763.83200000	4674.16000000	4736.72400000	4636.82200000	4693.27400000	4693.26400000	4754.89200000	4671.85600000	4723.50600000	4676.05920000	4734.44560000
2844414715.71906376	4729.82000000	4771.94800000	4678.33400000	4726.48800000	4659.17800000	4698.48800000	4710.51400000	4753.35200000	4677.30200000	4722.85200000	4691.02960000	4734.62560000
2845418060.20066881	4695.74000000	4727.88200000	4684.50800000	4722.31800000	4652.88400000	4691.91400000	4724.70200000	4757.22800000	4691.73400000	4726.91800000	4689.91360000	4725.25200000
2846421404.68227434	4738.82200000	4773.89200000	4696.47200000	4725.84800000	4709.15400000	4745.27600000	4670.37800000	4703.12200000	4684.65400000	4719.67400000	4699.89600000	4733.56240000
2847424749.16387939	4719.66200000	4749.69800000	4721.21800000	4750.01400000	4670.41000000	4706.79400000	4701.82600000	4737.22400000	4671.13600000	4699.84200000	4696.85040000	4728.71440000
2848428093.64548492	4709.12000000	4742.49000000	4668.90000000	4703.70000000	4654.05400000	4685.08000000	4722.82000000	4756.89400000	4687.53000000	4722.39000000	4688.48480000	4722.11080000
2849431438.12709045	4726.74000000	4763.07600000	4718.37000000	4748.60000000	4667.21200000	4699.32800000	4713.67800000	4746.53200000	4656.99600000	4694.28400000	4696.59920000	4730.36400000
2850434782.60869551	4692.28200000	4730.47200000	4711.98200000	4749.61600000	4679.69800000	4723.92600000	4705.49400000	4748.29400000	4676.02800000	4713.77600000	4693.09680000	4733.21680000
2851438127.09030104	4729.25200000	4773.72600000	4711.85200000	4761.68000000	4676.50600000	4722.28000000	4651.32200000	4696.76800000	4665.64400000	4718.19000000	4686.91520000	4734.52880000
2852441471.57190657	4726.51600000	4773.12000000	4712.91800000	4768.05800000	4646.63200000	4698.26400000	4652.82000000	4706.98200000	4664.91400000	4716.60200000	4680.76000000	4732.60520000
2853444816.05351162	4666.31800000	4728.43600000	4661.60800000	4724.89800000	4642.63600000	4700.87400000	4646.77800000	4710.51000000	4670.80400000	4733.45000000	4657.62880000	4719.63360000
2854448160.53511715	4706.19200000	4769.01600000	4678.69600000	4743.47200000	4642.69400000	4711.95600000	4602.39800000	4667.01000000	4643.36400000	4712.49400000	4654.66880000	4720.78960000
2855451505.01672220	4677.51800000	4753.30000000	4673.00400000	4749.13200000	4639.45800000	4705.52000000	4664.80000000	4733.57000000	4635.86800000	4707.91000000	4658.12960000	4729.88640000
2856454849.49832773	4687.38200000	4760.34800000	4698.46400000	4769.60600000	4639.27800000	4714.17400000	4633.01600000	4714.40600000	4622.39600000	4706.87000000	4656.10720000	4733.08080000
2857458193.97993326	4706.12800000	4770.37600000	4675.84600000	4747.89600000	4644.50000000	4712.35400000	4604.76600000	4674.66400000	4645.26200000	4715.78600000	4655.30040000	4724.21520000
2858461538.46153831	4696.89400000	4762.45000000	4701.07400000	4768.00800000	4663.09600000	4724.09800000	4645.36000000	4709.94600000	4647.20400000	4713.91800000	4670.72560000	4735.68400000
2859464882.94314384	4722.91600000	4784.20800000	4677.62200000	4737.38800000	4648.50800000	4703.38000000	4635.57600000	4685.53400000	4665.64800000	4729.07400000	4670.05400000	4727.91680000
2860468227.42474937	4717.29600000	4768.25000000	4712.79400000	4759.55000000	4642.13400000	4693.82400000	4695.89200000	4747.56800000	4633.70200000	4691.79800000	4680.36360000	4732.19800000
2861471571.90635443	4724.49400000	4766.02600000	4702.46400000	4734.04200000	4665.75600000	4706.29800000	4714.61800000	4752.58200000	4679.51800000	4714.29000000	4697.37000000	4734.64760000
2862474916.38795996	4743.67600000	4767.51200000	4741.91800000	4766.66000000	4674.90800000	4704.48600000	4719.92000000	4743.84800000	4667.76800000	4695.21200000	4709.63800000	4735.54360000
2863478260.86956501	4743.00400000	4771.61400000	4698.91600000	4726.62600000	4695.41600000	4715.85200000	4673.59600000	4692.35000000	4689.45600000	4710.09600000	4700.07760000	4723.30760000
2864481605.35117054	4736.58600000	4748.74200000	4692.06000000	4709.21400000	4683.78400000	4700.44600000	4748.93400000	4761.33000000	4699.14800000	4712.05000000	4712.10240000	4726.35640000
2865484949.83277607	4760.99600000	4765.24200000	4747.35000000	4761.33000000	4690.53000000	4698.85200000	4739.49600000	4745.54800000	4679.84000000	4696.52400000	4723.64240000	4733.49920000
2866488294.31438112	4765.45000000	4766.74000000	4763.13000000	4773.27400000	4705.69400000	4712.96400000	4697.83400000	4704.18200000	4710.25200000	4721.19200000	4728.47200000	4735.67040000
2867491638.79598665	4764.16200000	4764.76000000	4727.20200000	4743.04600000	4694.70800000	4707.50600000	4679.41800000	4681.49400000	4694.55400000	4694.06200000	4712.00880000	4718.17360000
2868494983.27759218	4766.24600000	4771.93400000	4723.44400000	4725.67200000	4724.02400000	4727.67200000	4695.80200000	4702.81800000	4711.09200000	4715.86000000	4724.12160000	4728.79120000
2869498327.75919724	4767.41800000	4772.64600000	4726.90800000	4726.50000000	4721.03200000	4722.43400000	4697.55400000	4697.12600000	4714.62200000	4719.73800000	4725.50680000	4727.68880000
2870501672.24080276	4760.29400000	4752.11200000	4748.22400000	4749.05400000	4698.40200000	4705.33000000	4734.24600000	4737.95400000	4691.41000000	4694.85000000	4726.51520000	4727.86000000
2871505016.72240782	4746.86800000	4746.33000000	4707.50200000	4712.74400000	4698.80000000	4702.02600000	4752.77800000	4755.45400000	4708.90000000	4717.45600000	4722.96960000	4726.80200000
2872508361.20401335	4746.10400000	4751.46600000	4706.31600000	4703.33400000	4698.50400000	4699.30200000	4756.46800000	4757.45000000	4718.85600000	4716.17200000	4725.24960000	4725.54480000
2873511705.68561888	4767.78600000	4768.77400000	4748.63400000	4746.29000000	4706.57400000	4704.04200000	4755.04800000	4748.95800000	4719.22200000	4720.54000000	4739.45280000	4737.72080000
2874515050.16722393	4736.26600000	4742.43200000	4724.12800000	4726.98800000	4682.51600000	4688.84000000	4758.02200000	4755.14800000	4729.43800000	4732.07400000	4726.07400000	4729.09640000
2875518394.64882946	4756.39600000	4757.84000000	4750.18400000	4751.71400000	4694.49400000	4704.52200000	4739.69200000	4745.33400000	4718.56800000	4720.56200000	4731.86680000	4735.99440000
2876521739.13043499	4767.08600000	4773.86400000	4710.31000000	4716.02800000	4725.66200000	4731.26000000	4703.31000000	4705.39800000	4708.62000000	4716.36800000	4722.99760000	4728.58360000
2877525083.61204004	4765.58400000	4774.99600000	4755.20200000	4764.14000000	4707.72400000	4718.94000000	4700.31200000	4709.56800000	4709.01600000	4714.79800000	4727.56760000	4736.48840000
2878528428.09364557	4726.55800000	4735.27400000	4702.19000000	4710.20200000	4685.45400000	4699.78600000	4742.79400000	4756.76600000	4702.57200000	4723.93400000	4711.91360000	4725.19240000
2879531772.57525063	4746.14000000	4760.23800000	4703.90800000	4725.36600000	4674.69000000	4693.82400000	4730.13400000	4752.93000000	4711.03800000	4728.62600000	4713.18200000	4732.19680000
2880535117.05685616	4720.54200000	4749.89000000	4701.57000000	4723.53800000	4658.70600000	4691.26400000	4731.58600000	4751.49200000	4699.97800000	4724.15800000	4702.47640000	4728.06840000
2881538461.53846169	4735.75400000	4768.59400000	4708.71800000	4746.80600000	4677.25600000	4704.63000000	4638.88800000	4675.41800000	4666.80400000	4704.50200000	4685.48400000	4719.99000000
2882541806.02006674	4723.91400000	4768.84400000	4700.14800000	4744.45000000	4652.88600000	4702.12600000	4692.67800000	4746.21000000	4670.78200000	4717.57400000	4688.08160000	4735.84080000
2883545150.50167227	4692.06600000	4752.40400000	4644.85400000	4705.18600000	4632.48000000	4689.96600000	4689.11400000	4756.43000000	4659.19200000	4717.36200000	4663.54120000	4724.26960000
2884548494.98327780	4699.77600000	4764.26600000	4705.17400000	4774.50800000	4641.02000000	4710.42200000	4649.42000000	4719.67000000	4639.53400000	4700.44600000	4666.98480000	4733.86240000
2885551839.46488285	4695.64000000	4772.21400000	4681.20400000	4744.33400000	4633.84200000	4702.36600000	4674.22800000	4749.52800000	4651.68000000	4725.02600000	4667.31880000	4738.69360000
2886555183.94648838	4703.40400000	4769.43200000	4674.10200000	4745.10000000	4641.99000000	4709.99200000	4600.32600000	4668.12600000	4635.90000000	4710.97600000	4651.14440000	4720.72520000
2887558528.42809343	4709.66400000	4785.51400000	4665.54200000	4731.69000000	4652.84200000	4719.85200000	4602.16800000	4671.82200000	4651.31600000	4719.91800000	4656.30640000	4725.75920000
2888561872.90969896	4696.03200000	4752.88400000	4667.08000000	4728.47400000	4623.27400000	4685.06400000	4685.59000000	4751.88000000	4658.07400000	4726.44800000	4666.01000000	4728.95000000
2889565217.39130449	4698.66400000	4752.99400000	4646.21400000	4702.13800000	4633.03800000	4693.08600000	4685.69200000	4744.92200000	4659.01200000	4718.50400000	4664.52400000	4722.32880000
2890568561.87290955	4717.64200000	4772.04800000	4685.84800000	4739.35600000	4647.94400000	4705.18200000	4701.05000000	4749.95800000	4676.00600000	4725.41400000	4685.69800000	4738.39160000
2891571906.35451508	4702.17200000	4754.74000000	4654.21800000	4704.11400000	4648.25200000	4697.05400000	4694.81000000	4748.06400000	4679.94600000	4730.94000000	4675.87960000	4726.98240000
2892575250.83612061	4710.67600000	4743.64400000	4705.91800000	4745.48200000	4683.78200000	4719.32000000	4704.30200000	4738.95800000	4671.79000000	4706.74600000	4695.29360000	4730.83000000
2893578595.31772566	4707.58800000	4731.48200000	4727.25400000	4754.97000000	4713.84200000	4741.18000000	4714.20000000	4739.14800000	4698.06000000	4724.62200000	4712.18880000	4738.28040000
2894581939.79933119	4697.95200000	4725.68400000	4702.16800000	4731.09600000	4672.12400000	4705.28000000	4693.70400000	4722.41800000	4708.05800000	4738.91200000	4694.80120000	4724.67800000
2895585284.28093624	4742.67000000	4767.52400000	4733.15200000	4756.57600000	4673.60400000	4702.58000000	4722.79800000	4746.11400000	4659.96800000	4691.41600000	4706.43840000	4732.84200000
2896588628.76254177	4711.43800000	4742.30400000	4709.27800000	4737.79200000	4692.94800000	4710.63400000	4705.28400000	4736.90600000	4677.67600000	4702.71000000	4699.32480000	4726.06920000
2897591973.24414730	4720.13600000	4751.44000000	4667.83600000	4709.22400000	4665.11600000	4700.36800000	4713.97200000	4748.65200000	4681.76400000	4716.17800000	4689.76480000	4725.17240000
2898595317.72575235	4728.89600000	4777.59400000	4691.56800000	4733.36800000	4662.52400000	4704.10600000	4631.48800000	4677.74800000	4652.75000000	4695.48000000	4673.44520000	4717.65920000
2899598662.20735788	4708.57200000	4767.70800000	4675.69000000	4729.35400000	4686.38200000	4739.09000000	4645.97400000	4695.48600000	4659.56000000	4716.71400000	4675.23560000	4729.67040000
2900602006.68896341	4686.36400000	4753.67000000	4661.79800000	4728.92400000	4622.68200000	4679.79000000	4692.18800000	4753.44600000	4661.20800000	4727.18200000	4664.84800000	4728.60240000
2901605351.17056847	4663.78600000	4736.25000000	4686.50800000	4755.27000000	4652.77600000	4722.48600000	4677.88200000	4751.81600000	4648.38400000	4721.12000000	4665.86720000	4737.38840000
2902608695.65217400	4699.40200000	4770.75400000	4669.02200000	4739.36000000	4636.32000000	4714.98000000	4603.85800000	4672.92000000	4634.53400000	4713.92400000	4648.62720000	4722.38760000
2903612040.13377905	4688.18400000	4757.12000000	4663.54600000	4735.25200000	4634.43200000	4706.47600000	4677.61800000	4750.30600000	4637.16600000	4720.01600000	4660.18920000	4733.83400000
2904615384.61538458	4652.94200000	4725.99800000	4656.70800000	4727.97400000	4632.77000000	4700.62600000	4646.39600000	4718.46600000	4662.46800000	4729.94400000	4650.25680000	4720.60160000
2905618729.09699011	4711.04000000	4765.73600000	4664.71400000	4720.91800000	4661.58800000	4724.26800000	4636.41400000	4699.35400000	4646.70600000	4712.22600000	4664.09240000	4724.50040000
2906622073.57859516	4723.78600000	4773.64200000	4712.64800000	4757.83200000	4666.16800000	4716.91400000	4669.15800000	4723.27800000	4656.32000000	4707.44200000	4685.61600000	4735.82160000
2907625418.06020069	4737.77800000	4779.03800000	4711.75600000	4750.22400000	4681.05800000	4724.20800000	4678.41000000	4720.13400000	4661.57800000	4703.25800000	4694.11600000	4735.37240000
2908628762.54180622	4696.42200000	4732.64600000	4716.14600000	4751.97600000	4703.76200000	4739.56800000	4707.89400000	4748.77800000	4691.55400000	4734.29000000	4703.15560000	4741.45160000
2909632107.02341127	4724.89200000	4750.24400000	4698.50800000	4725.00800000	4661.17400000	4687.00800000	4723.63600000	4750.10600000	4693.73800000	4724.41200000	4700.38960000	4727.35560000
2910635451.50501680	4758.34200000	4766.24400000	4703.74600000	4720.18600000	4700.87400000	4718.06200000	4676.85200000	4692.83800000	4682.27000000	4701.88400000	4704.41680000	4719.84280000
2911638795.98662186	4738.87600000	4754.47400000	4699.08600000	4709.24000000	4684.66200000	4694.82000000	4742.95400000	4759.03400000	4699.12600000	4709.46800000	4712.94080000	4725.40720000
2912642140.46822739	4764.46800000	4771.28000000	4716.42800000	4730.02000000	4740.57400000	4747.18200000	4696.28600000	4702.11800000	4713.97600000	4722.46600000	4726.34640000	4734.61320000
2913645484.94983292	4775.71600000	4781.41200000	4765.34000000	4759.44600000	4718.27800000	4726.08000000	4699.51200000	4704.47800000	4713.26200000	4718.18000000	4734.42160000	4737.91920000
2914648829.43143797	4735.69800000	4740.96400000	4709.39200000	4717.74400000	4680.52000000	4686.50200000	4746.95200000	4752.59600000	4719.38800000	4727.17200000	4718.39000000	4724.99560000
2915652173.91304350	4749.18400000	4747.89000000	4730.66600000	4732.66200000	4706.78200000	4710.10800000	4749.59400000	4755.41000000	4709.09200000	4716.49200000	4729.06360000	4732.51240000
2916655518.39464903	4750.39400000	4748.73800000	4749.89400000	4750.89600000	4718.21800000	4715.61200000	4742.73800000	4741.62600000	4710.56800000	4707.01600000	4734.36240000	4732.77760000
2917658862.87625408	4771.47600000	4768.43600000	4764.52800000	4765.20200000	4721.79200000	4713.61600000	4706.06200000	4706.39800000	4722.99800000	4718.34200000	4737.37120000	4734.39880000
2918662207.35785961	4757.74000000	4758.31800000	4750.39800000	4753.93800000	4706.73800000	4704.05200000	4747.89200000	4743.51800000	4690.40400000	4694.14200000	4730.63440000	4730.79360000
2919665551.83946514	4753.16200000	4750.92600000	4748.69600000	4741.19800000	4719.31000000	4714.54400000	4739.77200000	4743.78800000	4712.15400000	4705.51600000	4734.61880000	4731.19440000
2920668896.32107019	4772.98000000	4768.39600000	4725.43600000	4717.91400000	4744.62000000	4733.59000000	4715.32600000	4708.21000000	4711.73000000	4712.16200000	4734.01840000	4728.05440000
2921672240.80267572	4772.26000000	4771.99800000	4726.28400000	4723.25400000	4715.70600000	4713.64200000	4686.55200000	4684.95000000	4705.11600000	4705.83200000	4721.18360000	4719.93520000
2922675585.28428078	4754.40600000	4749.19200000	4735.66000000	4733.16800000	4714.47800000	4711.95400000	4749.50200000	4751.12400000	4712.83000000	4710.08000000	4733.37520000	4731.10360000
2923678929.76588631	4756.48600000	4750.49800000	4717.27800000	4715.89000000	4700.19000000	4698.03200000	4759.98200000	4757.04400000	4715.58200000	4712.16400000	4729.90360000	4726.72560000
2924682274.24749184	4772.62800000	4775.22800000	4732.70600000	4731.98800000	4753.78200000	4747.51400000	4702.00000000	4701.56400000	4728.37000000	4724.43400000	4737.89720000	4736.14560000
2925685618.72909689	4763.61400000	4763.11600000	4770.43400000	4768.99000000	4720.02000000	4717.17000000	4712.37800000	4710.66600000	4709.76600000	4704.59600000	4735.24240000	4732.90760000
2926688963.21070242	4724.64000000	4726.11800000	4728.22400000	4732.90200000	4696.24800000	4697.61800000	4723.58200000	4721.71800000	4747.16400000	4747.47200000	4723.97160000	4725.16560000
2927692307.69230747	4731.63400000	4724.89200000	4745.36600000	4739.97200000	4724.06800000	4715.62600000	4752.17400000	4747.48000000	4709.02200000	4705.19000000	4732.45280000	4726.63200000
2928695652.17391300	4788.82600000	4786.84400000	4744.51000000	4746.10600000	4711.55600000	4710.77400000	4681.23400000	4679.65200000	4729.15000000	4724.27800000	4731.05520000	4729.53080000
2929698996.65551853	4783.00800000	4778.39200000	4760.23600000	4758.51600000	4723.72200000	4726.94600000	4726.24800000	4724.06000000	4712.41200000	4705.93000000	4741.12520000	4738.76880000
2930702341.13712358	4754.08200000	4751.73200000	4707.50800000	4705.26600000	4700.82400000	4696.86800000	4753.34800000	4746.36400000	4726.10600000	4721.92800000	4728.37360000	4724.43160000
2931705685.61872911	4781.47000000	4776.50800000	4772.65400000	4765.92200000	4721.24800000	4722.28800000	4717.24200000	4718.14000000	4721.27600000	4717.45200000	4742.77800000	4740.06200000
2932709030.10033464	4743.07600000	4741.15800000	4759.28800000	4758.67800000	4753.07800000	4750.15400000	4753.62800000	4747.88800000	4741.82600000	4732.27200000	4750.17920000	4746.03000000
2933712374.58193970	4771.73400000	4763.10200000	4763.87000000	4760.46800000	4738.80600000	4729.56600000	4708.44000000	4702.42000000	4717.29600000	4710.72000000	4740.02920000	4733.25520000
2934715719.06354523	4775.19400000	4773.44000000	4732.27600000	4722.95400000	4701.22000000	4701.69800000	4760.77800000	4752.44800000	4725.59000000	4717.08200000	4739.01160000	4733.52440000
2935719063.54515076	4739.35800000	4733.61000000	4765.33000000	4757.97400000	4742.30000000	4733.96000000	4750.30400000	4739.01000000	4731.56000000	4731.29200000	4745.77040000	4739.16920000
2936722408.02675581	4778.53000000	4773.38800000	4766.38600000	4764.10600000	4726.23600000	4719.51600000	4722.01600000	4711.67000000	4712.85000000	4709.94400000	4741.20360000	4735.72480000
2937725752.50836134	4780.67200000	4771.30400000	4766.85800000	4753.13400000	4716.90400000	4712.41600000	4733.21400000	4728.81400000	4705.86200000	4697.91000000	4740.70200000	4732.71560000
2938729096.98996639	4739.34000000	4729.60000000	4761.40200000	4757.80000000	4745.11800000	4740.57400000	4749.28400000	4740.47000000	4737.28600000	4730.06400000	4746.48600000	4739.70160000
2939732441.47157192	4776.79400000	4767.20200000	4721.05400000	4720.70600000	4717.85600000	4717.82800000	4708.24800000	4704.12600000	4704.59200000	4698.82800000	4725.70880000	4721.73800000
2940735785.95317745	4739.72400000	4739.80800000	4760.69000000	4757.05000000	4744.87800000	4735.78400000	4764.99600000	4756.07200000	4725.27800000	4718.82200000	4747.11320000	4741.50720000
2941739130.43478251	4775.90200000	4772.66000000	4767.17600000	4765.94800000	4726.92400000	4713.12200000	4725.76200000	4713.79000000	4712.66200000	4706.37000000	4741.68520000	4734.37800000
2942742474.91638803	4781.52200000	4777.02400000	4747.02000000	4734.98800000	4714.85800000	4703.33800000	4680.63200000	4671.61000000	4715.56600000	4704.54200000	4727.91960000	4718.30040000
2943745819.39799309	4750.72000000	4740.79200000	4749.03600000	4748.05400000	4747.46200000	4742.11600000	4757.46800000	4752.58400000	4741.92200000	4737.34000000	4749.32160000	4744.17720000
2944749163.87959862	4751.47800000	4744.71600000	4759.86200000	4755.02600000	4739.20000000	4731.22600000	4760.13200000	4755.40600000	4731.86200000	4725.20400000	4748.50680000	4742.31560000
2945752508.36120415	4781.03200000	4782.03600000	4743.57200000	4741.91000000	4725.29400000	4722.97400000	4680.69000000	4675.91800000	4727.20600000	4720.38600000	4731.55880000	4728.64480000
2946755852.84280920	4761.13000000	4751.82000000	4713.71400000	4711.97200000	4711.56000000	4702.18200000	4761.84200000	4758.71000000	4720.40800000	4719.25000000	4733.73080000	4728.78680000
2947759197.32441473	4776.73600000	4774.85200000	4733.00600000	4726.95200000	4707.02800000	4701.38800000	4756.31800000	4752.57400000	4732.69600000	4727.61800000	4741.15680000	4736.67680000
2948762541.80602026	4765.12200000	4758.09400000	4756.75400000	4755.47600000	4698.80800000	4697.68800000	4748.23800000	4742.07800000	4735.67200000	4728.00000000	4740.91880000	4736.26720000
2949765886.28762531	4724.94200000	4718.43800000	4732.45200000	4734.22600000	4705.16200000	4695.49800000	4722.14000000	4715.94400000	4739.60600000	4738.42000000	4724.86040000	4720.50520000
2950769230.76923084	4772.02800000	4770.25800000	4733.19000000	4724.34400000	4712.75400000	4707.59200000	4696.52400000	4692.83000000	4712.88200000	4704.20000000	4725.47560000	4719.84480000
2951772575.25083637	4779.66800000	4773.95800000	4735.29000000	4732.58000000	4701.60000000	4698.42200000	4761.51800000	4757.34400000	4729.06400000	4722.83800000	4741.42800000	4737.02840000
2952775919.73244143	4794.82600000	4784.22800000	4746.57600000	4734.46600000	4727.11200000	4716.55800000	4682.99200000	4681.58400000	4728.48200000	4716.00800000	4735.99760000	4726.56880000
2953779264.21404696	4777.01000000	4768.42200000	4742.49400000	4739.41200000	4716.41000000	4711.33800000	4680.28400000	4679.31800000	4715.27000000	4706.68400000	4726.29360000	4721.03480000
2954782608.69565201	4772.02200000	4759.34800000	4761.32400000	4754.99800000	4738.86600000	4733.61800000	4704.54000000	4705.56800000	4722.91400000	4720.69000000	4739.93320000	4734.84440000
2955785953.17725754	4768.13800000	4762.53200000	4761.78200000	4752.97800000	4738.72800000	4734.73600000	4710.52200000	4707.07200000	4720.25200000	4718.57000000	4739.88440000	4735.17760000
2956789297.65886307	4775.43400000	4766.49000000	4719.35600000	4717.94200000	4720.04000000	4716.30800000	4706.71800000	4697.38200000	4708.42400000	4700.45600000	4725.99440000	4719.71560000
2957792642.14046812	4774.30800000	4770.10200000	4745.44800000	4736.05000000	4712.84000000	4706.06800000	4687.32400000	4675.68800000	4703.91400000	4699.97000000	4724.76680000	4717.57560000
2958795986.62207365	4766.86800000	4758.37400000	4730.19200000	4721.55400000	4760.49000000	4750.35400000	4710.68600000	4705.65200000	4732.50600000	4727.99600000	4740.14840000	4732.78600000
2959799331.10367870	4777.92000000	4766.40600000	4769.81800000	4763.81600000	4732.32600000	4730.09200000	4707.60800000	4705.59600000	4714.15200000	4707.81800000	4740.36480000	4734.74560000
2960802675.58528423	4786.52800000	4782.54200000	4745.34200000	4739.42200000	4729.49200000	4718.11800000	4687.82000000	4683.70600000	4730.28600000	4721.94600000	4735.89360000	4729.14680000
2961806020.06688976	4768.13000000	4761.08000000	4775.13600000	4769.73000000	4724.88000000	4711.16400000	4716.86000000	4710.17600000	4723.43600000	4716.26800000	4741.68840000	4733.68360000
2962809364.54849482	4768.11000000	4762.18200000	4753.13800000	4746.49800000	4710.07400000	4703.15200000	4745.97600000	4740.23000000	4727.16600000	4723.73800000	4740.89280000	4735.16000000
2963812709.03010035	4777.72200000	4769.94800000	4766.37800000	4760.87600000	4717.26800000	4713.23200000	4744.08000000	4737.80400000	4705.51400000	4699.61800000	4742.19240000	4736.29560000
2964816053.51170588	4777.32000000	4767.34600000	4720.92000000	4720.44600000	4725.88000000	4715.51800000	4714.16800000	4700.99400000	4700.06400000	4699.87000000	4727.67040000	4720.83480000
2965819397.99331093	4775.51000000	4771.15400000	4771.91200000	4765.66000000	4709.89400000	4702.83000000	4748.38400000	4741.22800000	4696.07200000	4695.69200000	4740.35440000	4735.31280000
2966822742.47491646	4788.07800000	4780.88000000	4756.25600000	4751.87200000	4710.02200000	4703.35200000	4700.49400000	4688.84400000	4728.64000000	4720.05600000	4736.69800000	4729.00080000
2967826086.95652199	4733.27600000	4727.83000000	4748.36400000	4733.04200000	4727.18400000	4723.73200000	4751.39600000	4745.53200000	4717.66400000	4715.89600000	4735.57680000	4729.20640000
2968829431.43812704	4738.89400000	4738.70400000	4743.86600000	4732.81400000	4703.76000000	4697.00800000	4736.57400000	4731.39200000	4754.29800000	4742.08800000	4735.47840000	4728.40120000
2969832775.91973257	4773.81600000	4773.18400000	4761.68000000	4758.54600000	4723.19000000	4717.65000000	4732.53600000	4726.97600000	4718.37800000	4713.89600000	4741.92000000	4738.05040000
2970836120.40133762	4721.04400000	4721.01400000	4736.83200000	4733.51400000	4716.76600000	4710.19400000	4755.99400000	4756.12200000	4708.76200000	4704.38600000	4727.87960000	4725.04600000
2971839464.88294315	4783.41800000	4779.27000000	4758.08800000	4756.33400000	4720.93000000	4714.07000000	4709.73200000	4708.19000000	4720.08200000	4711.38800000	4738.45000000	4733.85040000
2972842809.36454868	4772.60200000	4768.21600000	4765.30000000	4763.19400000	4724.86600000	4714.35800000	4735.10000000	4733.01400000	4707.40800000	4700.12000000	4741.05520000	4735.78040000
2973846153.84615374	4744.99800000	4734.85800000	4743.42200000	4736.06200000	4700.94400000	4691.29400000	4741.85400000	4738.50000000	4745.44000000	4740.09200000	4735.33160000	4728.16120000
2974849498.32775927	4741.70800000	4737.54000000	4755.40600000	4746.55600000	4753.20400000	4748.75600000	4748.26000000	4749.68800000	4741.72200000	4731.68600000	4748.06000000	4742.84520000
2975852842.80936432	4779.34800000	4769.50600000	4732.46600000	4727.94200000	4714.30800000	4712.14000000	4677.30600000	4672.55000000	4710.37200000	4707.19400000	4722.76000000	4717.86640000
2976856187.29096985	4769.44200000	4770.56000000	4763.99600000	4759.82200000	4712.52000000	4705.11200000	4745.13800000	4741.10600000	4705.74600000	4703.09000000	4739.36840000	4735.93800000
2977859531.77257538	4729.30400000	4730.11400000	4747.84600000	4748.48800000	4723.54800000	4716.70400000	4752.78400000	4745.48400000	4720.89400000	4714.01000000	4734.87520000	4730.96000000
2978862876.25418043	4740.04200000	4735.59400000	4761.44200000	4752.78400000	4751.76000000	4744.86800000	4751.59800000	4744.93200000	4733.54600000	4727.26200000	4747.67760000	4741.08800000
2979866220.73578596	4770.58600000	4760.28800000	4773.70000000	4766.22400000	4727.32000000	4721.12600000	4714.46200000	4708.44800000	4713.41000000	4704.02800000	4739.89560000	4732.02280000
2980869565.21739149	4777.23200000	4771.23400000	4736.59400000	4736.69800000	4714.40600000	4707.50200000	4688.25400000	4680.00200000	4713.66200000	4704.48200000	4726.02960000	4719.98360000
2981872909.69899654	4775.91000000	4770.62800000	4772.54000000	4760.54600000	4733.97800000	4732.68600000	4704.58800000	4699.38200000	4722.62000000	4713.74800000	4741.92720000	4735.39800000
2982876254.18060207	4739.66000000	4738.67400000	4733.87800000	4722.92200000	4702.62400000	4694.97800000	4764.56600000	4756.03200000	4733.30400000	4730.86200000	4734.80640000	4728.69360000
2983879598.66220760	4736.51800000	4730.82800000	4727.96000000	4718.34000000	4696.74000000	4693.95600000	4774.88200000	4767.69200000	4724.98400000	4715.87600000	4732.21680000	4725.33840000
2984882943.14381266	4746.90400000	4733.66600000	4742.95600000	4738.55400000	4705.49600000	4700.56600000	4740.88400000	4731.13400000	4749.10600000	4738.79800000	4737.06920000	4728.54360000
2985886287.62541819	4740.10800000	4731.75000000	4722.99600000	4714.10800000	4696.41000000	4690.32200000	4762.87600000	4754.34200000	4729.92600000	4728.30800000	4730.46320000	4723.76600000
2986889632.10702324	4783.50600000	4772.88600000	4731.12000000	4726.55200000	4729.42200000	4724.84800000	4702.42200000	4691.15400000	4719.37600000	4717.32200000	4733.16920000	4726.55240000
2987892976.58862877	4738.76200000	4736.51400000	4749.76600000	4748.11000000	4744.05600000	4739.40000000	4757.94400000	4748.47800000	4738.92000000	4732.91800000	4745.88960000	4741.08400000
2988896321.07023430	4775.91000000	4771.82400000	4730.83400000	4720.31800000	4717.16000000	4712.04000000	4703.65600000	4697.54600000	4715.44400000	4709.46600000	4728.60080000	4722.23880000
2989899665.55183935	4759.05400000	4752.40000000	4705.07400000	4700.94600000	4704.41200000	4693.07200000	4755.04600000	4752.49800000	4725.95000000	4719.73000000	4729.90720000	4723.72920000
2990903010.03344488	4783.48000000	4772.89200000	4745.80600000	4744.06400000	4726.28600000	4721.48400000	4682.50600000	4675.83800000	4719.36800000	4719.60800000	4731.48920000	4726.77720000
2991906354.51504993	4767.23000000	4760.22200000	4751.46600000	4742.62800000	4704.76800000	4699.44800000	4753.20000000	4746.02000000	4703.01600000	4695.99200000	4735.93600000	4728.86200000
2992909698.99665546	4774.57600000	4769.04200000	4726.18200000	4719.63000000	4737.74400000	4739.51000000	4704.86600000	4700.04200000	4718.31200000	4713.09400000	4732.33600000	4728.26360000
2993913043.47826099	4790.69800000	4784.90800000	4768.60600000	4764.43200000	4725.81000000	4722.85200000	4708.89800000	4705.78800000	4722.42800000	4719.94600000	4743.28800000	4739.58520000
2994916387.95986605	4781.14800000	4776.41600000	4761.74200000	4756.20200000	4718.59200000	4708.75000000	4738.58800000	4736.72400000	4706.85600000	4698.78000000	4741.38520000	4735.37440000
2995919732.44147158	4784.25200000	4774.81800000	4730.87600000	4723.69400000	4716.43600000	4710.76600000	4684.22200000	4679.01400000	4710.91400000	4707.44800000	4725.34000000	4719.14800000
2996923076.92307711	4726.52400000	4717.12400000	4740.55800000	4730.99600000	4702.10800000	4702.07200000	4716.98800000	4716.47000000	4742.63600000	4732.85600000	4725.76280000	4719.90360000
2997926421.40468216	4779.18200000	4769.83000000	4730.80400000	4718.00400000	4741.49000000	4738.68400000	4713.34800000	4705.37000000	4728.23800000	4715.64400000	4738.61240000	4729.50640000
2998929765.88628769	4782.29400000	4773.48000000	4770.85800000	4755.46800000	4728.74800000	4720.14600000	4711.13600000	4707.60800000	4711.98000000	4701.03200000	4741.00320000	4731.54680000
2999933110.36789322	4772.71000000	4780.77400000	4773.39400000	4767.67800000	4704.54200000	4700.52000000	4711.06600000	4707.43600000	4724.61000000	4715.87400000	4737.26440000	4734.45640000
3000936454.84949827	4774.99400000	4773.51400000	4776.52200000	4771.32400000	4710.41800000	4702.02800000	4707.55600000	4704.81600000	4721.06000000	4716.00000000	4738.11000000	4733.53640000
3001939799.33110380	4762.46200000	4757.38400000	4743.87400000	4739.36600000	4705.98800000	4704.65400000	4748.45000000	4745.25600000	4726.14200000	4717.21400000	4737.38320000	4732.77480000
3002943143.81270885	4728.42800000	4729.48400000	4726.28000000	4721.45400000	4710.95600000	4701.61000000	4771.12000000	4759.45800000	4718.17000000	4710.23200000	4730.99080000	4724.44760000
3003946488.29431438	4768.19600000	4771.77400000	4756.36600000	4756.10400000	4700.58200000	4696.77000000	4750.21800000	4745.70800000	4703.87000000	4694.13400000	4735.84640000	4732.89800000
3004949832.77591991	4744.98000000	4736.68400000	4760.59400000	4755.10400000	4746.01000000	4743.50200000	4761.17000000	4755.51200000	4738.95200000	4728.14000000	4750.34120000	4743.78840000
3005953177.25752497	4777.92200000	4768.70200000	4764.80600000	4756.13800000	4715.40800000	4709.57200000	4726.36000000	4722.59400000	4712.51000000	4707.84600000	4739.40120000	4732.97040000
3006956521.73913050	4770.56000000	4768.30000000	4756.59000000	4752.07800000	4736.35200000	4735.26200000	4706.95800000	4700.22200000	4721.52000000	4713.50000000	4738.39600000	4733.87240000
3007959866.22073555	4743.26800000	4737.19200000	4725.40800000	4717.99200000	4701.62000000	4690.58000000	4761.71000000	4755.05200000	4730.64400000	4725.12200000	4732.53000000	4725.18760000
3008963210.70234108	4774.70400000	4763.24400000	4767.16600000	4763.30600000	4740.04800000	4734.53800000	4703.86600000	4694.05400000	4724.39200000	4717.67400000	4742.03520000	4734.56320000
3009966555.18394661	4778.08200000	4772.68200000	4764.87200000	4763.14000000	4714.62600000	4710.28600000	4746.90600000	4736.18400000	4698.72600000	4689.20000000	4740.64240000	4734.29840000
3010969899.66555166	4743.51600000	4738.83400000	4747.88800000	4742.70600000	4721.78400000	4717.99200000	4743.98600000	4735.61000000	4744.11200000	4745.37000000	4740.25720000	4736.10240000
3011973244.14715719	4779.67800000	4765.81200000	4768.18400000	4764.39000000	4738.86000000	4726.05400000	4715.83200000	4710.32400000	4723.39200000	4714.98800000	4745.18920000	4736.31360000
3012976588.62876272	4775.25600000	4769.33600000	4778.68000000	4763.75200000	4716.90000000	4711.04200000	4705.17000000	4704.41200000	4721.31200000	4718.20800000	4739.46360000	4733.35000000
3013979933.11036777	4768.81600000	4764.47800000	4757.16200000	4749.92000000	4709.20000000	4701.05400000	4750.12600000	4746.34800000	4697.78800000	4689.10600000	4736.61840000	4730.18120000
3014983277.59197330	4780.61400000	4775.92200000	4758.14400000	4750.40400000	4717.71800000	4713.22800000	4728.82800000	4724.02600000	4711.09800000	4700.80200000	4739.28040000	4732.87640000
3015986622.07357883	4740.96200000	4730.25200000	4739.14600000	4738.12200000	4711.70600000	4710.34600000	4733.83800000	4732.83400000	4747.14800000	4738.33400000	4734.56000000	4729.97760000
3016989966.55518389	4781.46600000	4777.40800000	4765.52400000	4757.19800000	4726.89400000	4725.70600000	4725.72200000	4717.57800000	4711.90600000	4707.72000000	4742.30240000	4737.12200000
3017993311.03678942	4738.98200000	4720.87200000	4739.77000000	4727.95600000	4706.93800000	4703.70000000	4721.17200000	4714.43800000	4742.62800000	4736.67200000	4729.89800000	4720.72760000
3018996655.51839447	4772.62800000	4773.32400000	4760.28600000	4758.07800000	4741.66400000	4732.05800000	4708.62600000	4704.07600000	4716.74800000	4715.21800000	4739.99040000	4736.55080000
3020000000.00000000	4730.94600000	4734.36400000	4762.87200000	4756.08000000	4754.93400000	4746.90400000	4754.38800000	4746.77800000	4738.28800000	4726.25400000	4748.28560000	4742.07600000
