freq	PL_sig1	PL_ref1	PL_sig2	PL_ref2	PL_sig3	PL_ref3	PL_sig4	PL_ref4	PL_sig5	PL_ref5	avgPL_sig	avgPL_ref
2720000000.00000000	4759.21200000	4750.93000000	4757.21800000	4748.86400000	4782.15000000	4780.01000000	4721.28400000	4719.72800000	4784.48600000	4781.80600000	4760.87000000	4756.26760000
2721003344.48160553	4742.67000000	4734.48200000	4793.06400000	4784.47400000	4767.74400000	4762.54600000	4735.35600000	4732.20800000	4765.95400000	4760.86600000	4760.95760000	4754.91520000
2722006688.96321058	4773.74000000	4772.68600000	4784.87200000	4777.92200000	4750.94600000	4749.66800000	4724.28400000	4719.81800000	4766.20600000	4761.45200000	4760.00960000	4756.30920000
2723010033.44481611	4761.82200000	4758.43000000	4771.40200000	4769.17200000	4771.37600000	4761.47000000	4726.29600000	4715.94800000	4781.67000000	4780.72000000	4762.51320000	4757.14800000
2724013377.92642164	4776.37200000	4770.16200000	4769.30800000	4761.28600000	4768.63200000	4765.63200000	4708.44800000	4701.68800000	4745.97200000	4737.94400000	4753.74640000	4747.34240000
2725016722.40802670	4767.42800000	4759.84200000	4765.55400000	4757.23200000	4769.49200000	4764.72600000	4713.94200000	4709.69400000	4747.67200000	4743.10000000	4752.81760000	4746.91880000
2726020066.88963223	4776.83000000	4775.27800000	4775.75000000	4772.40000000	4759.40600000	4756.05000000	4733.52000000	4723.26400000	4786.09000000	4777.81600000	4766.31920000	4760.96160000
2727023411.37123728	4768.62000000	4760.88400000	4763.23400000	4758.19800000	4777.09800000	4768.96800000	4728.74200000	4724.11000000	4757.28000000	4750.58400000	4758.99480000	4752.54880000
2728026755.85284281	4790.67600000	4785.39000000	4785.01000000	4785.54400000	4760.95200000	4752.69600000	4717.13400000	4711.28800000	4762.03800000	4755.01200000	4763.16200000	4757.98600000
2729030100.33444834	4779.41400000	4772.63600000	4769.28600000	4762.57800000	4769.22800000	4762.59000000	4715.36000000	4706.53000000	4749.41000000	4745.98200000	4756.53960000	4750.06320000
2730033444.81605339	4796.56000000	4791.95400000	4800.64400000	4799.20200000	4758.34600000	4747.81200000	4713.61400000	4707.56800000	4746.26000000	4734.00000000	4763.08480000	4756.10720000
2731036789.29765892	4750.86000000	4743.46200000	4788.68000000	4785.16000000	4766.07600000	4758.14800000	4770.91000000	4761.70400000	4742.27600000	4733.09400000	4763.76040000	4756.31360000
2732040133.77926445	4776.14800000	4764.71200000	4776.49400000	4771.56600000	4751.77000000	4747.78000000	4745.22200000	4743.41400000	4764.67800000	4757.93600000	4762.86240000	4757.08160000
2733043478.26086950	4751.00600000	4746.46600000	4783.17400000	4778.54400000	4774.77000000	4765.70000000	4751.11800000	4743.96400000	4760.08800000	4755.88600000	4764.03120000	4758.11200000
2734046822.74247503	4729.06800000	4727.91600000	4781.96400000	4776.79200000	4758.87200000	4756.66200000	4707.36000000	4697.91800000	4749.01400000	4742.98600000	4745.25560000	4740.45480000
2735050167.22408009	4805.01800000	4799.89400000	4800.53400000	4795.24400000	4778.51200000	4774.66600000	4719.57200000	4710.29400000	4691.86600000	4684.96800000	4759.10040000	4753.01320000
2736053511.70568562	4772.60600000	4774.82000000	4787.04600000	4779.59600000	4754.88600000	4750.42000000	4717.66600000	4712.36000000	4764.39000000	4763.05800000	4759.31880000	4756.05080000
2737056856.18729115	4757.05000000	4752.91600000	4763.51600000	4755.78400000	4766.63200000	4760.83200000	4710.74400000	4704.56000000	4747.64200000	4741.97400000	4749.11680000	4743.21320000
2738060200.66889620	4765.65200000	4758.36400000	4758.21400000	4753.58000000	4766.59000000	4766.10000000	4749.02800000	4748.41200000	4744.42400000	4739.64600000	4756.78160000	4753.22040000
2739063545.15050173	4754.64400000	4746.86000000	4775.89200000	4773.04000000	4772.53400000	4769.47600000	4731.49400000	4724.29800000	4765.07400000	4765.51400000	4759.92760000	4755.83760000
2740066889.63210726	4773.57800000	4764.99600000	4779.03200000	4774.35800000	4759.19400000	4751.36200000	4730.21600000	4716.86400000	4788.87800000	4778.09200000	4766.17960000	4757.13440000
2741070234.11371231	4760.90800000	4755.47200000	4760.08000000	4754.43400000	4776.44200000	4768.72000000	4718.89400000	4714.70000000	4748.40800000	4743.42800000	4752.94640000	4747.35080000
2742073578.59531784	4774.36600000	4767.12000000	4748.28000000	4737.33000000	4762.25800000	4749.73800000	4753.34400000	4754.52000000	4724.61800000	4716.14800000	4752.57320000	4744.97120000
2743076923.07692289	4745.81800000	4741.79200000	4772.38200000	4760.68800000	4773.33400000	4764.72000000	4703.82800000	4700.40400000	4761.03200000	4751.83400000	4751.27880000	4743.88760000
2744080267.55852842	4731.09800000	4732.30400000	4787.47400000	4779.79800000	4765.85200000	4761.55200000	4738.62000000	4729.48400000	4756.72000000	4748.73600000	4755.95280000	4750.37480000
2745083612.04013395	4748.49000000	4757.60000000	4747.77000000	4751.08000000	4778.24800000	4774.95800000	4721.16600000	4716.93600000	4770.49800000	4765.59400000	4753.23440000	4753.23360000
2746086956.52173901	4786.51000000	4777.31800000	4748.56200000	4746.73600000	4760.65000000	4753.45200000	4754.64400000	4745.44800000	4733.67800000	4727.69600000	4756.80880000	4750.13000000
2747090301.00334454	4758.66600000	4763.28000000	4760.85200000	4764.52200000	4762.43800000	4757.12800000	4718.78200000	4722.21600000	4786.14800000	4777.74000000	4757.37720000	4756.97720000
2748093645.48495007	4813.76000000	4809.29600000	4777.11400000	4775.69200000	4797.70400000	4789.97000000	4713.25400000	4717.76000000	4702.78000000	4701.35800000	4760.92240000	4758.81520000
2749096989.96655512	4757.03400000	4756.54200000	4767.88200000	4775.90000000	4746.11800000	4744.52400000	4737.19000000	4731.26400000	4752.53000000	4748.35200000	4752.15080000	4751.31640000
2750100334.44816065	4817.66800000	4812.33800000	4779.78000000	4776.21600000	4791.27600000	4788.13400000	4708.30200000	4701.18400000	4711.08800000	4700.49400000	4761.62280000	4755.67320000
2751103678.92976570	4772.00600000	4763.29800000	4785.23800000	4775.80400000	4758.09800000	4751.95600000	4739.75800000	4732.25800000	4774.39600000	4762.78200000	4765.89920000	4757.21960000
2752107023.41137123	4803.03400000	4799.82800000	4799.95600000	4800.13000000	4775.15400000	4767.25200000	4723.41000000	4716.58400000	4691.09200000	4689.57000000	4758.52920000	4754.67280000
2753110367.89297676	4785.69600000	4778.89600000	4746.64000000	4740.25000000	4769.30200000	4767.17600000	4750.80200000	4737.03200000	4719.38400000	4717.23400000	4754.36480000	4748.11760000
2754113712.37458181	4768.22400000	4767.66400000	4753.12200000	4751.63800000	4759.25800000	4749.33000000	4761.89400000	4749.05400000	4735.38600000	4727.88000000	4755.57680000	4749.11320000
2755117056.85618734	4774.87400000	4765.93400000	4750.61800000	4743.68600000	4774.91400000	4767.89000000	4697.67600000	4689.23200000	4721.51800000	4712.78200000	4743.92000000	4735.90480000
2756120401.33779287	4818.31200000	4807.21600000	4787.34800000	4775.35000000	4790.69400000	4782.94600000	4725.15000000	4722.18400000	4717.46000000	4709.81800000	4767.79280000	4759.50280000
2757123745.81939793	4804.63600000	4795.38600000	4797.18400000	4793.53800000	4759.35200000	4750.09000000	4711.18400000	4704.45800000	4749.80600000	4741.29800000	4764.43240000	4756.95400000
2758127090.30100346	4816.91800000	4807.69400000	4790.02600000	4782.60400000	4773.60000000	4771.86600000	4713.90000000	4705.18800000	4713.60600000	4708.78200000	4761.61000000	4755.22680000
2759130434.78260851	4733.90200000	4729.85000000	4790.16800000	4782.71200000	4762.66000000	4758.60400000	4697.45600000	4686.67400000	4761.47400000	4757.74000000	4749.13200000	4743.11600000
2760133779.26421404	4798.60200000	4793.31600000	4774.33000000	4766.01200000	4766.83200000	4764.13400000	4776.70200000	4769.60600000	4723.61800000	4721.81000000	4768.01680000	4762.97560000
2761137123.74581957	4738.28400000	4732.23800000	4785.60000000	4783.13000000	4763.13800000	4752.98000000	4696.41800000	4686.57000000	4769.60800000	4756.62600000	4750.60960000	4742.30880000
2762140468.22742462	4816.81400000	4815.80800000	4798.10000000	4797.80800000	4766.54800000	4763.09800000	4712.49000000	4706.80000000	4712.30000000	4707.91800000	4761.25040000	4758.28640000
2763143812.70903015	4746.49000000	4737.01800000	4773.60400000	4769.94400000	4757.84400000	4753.90800000	4698.57600000	4692.02400000	4765.92600000	4754.54600000	4748.48800000	4741.48800000
2764147157.19063568	4776.60000000	4771.72600000	4794.42400000	4783.18600000	4753.66000000	4746.67000000	4723.38400000	4717.55200000	4763.43200000	4761.40600000	4762.30000000	4756.10800000
2765150501.67224073	4737.21600000	4731.20800000	4781.88600000	4776.35200000	4759.18800000	4756.99400000	4699.22800000	4692.49800000	4760.64000000	4757.03800000	4747.63160000	4742.81800000
2766153846.15384626	4816.75800000	4812.24600000	4772.11800000	4764.28000000	4799.27800000	4801.48000000	4697.75400000	4701.39800000	4708.18400000	4703.73000000	4758.81840000	4756.62680000
2767157190.63545132	4772.49400000	4764.68800000	4755.25000000	4745.85000000	4752.66200000	4743.14400000	4754.32800000	4750.78000000	4726.86000000	4718.40600000	4752.31880000	4744.57360000
2768160535.11705685	4782.05800000	4772.83800000	4751.45200000	4743.73200000	4768.75800000	4764.29000000	4694.74000000	4686.00800000	4723.31200000	4717.65200000	4744.06400000	4736.90400000
2769163879.59866238	4780.97800000	4768.00000000	4789.12800000	4789.10200000	4752.18000000	4742.60000000	4721.25400000	4719.13800000	4761.31600000	4758.68000000	4760.97120000	4755.50400000
2770167224.08026743	4815.97400000	4813.38800000	4775.62600000	4771.84800000	4800.28000000	4794.99600000	4708.30600000	4704.23600000	4708.02200000	4705.75200000	4761.64160000	4758.04400000
2771170568.56187296	4755.93200000	4744.77800000	4766.47000000	4760.65400000	4767.84600000	4763.30200000	4702.11600000	4693.87800000	4751.00800000	4749.27000000	4748.67440000	4742.37640000
2772173913.04347849	4742.47800000	4730.98800000	4780.99800000	4785.74200000	4753.81200000	4754.10200000	4751.91600000	4743.28000000	4733.35800000	4728.66800000	4752.51240000	4748.55600000
2773177257.52508354	4733.99400000	4723.67600000	4783.16600000	4775.20200000	4766.10400000	4762.95200000	4700.79800000	4701.82400000	4755.36400000	4748.19600000	4747.88520000	4742.37000000
2774180602.00668907	4771.36400000	4768.93600000	4774.50200000	4771.51600000	4759.82200000	4761.06200000	4746.33600000	4742.86800000	4763.42800000	4755.98000000	4763.09040000	4760.07240000
2775183946.48829412	4774.30200000	4768.84600000	4774.67000000	4776.32200000	4756.17200000	4748.60600000	4732.25800000	4722.30800000	4786.28600000	4776.70200000	4764.73760000	4758.55680000
2776187290.96989965	4768.24400000	4766.29800000	4751.20800000	4746.97600000	4777.91800000	4769.05200000	4690.51600000	4684.56400000	4729.50400000	4720.43600000	4743.47800000	4737.46520000
2777190635.45150518	4776.11600000	4763.86600000	4754.03400000	4750.69000000	4777.57800000	4769.49000000	4691.29200000	4690.56000000	4731.10600000	4723.39200000	4746.02520000	4739.59960000
2778193979.93311024	4797.96200000	4788.11400000	4797.14800000	4793.85400000	4756.69800000	4750.42000000	4712.55000000	4707.91400000	4761.25200000	4755.39200000	4765.12200000	4759.13880000
2779197324.41471577	4749.89000000	4746.61200000	4794.48800000	4783.85200000	4765.23800000	4761.92200000	4746.61600000	4746.14800000	4765.75200000	4757.45800000	4764.39680000	4759.19840000
2780200668.89632130	4743.21400000	4738.68200000	4762.75800000	4754.35200000	4745.98800000	4749.35400000	4698.48400000	4693.83000000	4747.74200000	4741.63000000	4739.63720000	4735.56960000
2781204013.37792635	4767.36400000	4765.25800000	4786.17200000	4780.70200000	4765.01000000	4759.81800000	4737.81400000	4731.50200000	4764.92000000	4766.61000000	4764.25600000	4760.77800000
2782207357.85953188	4762.37000000	4761.97800000	4754.01000000	4749.95600000	4782.84200000	4777.97400000	4692.07600000	4687.15800000	4733.36000000	4726.01000000	4744.93160000	4740.61520000
2783210702.34113693	4794.98400000	4790.08000000	4771.30600000	4768.48800000	4769.08400000	4764.49200000	4775.02200000	4772.87200000	4723.03200000	4718.72200000	4766.68560000	4762.93080000
2784214046.82274246	4757.82000000	4750.37200000	4760.72600000	4759.98200000	4765.86200000	4765.23800000	4709.25600000	4703.51800000	4751.47400000	4743.29800000	4749.02760000	4744.48160000
2785217391.30434799	4817.32400000	4820.08200000	4778.21200000	4774.06400000	4760.74000000	4761.38000000	4710.88000000	4709.68600000	4713.59000000	4704.52200000	4756.14920000	4753.94680000
2786220735.78595304	4746.13600000	4744.51800000	4764.80800000	4761.32600000	4740.90400000	4742.64200000	4722.58400000	4722.33000000	4766.50200000	4759.02000000	4748.18680000	4745.96720000
2787224080.26755857	4789.79000000	4785.82800000	4752.66200000	4750.04200000	4767.53600000	4762.30200000	4764.52000000	4756.96800000	4706.94000000	4707.49800000	4756.28960000	4752.52760000
2788227424.74916410	4792.07200000	4789.18200000	4793.50000000	4792.28600000	4758.62200000	4756.65800000	4704.62600000	4702.09200000	4749.97800000	4743.12600000	4759.75960000	4756.66880000
2789230769.23076916	4800.98800000	4798.72200000	4750.84800000	4745.06400000	4796.57000000	4787.94800000	4702.20200000	4702.50400000	4711.79000000	4709.72400000	4752.47960000	4748.79240000
2790234113.71237469	4801.72600000	4791.21800000	4788.50400000	4782.78000000	4738.28600000	4734.85200000	4705.40000000	4696.18600000	4755.00800000	4748.64600000	4757.78480000	4750.73640000
2791237458.19397974	4766.77800000	4760.30400000	4781.53400000	4776.70400000	4756.92800000	4753.67200000	4743.46000000	4738.25400000	4763.97600000	4756.70000000	4762.53520000	4757.12680000
2792240802.67558527	4737.08200000	4724.39600000	4786.83000000	4779.75800000	4753.62800000	4749.50200000	4751.38800000	4742.85600000	4733.96400000	4731.62400000	4752.57840000	4745.62720000
2793244147.15719080	4788.79800000	4788.61600000	4769.46200000	4762.02000000	4753.88200000	4751.96200000	4764.50800000	4759.70600000	4723.81800000	4719.45000000	4760.09360000	4756.35080000
2794247491.63879585	4751.33200000	4761.81000000	4759.41400000	4758.69800000	4780.83800000	4772.88200000	4709.80600000	4708.78000000	4785.32000000	4783.01400000	4757.34200000	4757.03680000
2795250836.12040138	4813.41200000	4809.28800000	4776.93800000	4774.89200000	4789.53200000	4785.77600000	4726.84200000	4724.41200000	4712.37200000	4708.37800000	4763.81920000	4760.54920000
2796254180.60200691	4818.59000000	4814.19400000	4799.91800000	4793.40800000	4767.27200000	4761.33600000	4710.28200000	4708.12600000	4706.98000000	4705.57600000	4760.60840000	4756.52800000
2797257525.08361197	4761.54400000	4759.96000000	4760.66000000	4762.19000000	4762.76200000	4761.95400000	4723.10200000	4717.22000000	4751.39600000	4744.90200000	4751.89280000	4749.24520000
2798260869.56521749	4769.71800000	4761.49600000	4756.49800000	4746.38400000	4776.78800000	4767.31800000	4727.82200000	4717.79000000	4748.88400000	4746.56600000	4755.94200000	4747.91080000
2799264214.04682255	4749.02600000	4751.65000000	4761.72400000	4759.75400000	4771.48400000	4768.62600000	4706.24000000	4705.45600000	4750.21200000	4751.22800000	4747.73720000	4747.34280000
2800267558.52842808	4822.03400000	4811.96800000	4774.81800000	4771.45200000	4787.67400000	4781.34400000	4727.48800000	4719.17600000	4707.83200000	4707.07200000	4763.96920000	4758.20240000
2801270903.01003361	4773.83000000	4765.03800000	4753.56800000	4751.35600000	4765.09200000	4758.70200000	4756.20200000	4751.49800000	4741.98800000	4737.39400000	4758.13600000	4752.79760000
2802274247.49163866	4757.19400000	4749.35800000	4775.52000000	4767.93800000	4765.36600000	4766.54400000	4729.96000000	4719.53800000	4761.94600000	4759.69800000	4757.99720000	4752.61520000
2803277591.97324419	4812.90000000	4803.90600000	4765.72200000	4757.61000000	4803.25200000	4793.83800000	4707.97200000	4702.92000000	4707.71600000	4705.72800000	4759.51240000	4752.80040000
2804280936.45484972	4765.60200000	4764.71800000	4752.82600000	4747.74200000	4780.69600000	4774.59800000	4700.33600000	4692.69800000	4721.28400000	4716.69400000	4744.14880000	4739.29000000
2805284280.93645477	4822.91400000	4816.64000000	4779.73600000	4768.47200000	4791.57000000	4788.05600000	4708.08600000	4695.96000000	4705.56600000	4697.67800000	4761.57440000	4753.36120000
2806287625.41806030	4811.44800000	4809.99000000	4807.61400000	4794.65400000	4770.49200000	4769.18000000	4718.93400000	4719.54400000	4705.86000000	4697.37400000	4762.86960000	4758.14840000
2807290969.89966536	4744.71400000	4747.03000000	4753.41200000	4751.24200000	4773.29400000	4772.63000000	4715.06600000	4713.64800000	4778.09800000	4776.46400000	4752.91680000	4752.20280000
2808294314.38127089	4808.61400000	4805.71000000	4803.45400000	4792.74000000	4776.31400000	4770.05200000	4720.05200000	4716.81800000	4687.82000000	4687.47800000	4759.25080000	4754.55960000
2809297658.86287642	4748.61000000	4752.30800000	4757.33200000	4758.04000000	4778.44000000	4778.00000000	4712.83000000	4712.19000000	4782.48800000	4774.65200000	4755.94000000	4755.03800000
2810301003.34448147	4752.47400000	4743.84000000	4775.84800000	4770.23600000	4772.94600000	4769.49000000	4735.38200000	4733.47600000	4758.28000000	4751.76600000	4758.98600000	4753.76160000
2811304347.82608700	4739.46600000	4733.16000000	4778.88000000	4779.49600000	4762.54200000	4757.01000000	4683.79200000	4686.95800000	4756.27400000	4750.25800000	4744.19080000	4741.37640000
2812307692.30769253	4772.17000000	4766.41000000	4765.65200000	4762.01400000	4762.05000000	4761.50200000	4741.03600000	4742.51400000	4759.37200000	4762.04400000	4760.05600000	4758.89680000
2813311036.78929758	4735.73800000	4737.22600000	4787.93600000	4772.08400000	4757.33000000	4751.48400000	4697.15000000	4695.76600000	4758.59400000	4757.33000000	4747.34960000	4742.77800000
2814314381.27090311	4813.33400000	4806.98000000	4802.12200000	4798.47000000	4778.11800000	4771.41200000	4726.37600000	4718.78200000	4705.44200000	4703.47000000	4765.07840000	4759.82280000
2815317725.75250816	4796.54600000	4792.43200000	4776.82400000	4768.09200000	4719.02000000	4712.29800000	4693.39600000	4694.29800000	4758.69600000	4762.01800000	4748.89640000	4745.82760000
2816321070.23411369	4731.90600000	4736.79200000	4777.28800000	4769.28800000	4761.51200000	4759.70400000	4702.27200000	4696.24600000	4761.94200000	4751.98600000	4746.98400000	4742.80320000
2817324414.71571922	4763.37800000	4758.90200000	4753.32000000	4744.76600000	4772.22400000	4770.35400000	4682.03400000	4691.15000000	4727.39200000	4726.49600000	4739.66960000	4738.33360000
2818327759.19732428	4766.54200000	4762.40200000	4760.07600000	4759.58000000	4774.81800000	4775.04600000	4715.59000000	4713.08000000	4763.09400000	4748.23400000	4756.02400000	4751.66840000
2819331103.67892981	4714.70400000	4711.02200000	4764.93200000	4766.16400000	4743.97800000	4746.59200000	4716.47600000	4709.49200000	4755.35400000	4749.09200000	4739.08880000	4736.47240000
2820334448.16053534	4803.95200000	4798.11400000	4775.16200000	4775.25600000	4719.92400000	4720.91400000	4696.38800000	4691.50400000	4754.24600000	4757.70400000	4749.93440000	4748.69840000
2821337792.64214039	4814.53800000	4814.54800000	4799.20800000	4805.84400000	4767.31400000	4762.78000000	4709.33200000	4711.85600000	4703.75400000	4703.88400000	4758.82920000	4759.78240000
2822341137.12374592	4813.91000000	4810.87200000	4773.07800000	4770.98000000	4784.34800000	4786.91400000	4737.45800000	4727.51600000	4708.51400000	4702.92400000	4763.46160000	4759.84120000
2823344481.60535097	4806.36200000	4804.84800000	4759.73400000	4749.94800000	4795.03000000	4791.49400000	4706.19600000	4701.20600000	4711.77800000	4713.56200000	4755.82000000	4752.21160000
2824347826.08695650	4790.61400000	4787.45400000	4791.01800000	4787.86600000	4755.65000000	4756.79000000	4711.95200000	4709.83800000	4759.45400000	4755.25200000	4761.73760000	4759.44000000
2825351170.56856203	4732.83200000	4739.73400000	4750.46400000	4750.48600000	4741.46600000	4746.53600000	4693.34600000	4696.63800000	4747.89600000	4754.50400000	4733.20080000	4737.57960000
2826354515.05016708	4738.86400000	4744.64800000	4756.78800000	4757.90800000	4742.37000000	4742.05000000	4689.98800000	4689.13600000	4746.19800000	4750.87000000	4734.84160000	4736.92240000
2827357859.53177261	4812.91000000	4814.98200000	4770.72200000	4769.66800000	4788.62000000	4791.87200000	4694.34400000	4696.51200000	4694.08800000	4701.34200000	4752.13680000	4754.87520000
2828361204.01337814	4741.38200000	4737.52200000	4757.20800000	4758.11600000	4760.49000000	4763.26200000	4696.83400000	4696.21000000	4752.74200000	4752.61600000	4741.73120000	4741.54520000
2829364548.49498320	4761.14000000	4768.84200000	4770.92000000	4776.44000000	4747.78600000	4756.09400000	4721.50200000	4729.10800000	4771.17800000	4771.25400000	4754.50520000	4760.34760000
2830367892.97658873	4758.82800000	4761.42600000	4762.44600000	4768.27400000	4750.91600000	4764.95200000	4699.38200000	4708.24400000	4738.76800000	4746.37800000	4742.06800000	4749.85480000
2831371237.45819378	4720.61400000	4727.44600000	4771.69400000	4780.28200000	4746.72000000	4759.89800000	4721.69600000	4730.63400000	4734.02400000	4742.35200000	4738.94960000	4748.12240000
2832374581.93979931	4715.84600000	4727.26800000	4763.60800000	4777.77600000	4748.60600000	4758.12000000	4681.58800000	4693.77000000	4734.12400000	4747.46200000	4728.75440000	4740.87920000
2833377926.42140484	4743.03600000	4756.79600000	4741.86400000	4759.42400000	4742.45400000	4763.82600000	4725.95400000	4738.02400000	4737.92600000	4759.09600000	4738.24680000	4755.43320000
2834381270.90300989	4702.69800000	4727.86600000	4741.29600000	4766.61600000	4729.56400000	4758.90000000	4684.06800000	4709.60200000	4719.51800000	4750.14200000	4715.42880000	4742.62520000
2835384615.38461542	4744.36600000	4781.17400000	4707.46400000	4746.30000000	4746.36400000	4779.97800000	4658.65000000	4692.05000000	4688.07400000	4719.76000000	4708.98360000	4743.85240000
2836387959.86622095	4754.06000000	4793.24200000	4730.78600000	4775.63600000	4672.32600000	4718.31000000	4638.44600000	4684.89800000	4705.82800000	4757.25400000	4700.28920000	4745.86800000
2837391304.34782600	4694.67000000	4746.80200000	4714.89600000	4772.80600000	4687.50200000	4741.07400000	4662.55000000	4722.51200000	4693.73600000	4751.53600000	4690.67080000	4746.94600000
2838394648.82943153	4680.90800000	4744.07600000	4714.52600000	4782.62800000	4706.43000000	4766.89000000	4670.70000000	4738.90000000	4680.82800000	4751.46400000	4690.67840000	4756.79160000
2839397993.31103659	4666.28200000	4746.24000000	4674.59600000	4762.49600000	4682.14800000	4763.46200000	4618.55200000	4697.28600000	4668.47200000	4738.88800000	4662.01000000	4741.67440000
2840401337.79264212	4690.48800000	4776.06600000	4658.24000000	4743.58800000	4673.29400000	4762.27000000	4660.52600000	4748.81800000	4631.38000000	4721.95200000	4662.78560000	4750.53880000
2841404682.27424765	4665.27000000	4760.28800000	4653.48600000	4752.44800000	4663.21000000	4764.32200000	4641.11000000	4738.77000000	4649.35600000	4748.98800000	4654.48640000	4752.96320000
2842408026.75585270	4675.61400000	4768.74800000	4671.98200000	4768.33800000	4659.19600000	4751.96200000	4650.25200000	4741.85000000	4664.03600000	4761.97000000	4664.21600000	4758.57360000
2843411371.23745823	4663.53400000	4749.43400000	4661.02000000	4752.38000000	4677.05200000	4769.42200000	4618.72600000	4709.62200000	4670.96600000	4767.77000000	4658.25960000	4749.72560000
2844414715.71906376	4674.35800000	4761.59600000	4682.65000000	4776.98000000	4660.82200000	4756.90200000	4631.60200000	4725.09000000	4667.99400000	4760.90600000	4663.48520000	4756.29480000
2845418060.20066881	4662.86800000	4756.17800000	4660.67400000	4757.36600000	4668.66400000	4767.01600000	4623.52200000	4721.18600000	4663.69400000	4760.72200000	4655.88440000	4752.49360000
2846421404.68227434	4669.14200000	4753.79200000	4664.40800000	4755.63200000	4683.90800000	4773.71000000	4625.51400000	4714.67000000	4682.76800000	4774.95400000	4665.14800000	4754.55160000
2847424749.16387939	4728.81000000	4810.48000000	4719.52800000	4806.28600000	4677.89000000	4765.90800000	4625.11200000	4712.76200000	4619.59000000	4704.38800000	4674.18600000	4759.96480000
2848428093.64548492	4728.07800000	4808.43200000	4688.45600000	4772.14000000	4679.10000000	4775.74400000	4634.96400000	4717.07800000	4612.80000000	4696.71200000	4668.67960000	4754.02120000
2849431438.12709045	4651.51000000	4732.37800000	4666.06600000	4752.63400000	4658.54600000	4740.96400000	4615.22400000	4701.18600000	4658.20800000	4747.90200000	4649.91080000	4735.01280000
2850434782.60869551	4667.49000000	4759.74000000	4670.15400000	4759.39800000	4676.23400000	4758.68400000	4622.74000000	4717.76400000	4689.86600000	4780.46400000	4665.29680000	4755.21000000
2851438127.09030104	4710.25600000	4792.15800000	4705.25800000	4793.55200000	4653.59200000	4742.25200000	4609.97800000	4699.69400000	4652.70800000	4739.89800000	4666.35840000	4753.51080000
2852441471.57190657	4671.81800000	4743.69000000	4673.89000000	4753.76600000	4696.09600000	4774.15600000	4639.41600000	4717.37600000	4692.99800000	4776.26800000	4674.84360000	4753.05120000
2853444816.05351162	4696.26400000	4760.17200000	4709.24200000	4772.71000000	4684.64200000	4755.62400000	4690.93200000	4765.96600000	4654.31400000	4722.68600000	4687.07880000	4755.43160000
2854448160.53511715	4674.27400000	4734.83000000	4721.72800000	4777.20800000	4701.36000000	4763.16600000	4632.38600000	4689.48000000	4695.46200000	4745.26200000	4685.04200000	4741.98920000
2855451505.01672220	4759.32200000	4809.43400000	4714.26000000	4764.38200000	4747.51400000	4793.20200000	4650.60400000	4700.43200000	4649.30400000	4707.07000000	4704.20080000	4754.90400000
2856454849.49832773	4770.78600000	4801.31200000	4747.05800000	4780.59000000	4690.01600000	4727.48000000	4656.65000000	4684.01800000	4718.62800000	4747.10000000	4716.62760000	4748.10000000
2857458193.97993326	4712.04800000	4735.62200000	4757.12200000	4780.87600000	4721.07000000	4743.66600000	4733.44200000	4757.05600000	4702.10200000	4725.66800000	4725.15680000	4748.57760000
2858461538.46153831	4758.52000000	4775.42400000	4725.87000000	4746.54000000	4743.17200000	4761.87800000	4723.85200000	4750.96600000	4697.19200000	4715.81600000	4729.72120000	4750.12480000
2859464882.94314384	4794.02000000	4808.30000000	4764.94600000	4772.47400000	4755.90200000	4767.33800000	4705.89200000	4714.95800000	4696.32200000	4705.45800000	4743.41640000	4753.70560000
2860468227.42474937	4801.29000000	4813.92800000	4795.06000000	4796.65400000	4761.06200000	4765.97600000	4697.79400000	4712.08200000	4698.82600000	4707.92000000	4750.80640000	4759.31200000
2861471571.90635443	4762.66200000	4761.76600000	4743.27200000	4749.46400000	4769.45200000	4776.46400000	4691.87600000	4697.15600000	4718.64400000	4719.71000000	4737.18120000	4740.91200000
2862474916.38795996	4748.81800000	4755.78600000	4778.31200000	4783.05800000	4749.21600000	4752.54200000	4758.86400000	4759.46200000	4726.36400000	4724.32800000	4752.31480000	4755.03520000
2863478260.86956501	4786.14600000	4787.00400000	4787.52600000	4791.70400000	4745.70000000	4750.79600000	4696.01600000	4703.17600000	4752.96000000	4757.39400000	4753.66960000	4758.01480000
2864481605.35117054	4768.77200000	4765.48600000	4776.11600000	4777.96200000	4765.87800000	4769.45800000	4768.86000000	4763.88200000	4717.65400000	4714.95000000	4759.45600000	4758.34760000
2865484949.83277607	4777.68200000	4770.68000000	4760.53000000	4755.86000000	4769.23800000	4768.08200000	4693.73000000	4693.33000000	4729.78800000	4723.50200000	4746.19360000	4742.29080000
2866488294.31438112	4765.52200000	4763.09800000	4764.59600000	4761.34200000	4770.60600000	4771.25400000	4720.70000000	4721.19800000	4750.81000000	4750.96800000	4754.44680000	4753.57200000
2867491638.79598665	4799.89400000	4792.59200000	4753.11400000	4750.67000000	4764.04600000	4759.07400000	4758.75600000	4755.89000000	4711.88600000	4710.91800000	4757.53920000	4753.82880000
2868494983.27759218	4743.43800000	4741.34400000	4787.02800000	4784.17800000	4763.37600000	4761.83200000	4738.02600000	4734.44600000	4764.06800000	4755.58800000	4759.18720000	4755.47760000
2869498327.75919724	4783.15200000	4782.85600000	4776.12800000	4774.85400000	4768.09400000	4766.83000000	4775.55400000	4774.67200000	4724.00000000	4723.27400000	4765.38560000	4764.49720000
2870501672.24080276	4782.32400000	4777.19000000	4774.85600000	4774.82000000	4770.12200000	4769.82200000	4772.52400000	4768.00000000	4720.52400000	4713.76600000	4764.07000000	4760.71960000
2871505016.72240782	4750.86800000	4750.12400000	4762.68000000	4757.94400000	4774.45400000	4775.32400000	4714.64600000	4705.70400000	4769.30200000	4769.28400000	4754.39000000	4751.67600000
2872508361.20401335	4795.56600000	4797.82000000	4747.90800000	4744.01400000	4790.22400000	4793.47600000	4700.86600000	4699.76400000	4714.71800000	4719.98200000	4749.85640000	4751.01120000
2873511705.68561888	4750.34800000	4746.06600000	4787.22400000	4784.51600000	4754.70800000	4751.52200000	4765.81200000	4759.19000000	4733.85200000	4732.92800000	4758.38880000	4754.84440000
2874515050.16722393	4723.15800000	4723.02600000	4790.09600000	4793.15800000	4754.84600000	4754.25400000	4751.49600000	4743.08800000	4740.36200000	4741.63800000	4751.99160000	4751.03280000
2875518394.64882946	4804.55800000	4797.59000000	4793.32800000	4790.37000000	4772.03600000	4770.18200000	4710.92200000	4715.12600000	4691.62400000	4695.98200000	4754.49360000	4753.85000000
2876521739.13043499	4811.07600000	4810.69800000	4761.77600000	4763.19200000	4797.07400000	4792.63200000	4695.36400000	4694.47400000	4706.42800000	4707.56600000	4754.34360000	4753.71240000
2877525083.61204004	4767.92000000	4763.57400000	4774.39000000	4773.88800000	4747.37200000	4747.01400000	4747.59000000	4749.44200000	4757.42800000	4753.86200000	4758.94000000	4757.55600000
2878528428.09364557	4810.64600000	4806.75000000	4778.04400000	4778.72400000	4770.99800000	4767.19800000	4701.75200000	4698.53800000	4712.63600000	4709.49600000	4754.81520000	4752.14120000
2879531772.57525063	4784.87000000	4790.47600000	4750.60800000	4749.20800000	4756.45800000	4762.48800000	4755.45200000	4757.17800000	4713.10600000	4715.78000000	4752.09880000	4755.02600000
2880535117.05685616	4766.04400000	4765.66400000	4772.77400000	4773.09400000	4749.90600000	4751.71200000	4738.95400000	4742.47600000	4752.70800000	4753.35400000	4756.07720000	4757.26000000
2881538461.53846169	4724.90800000	4726.12000000	4787.85600000	4793.13800000	4742.05600000	4744.68000000	4744.57400000	4749.49600000	4728.89800000	4735.14600000	4745.65840000	4749.71600000
2882541806.02006674	4732.78200000	4747.27200000	4751.41400000	4765.89400000	4738.09400000	4751.41400000	4699.99800000	4710.53400000	4739.79400000	4755.31800000	4732.41640000	4746.08640000
2883545150.50167227	4734.72000000	4748.79600000	4761.01200000	4769.52400000	4755.76800000	4768.04800000	4721.35400000	4741.92400000	4746.23000000	4754.52200000	4743.81680000	4756.56280000
2884548494.98327780	4769.14400000	4786.23800000	4724.18400000	4743.17000000	4764.27000000	4779.74200000	4679.80000000	4693.53400000	4693.68600000	4713.24800000	4726.21680000	4743.18640000
2885551839.46488285	4756.51400000	4773.85200000	4758.56000000	4780.82600000	4742.01200000	4768.13400000	4752.57400000	4771.71200000	4702.67400000	4728.86000000	4742.46680000	4764.67680000
2886555183.94648838	4699.83800000	4729.75800000	4753.12200000	4781.59800000	4720.30400000	4756.38400000	4722.30000000	4758.72200000	4694.06200000	4730.99400000	4717.92520000	4751.49120000
2887558528.42809343	4683.07000000	4724.04400000	4712.86800000	4755.86400000	4696.24400000	4736.42200000	4655.39600000	4700.17600000	4713.34200000	4755.25000000	4692.18400000	4734.35120000
2888561872.90969896	4702.93200000	4756.21400000	4716.48000000	4772.53800000	4691.45400000	4751.77600000	4676.51400000	4735.81400000	4700.47200000	4767.60600000	4697.57040000	4756.78960000
2889565217.39130449	4669.75200000	4725.98000000	4696.99800000	4757.85600000	4673.84400000	4734.64400000	4640.10600000	4712.17400000	4688.38800000	4757.78600000	4673.81760000	4737.68800000
2890568561.87290955	4661.11400000	4731.55000000	4703.90400000	4776.67800000	4672.01600000	4746.63600000	4677.13000000	4753.29600000	4651.69400000	4725.67000000	4673.17160000	4746.76600000
2891571906.35451508	4715.22200000	4794.13200000	4694.00400000	4771.57000000	4689.92800000	4763.35000000	4697.91200000	4776.87600000	4639.79000000	4716.46400000	4687.37120000	4764.47840000
2892575250.83612061	4662.56000000	4745.65400000	4673.74800000	4761.34400000	4657.34600000	4746.51200000	4612.28800000	4692.70200000	4661.43800000	4750.18600000	4653.47600000	4739.27960000
2893578595.31772566	4663.24200000	4745.63400000	4682.07000000	4768.49000000	4658.94200000	4740.65200000	4623.24800000	4704.20000000	4666.08400000	4755.66000000	4658.71720000	4742.92720000
2894581939.79933119	4686.32000000	4759.01000000	4676.98400000	4751.48000000	4688.01600000	4761.64200000	4663.49200000	4742.11600000	4670.01000000	4751.83400000	4676.96440000	4753.21640000
2895585284.28093624	4688.40000000	4768.92600000	4673.72400000	4752.04400000	4667.72800000	4756.46400000	4671.26000000	4747.35800000	4653.25800000	4734.22400000	4670.87400000	4751.80320000
2896588628.76254177	4684.10800000	4765.86000000	4670.46400000	4751.88400000	4690.06000000	4772.49400000	4609.12400000	4687.33200000	4642.17400000	4725.56800000	4659.18600000	4740.62760000
2897591973.24414730	4737.20600000	4818.45000000	4692.79800000	4782.13600000	4678.87400000	4761.79400000	4624.05800000	4704.30800000	4617.21200000	4704.62400000	4670.02960000	4754.26240000
2898595317.72575235	4670.40000000	4747.40200000	4681.10000000	4759.85800000	4674.12800000	4756.11000000	4616.36400000	4700.55000000	4658.33400000	4740.98800000	4660.06520000	4740.98160000
2899598662.20735788	4652.01600000	4737.12200000	4702.29400000	4789.34400000	4674.16000000	4763.25000000	4644.40400000	4729.80800000	4662.51800000	4748.52400000	4667.07840000	4753.60960000
2900602006.68896341	4678.76400000	4761.49400000	4694.91200000	4772.06800000	4676.31400000	4756.43800000	4648.81000000	4721.80200000	4694.71800000	4777.29400000	4678.70360000	4757.81920000
2901605351.17056847	4687.28200000	4771.10000000	4697.10000000	4767.45400000	4668.83600000	4752.38400000	4646.86800000	4725.43600000	4685.01400000	4775.54600000	4677.02000000	4758.38400000
2902608695.65217400	4719.88600000	4794.05600000	4672.16200000	4746.17400000	4719.95000000	4780.99000000	4625.24400000	4691.31800000	4638.63800000	4705.82600000	4675.17600000	4743.67280000
2903612040.13377905	4682.96600000	4745.74400000	4701.33000000	4761.45600000	4682.48600000	4744.29800000	4638.19800000	4696.99600000	4692.45400000	4746.74800000	4679.48680000	4739.04840000
2904615384.61538458	4700.42800000	4754.72600000	4705.44400000	4756.97000000	4720.68400000	4772.37200000	4668.45600000	4716.74400000	4728.88400000	4775.63200000	4704.77920000	4755.28880000
2905618729.09699011	4774.52800000	4816.80600000	4736.49400000	4779.72200000	4719.56800000	4755.77400000	4672.64400000	4716.62800000	4661.42600000	4710.18200000	4712.93200000	4755.82240000
2906622073.57859516	4706.41200000	4739.13400000	4743.22000000	4772.98800000	4734.00000000	4760.14000000	4669.06000000	4697.65000000	4723.91200000	4751.00600000	4715.32080000	4744.18360000
2907625418.06020069	4716.03800000	4736.55200000	4767.24800000	4782.59800000	4740.29800000	4758.75200000	4673.01400000	4687.13600000	4732.95800000	4754.38400000	4725.91120000	4743.88440000
2908628762.54180622	4720.27600000	4729.80200000	4770.15800000	4788.11200000	4734.92600000	4741.95800000	4749.84600000	4762.36400000	4715.17200000	4726.68600000	4738.07560000	4749.78440000
2909632107.02341127	4806.21200000	4818.59400000	4762.54200000	4773.34800000	4749.90600000	4756.11600000	4700.44400000	4715.08600000	4692.88200000	4705.07200000	4742.39720000	4753.64320000
2910635451.50501680	4798.20800000	4812.75200000	4764.25600000	4773.38200000	4770.91400000	4775.65200000	4707.83400000	4710.24000000	4698.29800000	4703.45800000	4747.90200000	4755.09680000
2911638795.98662186	4721.93800000	4730.65800000	4763.70000000	4762.39600000	4750.42400000	4752.34400000	4702.21400000	4708.33200000	4748.67400000	4749.51800000	4737.39000000	4740.64960000
2912642140.46822739	4764.76600000	4767.12400000	4752.09000000	4752.81800000	4754.70400000	4756.55000000	4746.80000000	4751.42400000	4734.65600000	4732.63000000	4750.60320000	4752.10920000
2913645484.94983292	4749.27400000	4747.13800000	4768.34200000	4768.22000000	4766.08400000	4765.27000000	4724.78800000	4724.88400000	4760.15800000	4760.06400000	4753.72920000	4753.11520000
2914648829.43143797	4766.91400000	4764.87000000	4755.39000000	4754.49600000	4758.85600000	4755.45400000	4749.71800000	4746.77800000	4735.77200000	4741.48800000	4753.33000000	4752.61720000
2915652173.91304350	4738.66400000	4734.96800000	4782.01000000	4782.80200000	4751.73200000	4752.53400000	4767.28600000	4759.54800000	4737.65400000	4735.58600000	4755.46920000	4753.08760000
2916655518.39464903	4808.00400000	4807.64200000	4773.62200000	4772.57400000	4773.56000000	4769.26000000	4721.35200000	4721.80800000	4710.85000000	4704.36600000	4757.47760000	4755.13000000
2917658862.87625408	4778.30400000	4777.04000000	4749.80400000	4750.14600000	4776.76600000	4777.45800000	4695.82000000	4693.80000000	4722.42800000	4717.43800000	4744.62440000	4743.17640000
2918662207.35785961	4759.87600000	4761.89000000	4787.89200000	4781.22200000	4762.19600000	4756.29800000	4740.33200000	4735.59000000	4762.72800000	4762.96400000	4762.60480000	4759.59280000
2919665551.83946514	4794.46000000	4793.04400000	4770.79200000	4770.83400000	4722.36600000	4718.04600000	4691.33000000	4694.65400000	4763.13600000	4761.91400000	4748.41680000	4747.69840000
2920668896.32107019	4777.99200000	4769.29800000	4766.64200000	4767.34400000	4765.35000000	4765.68400000	4711.45400000	4705.39000000	4746.63000000	4742.98600000	4753.61360000	4750.14040000
2921672240.80267572	4738.17200000	4737.57600000	4783.68600000	4780.60400000	4762.90800000	4762.40200000	4748.71200000	4745.57600000	4758.12400000	4753.96400000	4758.32040000	4756.02440000
2922675585.28428078	4797.67200000	4794.86400000	4756.76800000	4753.32400000	4762.76200000	4756.68800000	4759.02800000	4760.48600000	4713.31000000	4711.10600000	4757.90800000	4755.29360000
2923678929.76588631	4770.52400000	4761.76800000	4765.62600000	4765.25400000	4768.67200000	4772.35600000	4718.27000000	4706.71000000	4754.55400000	4744.81800000	4755.52920000	4750.18120000
2924682274.24749184	4805.40800000	4800.23400000	4804.63400000	4797.20000000	4771.00200000	4768.68800000	4719.77600000	4718.46600000	4689.44400000	4691.28000000	4758.05280000	4755.17360000
2925685618.72909689	4754.95400000	4751.01400000	4764.69200000	4764.55800000	4761.48400000	4758.01200000	4701.94200000	4698.05400000	4752.26400000	4743.34200000	4747.06720000	4742.99600000
2926688963.21070242	4730.56800000	4725.55600000	4759.08800000	4754.65800000	4743.22000000	4736.63800000	4708.47600000	4714.28200000	4762.27800000	4760.86800000	4740.72600000	4738.40040000
2927692307.69230747	4815.02400000	4811.87800000	4797.47200000	4794.57000000	4769.02800000	4769.02400000	4717.07400000	4709.51400000	4712.23200000	4706.28800000	4762.16600000	4758.25480000
2928695652.17391300	4726.84800000	4723.36800000	4768.43000000	4763.80400000	4745.84200000	4736.90200000	4715.90400000	4708.13800000	4759.93200000	4750.05400000	4743.39120000	4736.45320000
2929698996.65551853	4770.20000000	4761.67400000	4751.25000000	4736.62400000	4757.00000000	4750.88000000	4755.30000000	4756.56400000	4730.40400000	4723.92800000	4752.83080000	4745.93400000
2930702341.13712358	4773.12800000	4766.55800000	4769.44200000	4762.84800000	4765.71400000	4762.63000000	4709.06000000	4702.09800000	4741.60400000	4736.34800000	4751.78960000	4746.09640000
2931705685.61872911	4724.11800000	4718.16200000	4768.59200000	4760.00400000	4747.01000000	4740.82400000	4708.44200000	4708.95400000	4756.90400000	4751.01400000	4741.01320000	4735.79160000
2932709030.10033464	4774.09000000	4773.32000000	4757.68400000	4748.11600000	4774.05200000	4772.24800000	4690.89000000	4690.56800000	4728.71600000	4719.65400000	4745.08640000	4740.78120000
2933712374.58193970	4739.06800000	4733.44400000	4788.66200000	4778.77800000	4757.88800000	4756.01600000	4686.70200000	4675.28600000	4764.43600000	4757.06400000	4747.35120000	4740.11760000
2934715719.06354523	4809.81200000	4805.59200000	4806.80000000	4800.53600000	4770.95000000	4759.33000000	4714.78800000	4711.38200000	4705.55800000	4701.65200000	4761.58160000	4755.69840000
2935719063.54515076	4780.49600000	4772.90200000	4754.43600000	4745.31800000	4764.09400000	4759.60000000	4754.11600000	4744.66400000	4724.84000000	4719.19400000	4755.59640000	4748.33560000
2936722408.02675581	4749.54600000	4745.79800000	4781.32600000	4780.27800000	4766.13000000	4762.68200000	4745.76200000	4742.55000000	4754.68800000	4749.43800000	4759.49040000	4756.14920000
2937725752.50836134	4781.66600000	4774.96800000	4759.96800000	4755.09600000	4783.16600000	4772.74800000	4692.72400000	4684.82200000	4727.37400000	4723.77400000	4748.97960000	4742.28160000
2938729096.98996639	4740.97400000	4735.80600000	4783.82200000	4783.46600000	4769.68800000	4762.66400000	4698.73800000	4690.57200000	4755.78600000	4751.26400000	4749.80160000	4744.75440000
2939732441.47157192	4800.71600000	4798.00600000	4792.04400000	4793.36800000	4737.88800000	4734.75200000	4702.60400000	4702.59000000	4758.57800000	4749.31200000	4758.36600000	4755.60560000
2940735785.95317745	4816.97200000	4807.75800000	4781.08000000	4771.81400000	4767.25600000	4765.47000000	4722.04000000	4716.80000000	4717.88400000	4707.45000000	4761.04640000	4753.85840000
2941739130.43478251	4819.84600000	4813.50400000	4774.20000000	4766.92000000	4772.60200000	4762.94400000	4721.74200000	4718.10400000	4718.71400000	4710.87000000	4761.42080000	4754.46840000
2942742474.91638803	4768.22400000	4764.00800000	4786.70600000	4780.83800000	4755.78600000	4751.88200000	4738.34800000	4728.21400000	4771.73600000	4764.66400000	4764.16000000	4757.92120000
2943745819.39799309	4798.21200000	4793.18600000	4773.22600000	4766.45400000	4772.58800000	4769.57800000	4781.28800000	4775.87400000	4728.50200000	4719.06000000	4770.76320000	4764.83040000
2944749163.87959862	4813.61400000	4806.63000000	4764.08800000	4751.22000000	4802.89200000	4792.91200000	4697.81200000	4693.28600000	4711.74400000	4710.90600000	4758.03000000	4750.99080000
2945752508.36120415	4816.00400000	4809.08000000	4805.67000000	4799.35800000	4773.46600000	4764.68800000	4719.39600000	4714.02600000	4708.33000000	4695.41200000	4764.57320000	4756.51280000
2946755852.84280920	4800.57800000	4794.72400000	4798.10600000	4790.92000000	4762.66200000	4761.84200000	4712.81200000	4704.85800000	4754.92000000	4744.11400000	4765.81560000	4759.29160000
2947759197.32441473	4736.58600000	4728.53800000	4777.61600000	4771.17600000	4764.31200000	4761.47400000	4702.32600000	4695.73600000	4763.64800000	4755.65800000	4748.89760000	4742.51640000
2948762541.80602026	4729.53200000	4722.95600000	4784.55600000	4771.04000000	4761.63800000	4755.58400000	4712.66600000	4708.75600000	4750.24200000	4746.51000000	4747.72680000	4740.96920000
2949765886.28762531	4754.49800000	4747.50800000	4786.54800000	4785.16400000	4766.66000000	4754.28400000	4771.35800000	4765.71200000	4743.09200000	4739.64000000	4764.43120000	4758.46160000
2950769230.76923084	4821.82200000	4813.02200000	4784.70000000	4775.48800000	4765.45600000	4756.58400000	4726.11400000	4721.39000000	4710.83600000	4706.50600000	4761.78560000	4754.59800000
2951772575.25083637	4752.57200000	4748.81600000	4777.06800000	4774.51600000	4771.62800000	4771.02600000	4751.33800000	4745.45200000	4761.18800000	4747.95200000	4762.75880000	4757.55240000
2952775919.73244143	4775.66800000	4767.89600000	4752.31400000	4749.85200000	4782.75600000	4771.65200000	4697.65200000	4694.45400000	4723.57400000	4714.87600000	4746.39280000	4739.74600000
2953779264.21404696	4784.43000000	4783.29200000	4792.55200000	4786.90800000	4763.01200000	4756.15200000	4713.79000000	4708.33200000	4762.04000000	4754.25600000	4763.16480000	4757.78800000
2954782608.69565201	4778.65600000	4775.96400000	4754.70400000	4746.52600000	4766.12200000	4763.83600000	4751.03800000	4742.27200000	4717.86200000	4716.32800000	4753.67640000	4748.98520000
2955785953.17725754	4769.13000000	4765.13600000	4772.14600000	4772.78400000	4758.50000000	4757.66200000	4736.56000000	4735.93400000	4770.65000000	4764.76000000	4761.39720000	4759.25520000
2956789297.65886307	4818.75200000	4817.53200000	4781.93600000	4780.74400000	4767.08600000	4761.74600000	4720.39000000	4714.10600000	4708.41600000	4701.20400000	4759.31600000	4755.06640000
2957792642.14046812	4806.07000000	4807.90800000	4796.88800000	4788.15000000	4767.29400000	4762.09400000	4725.40400000	4711.21000000	4694.44600000	4688.94200000	4758.02040000	4751.66080000
2958795986.62207365	4729.48000000	4724.42000000	4789.14000000	4785.62000000	4758.96400000	4753.72200000	4749.44600000	4746.17200000	4745.22000000	4735.87400000	4754.45000000	4749.16160000
2959799331.10367870	4745.46600000	4742.31400000	4771.37000000	4767.83400000	4766.88800000	4761.31200000	4698.02600000	4694.71200000	4756.86600000	4754.70600000	4747.72320000	4744.17560000
2960802675.58528423	4723.13200000	4715.97200000	4771.77600000	4771.87200000	4757.40800000	4752.04800000	4710.88200000	4705.70000000	4753.35600000	4749.25000000	4743.31080000	4738.96840000
2961806020.06688976	4749.95200000	4739.96600000	4772.93000000	4765.80800000	4763.60600000	4755.13200000	4704.27000000	4692.87800000	4761.03800000	4751.25000000	4750.35920000	4741.00680000
2962809364.54849482	4821.28200000	4819.96000000	4786.85800000	4781.98200000	4768.11600000	4763.63200000	4712.58400000	4710.61200000	4709.69400000	4708.71800000	4759.70680000	4756.98080000
2963812709.03010035	4814.86200000	4806.92600000	4804.73000000	4793.60600000	4764.77600000	4763.45600000	4720.91200000	4709.96600000	4716.11400000	4707.73000000	4764.27880000	4756.33680000
2964816053.51170588	4763.93800000	4766.66800000	4756.97000000	4756.75800000	4758.87400000	4759.49600000	4749.47600000	4745.55000000	4768.86000000	4757.81200000	4759.62360000	4757.25680000
2965819397.99331093	4769.22200000	4762.68800000	4768.56000000	4758.95200000	4751.60000000	4749.72000000	4749.18200000	4743.84000000	4762.03800000	4755.94200000	4760.12040000	4754.22840000
2966822742.47491646	4763.76200000	4756.32800000	4770.43200000	4765.42200000	4753.01400000	4755.94400000	4749.87600000	4743.38800000	4767.22800000	4758.29800000	4760.86240000	4755.87600000
2967826086.95652199	4726.60000000	4718.46400000	4757.31600000	4755.39400000	4755.68600000	4743.43800000	4710.96000000	4707.58800000	4757.65000000	4754.77600000	4741.64240000	4735.93200000
2968829431.43812704	4793.06800000	4778.81400000	4792.41000000	4787.68400000	4762.43600000	4754.54000000	4715.44200000	4715.12000000	4760.35400000	4754.44600000	4764.74200000	4758.12080000
2969832775.91973257	4770.03800000	4765.75200000	4780.04200000	4776.94600000	4758.49600000	4749.43000000	4749.43200000	4741.99200000	4767.72600000	4759.34600000	4765.14680000	4758.69320000
2970836120.40133762	4817.67800000	4806.21600000	4756.86200000	4754.42400000	4792.68400000	4790.78400000	4702.39200000	4697.95800000	4721.37000000	4717.23600000	4758.19720000	4753.32360000
2971839464.88294315	4767.74400000	4766.26800000	4766.58600000	4756.22800000	4772.30400000	4763.17200000	4744.45200000	4740.09400000	4759.29000000	4758.46000000	4762.07520000	4756.84440000
2972842809.36454868	4819.72600000	4810.87200000	4811.78600000	4805.69200000	4771.18000000	4761.52200000	4723.32800000	4713.29600000	4711.18800000	4705.84400000	4767.44160000	4759.44520000
2973846153.84615374	4756.47600000	4754.09400000	4767.99800000	4763.49600000	4767.82400000	4762.71800000	4733.01000000	4735.50600000	4760.36200000	4760.28800000	4757.13400000	4755.22040000
2974849498.32775927	4764.72800000	4764.43800000	4753.18200000	4745.56600000	4777.73800000	4771.91600000	4699.10200000	4690.42600000	4727.92600000	4716.52400000	4744.53520000	4737.77400000
2975852842.80936432	4764.85200000	4767.69400000	4773.34200000	4766.37600000	4768.87000000	4762.62800000	4718.50000000	4713.05000000	4756.89600000	4746.02000000	4756.49200000	4751.15360000
2976856187.29096985	4778.55800000	4767.32000000	4771.37400000	4769.86000000	4775.84800000	4766.94400000	4726.38600000	4721.83200000	4759.16400000	4757.95200000	4762.26600000	4756.78160000
2977859531.77257538	4750.06400000	4742.00400000	4785.24800000	4778.69600000	4769.55200000	4762.14200000	4744.48600000	4737.88000000	4758.54800000	4751.57800000	4761.57960000	4754.46000000
2978862876.25418043	4765.94400000	4757.27200000	4768.10200000	4759.31200000	4773.56800000	4768.81800000	4728.26800000	4727.26600000	4763.36400000	4754.53800000	4759.84920000	4753.44120000
2979866220.73578596	4816.89800000	4811.16600000	4801.98600000	4799.82000000	4779.05400000	4768.62000000	4724.82200000	4719.47400000	4704.90600000	4699.48200000	4765.53320000	4759.71240000
2980869565.21739149	4777.60000000	4774.15600000	4761.21400000	4755.10400000	4772.69200000	4770.48400000	4699.49200000	4695.71600000	4730.84200000	4723.57000000	4748.36800000	4743.80600000
2981872909.69899654	4769.03600000	4763.39800000	4758.90800000	4749.57000000	4773.30600000	4770.51000000	4690.15200000	4688.89600000	4718.62600000	4712.52400000	4742.00560000	4736.97960000
2982876254.18060207	4758.44200000	4750.63600000	4758.08200000	4756.38000000	4781.53400000	4775.59200000	4717.34200000	4712.67400000	4781.67200000	4773.67400000	4759.41440000	4753.79120000
2983879598.66220760	4787.75400000	4787.12200000	4745.76600000	4740.72400000	4763.48400000	4754.15400000	4749.11600000	4741.47200000	4725.65400000	4722.80000000	4754.35480000	4749.25440000
2984882943.14381266	4777.47000000	4770.94600000	4774.46600000	4767.08600000	4771.14800000	4764.66000000	4710.88600000	4708.81200000	4746.19400000	4739.23200000	4756.03280000	4750.14720000
2985886287.62541819	4761.97400000	4761.27400000	4761.96200000	4762.99000000	4763.24400000	4759.15800000	4728.83000000	4719.73600000	4793.38800000	4785.39800000	4761.87960000	4757.71120000
2986889632.10702324	4781.63200000	4768.62600000	4767.79000000	4756.94000000	4771.97400000	4763.86600000	4707.93000000	4698.16800000	4743.86600000	4736.96600000	4754.63840000	4744.91320000
2987892976.58862877	4781.08000000	4772.84400000	4756.04000000	4748.82600000	4776.85600000	4765.18000000	4696.84800000	4688.76400000	4728.83800000	4725.40400000	4747.93240000	4740.20360000
2988896321.07023430	4749.34800000	4742.74800000	4787.57800000	4780.74200000	4761.93200000	4753.13000000	4768.03400000	4768.95600000	4747.52000000	4730.24400000	4762.88240000	4755.16400000
2989899665.55183935	4778.87800000	4769.80600000	4767.93200000	4762.38200000	4783.18200000	4773.68400000	4729.80800000	4721.40000000	4758.08800000	4746.80800000	4763.57760000	4754.81600000
2990903010.03344488	4731.40800000	4725.18400000	4762.23200000	4759.69400000	4746.28200000	4738.62200000	4716.09800000	4707.37800000	4764.51200000	4758.81800000	4744.10640000	4737.93920000
2991906354.51504993	4741.73800000	4745.30600000	4755.89400000	4749.90000000	4781.63200000	4774.48600000	4712.48200000	4711.79000000	4781.39200000	4775.02000000	4754.62760000	4751.30040000
2992909698.99665546	4753.22000000	4745.80200000	4767.24200000	4763.89600000	4769.27800000	4759.60800000	4700.84000000	4691.32800000	4754.35400000	4743.44400000	4748.98680000	4740.81560000
2993913043.47826099	4772.73800000	4766.06600000	4756.50800000	4748.83400000	4779.49800000	4770.10800000	4701.49600000	4703.40000000	4729.25400000	4725.76000000	4747.89880000	4742.83360000
2994916387.95986605	4767.89200000	4762.22200000	4764.41400000	4760.42400000	4771.28200000	4770.98000000	4721.32000000	4714.96200000	4789.68000000	4777.81000000	4762.91760000	4757.27960000
2995919732.44147158	4804.47000000	4796.98200000	4764.51000000	4754.81800000	4767.53200000	4764.22600000	4775.85600000	4770.60400000	4717.34600000	4716.40400000	4765.94280000	4760.60680000
2996923076.92307711	4781.55400000	4777.81000000	4761.85200000	4752.63000000	4782.87000000	4774.79600000	4695.16600000	4688.92800000	4725.28200000	4718.70800000	4749.34480000	4742.57440000
2997926421.40468216	4772.17400000	4757.89000000	4774.01000000	4767.90800000	4752.57600000	4746.21800000	4736.49400000	4734.26600000	4767.58800000	4760.62400000	4760.56840000	4753.38120000
2998929765.88628769	4817.66400000	4812.54200000	4794.96000000	4788.47800000	4776.82600000	4771.79600000	4715.45400000	4710.56800000	4721.09400000	4710.07400000	4765.19960000	4758.69160000
2999933110.36789322	4820.73400000	4811.97800000	4781.76600000	4769.16000000	4792.49600000	4784.01000000	4726.94600000	4721.53600000	4708.27400000	4699.25600000	4766.04320000	4757.18800000
3000936454.84949827	4758.42800000	4745.30400000	4769.81400000	4765.31200000	4768.05600000	4764.83000000	4733.59200000	4727.40200000	4766.89000000	4757.93400000	4759.35600000	4752.15640000
3001939799.33110380	4756.05800000	4755.54800000	4774.25200000	4772.42400000	4767.05200000	4759.83000000	4759.64800000	4758.17200000	4733.56400000	4726.96800000	4758.11480000	4754.58840000
3002943143.81270885	4771.31200000	4770.99400000	4743.90000000	4740.46000000	4759.94600000	4753.12400000	4760.56400000	4750.52200000	4729.76600000	4729.25000000	4753.09760000	4748.87000000
3003946488.29431438	4813.56400000	4810.96600000	4774.41800000	4767.15400000	4768.70200000	4760.19200000	4729.74800000	4721.87000000	4712.63000000	4706.23200000	4759.81240000	4753.28280000
3004949832.77591991	4799.90800000	4793.02800000	4801.77200000	4798.80000000	4750.62200000	4752.09600000	4709.00400000	4700.47200000	4747.34800000	4745.06200000	4761.73080000	4757.89160000
3005953177.25752497	4745.17000000	4746.54800000	4763.43800000	4762.42200000	4765.66000000	4767.11000000	4696.63800000	4696.06400000	4751.06600000	4740.89800000	4744.39440000	4742.60840000
3006956521.73913050	4798.80800000	4796.47800000	4764.55600000	4757.74800000	4765.49600000	4754.53000000	4771.10200000	4763.31800000	4723.42400000	4716.94000000	4764.67720000	4757.80280000
3007959866.22073555	4795.84800000	4792.93800000	4801.78000000	4792.38400000	4760.19400000	4755.86400000	4712.92600000	4712.43600000	4761.99600000	4751.14800000	4766.54880000	4760.95400000
3008963210.70234108	4777.46800000	4766.90000000	4780.11800000	4768.95200000	4763.42400000	4760.04800000	4719.86200000	4713.34600000	4784.72000000	4781.98800000	4765.11840000	4758.24680000
3009966555.18394661	4776.51400000	4764.45400000	4746.86600000	4746.31400000	4762.90800000	4758.64200000	4756.41600000	4745.74600000	4719.64600000	4714.28800000	4752.47000000	4745.88880000
3010969899.66555166	4819.83200000	4809.86800000	4811.07600000	4797.50200000	4773.25000000	4765.86800000	4711.09800000	4705.58000000	4710.69200000	4710.26800000	4765.18960000	4757.81720000
3011973244.14715719	4759.63000000	4750.88200000	4768.32000000	4768.43200000	4752.68600000	4747.63800000	4742.89600000	4737.54000000	4764.44200000	4757.01000000	4757.59480000	4752.30040000
3012976588.62876272	4736.81600000	4726.01600000	4790.60000000	4790.86200000	4762.08000000	4757.12600000	4744.48200000	4738.83200000	4749.94600000	4743.58200000	4756.78480000	4751.28360000
3013979933.11036777	4770.40200000	4764.39400000	4759.63200000	4750.07600000	4765.51400000	4760.73600000	4752.12400000	4749.28200000	4758.87400000	4750.00200000	4761.30920000	4754.89800000
3014983277.59197330	4735.27200000	4728.88600000	4782.28000000	4767.96200000	4762.29400000	4759.18800000	4696.26000000	4687.59200000	4765.78000000	4759.14600000	4748.37720000	4740.55480000
3015986622.07357883	4771.86000000	4767.96800000	4782.90600000	4773.42800000	4759.16600000	4749.63200000	4736.39400000	4730.79800000	4760.76200000	4757.64400000	4762.21760000	4755.89400000
3016989966.55518389	4755.68000000	4744.59800000	4774.94600000	4767.98200000	4768.69800000	4767.26800000	4737.06400000	4729.92200000	4759.82200000	4752.89200000	4759.24200000	4752.53240000
3017993311.03678942	4807.99600000	4798.97800000	4792.76600000	4781.85400000	4736.18200000	4731.76400000	4700.69800000	4694.40200000	4755.33600000	4755.18800000	4758.59560000	4752.43720000
3018996655.51839447	4788.15400000	4786.59400000	4781.56200000	4776.56800000	4769.70400000	4764.26000000	4775.80200000	4774.86800000	4721.44200000	4717.91200000	4767.33280000	4764.04040000
3020000000.00000000	4763.09000000	4763.57000000	4773.78600000	4769.84200000	4771.93400000	4764.28400000	4721.21600000	4712.55000000	4789.85600000	4779.86800000	4763.97640000	4758.02280000
