freq	PL_sig1	PL_ref1	PL_sig2	PL_ref2	PL_sig3	PL_ref3	PL_sig4	PL_ref4	PL_sig5	PL_ref5	avgPL_sig	avgPL_ref
2720000000.00000000	4788.21600000	4784.24600000	4733.61200000	4731.51800000	4738.55200000	4730.83600000	4705.49200000	4695.63000000	4766.86200000	4760.34200000	4746.54680000	4740.51440000
2721003344.48160553	4777.78800000	4767.73800000	4766.92000000	4756.35400000	4768.34600000	4759.91200000	4709.29400000	4701.35600000	4757.32200000	4759.68400000	4755.93400000	4749.00880000
2722006688.96321058	4780.77800000	4772.24000000	4767.43400000	4764.51400000	4761.75400000	4752.39200000	4709.13600000	4700.59400000	4760.01200000	4755.50400000	4755.82280000	4749.04880000
2723010033.44481611	4763.32200000	4759.01000000	4789.04600000	4780.90200000	4766.00200000	4760.85600000	4685.40800000	4681.80400000	4744.25200000	4738.49000000	4749.60600000	4744.21240000
2724013377.92642164	4777.10800000	4769.43600000	4726.93200000	4723.23200000	4729.76600000	4723.20400000	4686.67000000	4678.91800000	4775.44000000	4769.75600000	4739.18320000	4732.90920000
2725016722.40802670	4775.20600000	4764.14800000	4769.94200000	4764.60400000	4757.40600000	4754.90600000	4720.69000000	4714.61400000	4717.97200000	4716.91200000	4748.24320000	4743.03680000
2726020066.88963223	4774.00400000	4768.30400000	4754.63000000	4745.52000000	4756.45200000	4753.25200000	4714.24400000	4710.71000000	4763.78200000	4751.28200000	4752.62240000	4745.81360000
2727023411.37123728	4771.27200000	4762.63600000	4752.58400000	4752.44200000	4743.64000000	4735.73200000	4743.48400000	4739.75400000	4718.82200000	4708.26600000	4745.96040000	4739.76600000
2728026755.85284281	4749.20400000	4748.37200000	4783.07600000	4781.65200000	4744.72000000	4735.98200000	4773.26800000	4767.49600000	4674.79600000	4670.40200000	4745.01280000	4740.78080000
2729030100.33444834	4781.51000000	4775.37800000	4746.57000000	4738.34800000	4747.54000000	4735.60200000	4763.97800000	4761.94200000	4730.66600000	4724.95800000	4754.05280000	4747.24560000
2730033444.81605339	4756.99800000	4750.62200000	4779.19800000	4774.09400000	4748.37000000	4744.56000000	4695.73400000	4689.78200000	4715.50600000	4707.73800000	4739.16120000	4733.35920000
2731036789.29765892	4754.76000000	4741.93400000	4775.63000000	4771.96800000	4752.10000000	4746.74200000	4705.50600000	4696.85000000	4715.39000000	4708.21400000	4740.67720000	4733.14160000
2732040133.77926445	4764.93800000	4756.87400000	4735.50600000	4727.99800000	4736.11800000	4729.48000000	4703.70200000	4691.56800000	4772.29400000	4763.79400000	4742.51160000	4733.94280000
2733043478.26086950	4731.36000000	4727.00200000	4755.34000000	4753.48000000	4745.07600000	4742.28000000	4719.32000000	4714.05600000	4741.63400000	4737.88400000	4738.54600000	4734.94040000
2734046822.74247503	4761.74600000	4761.82800000	4781.44200000	4774.88600000	4761.40200000	4753.16600000	4692.29400000	4678.01000000	4756.83000000	4749.96600000	4750.74280000	4743.57120000
2735050167.22408009	4783.69800000	4773.81800000	4745.23400000	4737.24200000	4739.30200000	4734.31400000	4750.45600000	4747.37400000	4728.53000000	4722.78000000	4749.44400000	4743.10560000
2736053511.70568562	4776.45600000	4770.08600000	4760.79200000	4755.36200000	4764.63200000	4758.74400000	4718.78200000	4710.19600000	4759.24400000	4757.74200000	4755.98120000	4750.42600000
2737056856.18729115	4763.16600000	4757.02400000	4725.16800000	4719.52800000	4744.14000000	4735.02000000	4711.81000000	4703.94800000	4774.62600000	4767.79400000	4743.78200000	4736.66280000
2738060200.66889620	4782.66400000	4773.34600000	4764.79600000	4755.63800000	4754.51400000	4747.84400000	4718.91000000	4709.96000000	4724.73000000	4719.70800000	4749.12280000	4741.29920000
2739063545.15050173	4760.11600000	4744.43200000	4761.03400000	4756.04000000	4773.08400000	4769.13200000	4710.70200000	4702.55200000	4720.53400000	4712.97200000	4745.09400000	4737.02560000
2740066889.63210726	4776.62600000	4769.96400000	4779.12800000	4770.34800000	4757.33400000	4747.96400000	4702.95200000	4700.13600000	4766.80000000	4758.02400000	4756.56800000	4749.28720000
2741070234.11371231	4770.37200000	4759.69600000	4779.12800000	4771.94800000	4751.44400000	4746.77400000	4699.58200000	4691.88000000	4718.26000000	4721.03800000	4743.75720000	4738.26720000
2742073578.59531784	4760.86000000	4758.66000000	4731.61200000	4726.78600000	4734.60000000	4726.98200000	4698.69200000	4691.91400000	4775.52800000	4767.48400000	4740.25840000	4734.36520000
2743076923.07692289	4764.96000000	4765.32600000	4728.05800000	4730.56000000	4728.97800000	4723.94000000	4697.20400000	4694.47800000	4776.22000000	4768.94600000	4739.08400000	4736.65000000
2744080267.55852842	4783.54400000	4766.99400000	4760.98200000	4757.14600000	4752.69800000	4752.39800000	4728.70600000	4719.72000000	4731.47200000	4723.40600000	4751.48040000	4743.93280000
2745083612.04013395	4750.25600000	4741.53200000	4786.32400000	4779.64600000	4741.81800000	4731.95200000	4768.70600000	4763.67000000	4678.68400000	4672.85800000	4745.15760000	4737.93160000
2746086956.52173901	4761.50800000	4758.04400000	4783.19600000	4776.17200000	4752.53400000	4749.48800000	4698.34200000	4694.44800000	4717.86600000	4718.21400000	4742.68920000	4739.27320000
2747090301.00334454	4778.42400000	4770.50000000	4761.93000000	4759.15000000	4754.00800000	4753.72800000	4733.48000000	4725.00200000	4728.73600000	4722.02400000	4751.31560000	4746.08080000
2748093645.48495007	4766.16600000	4760.62000000	4747.95800000	4745.63200000	4745.41400000	4735.91000000	4733.60200000	4729.11400000	4718.43200000	4711.81200000	4742.31440000	4736.61760000
2749096989.96655512	4771.55000000	4761.62400000	4758.97200000	4753.29800000	4768.68000000	4760.53800000	4713.34400000	4704.53600000	4731.36800000	4724.99200000	4748.78280000	4740.99760000
2750100334.44816065	4763.82000000	4760.01800000	4745.10000000	4745.21600000	4762.78000000	4749.53800000	4740.01400000	4728.13400000	4729.47000000	4724.91800000	4748.23680000	4741.56480000
2751103678.92976570	4760.93600000	4760.03800000	4742.51800000	4743.16600000	4741.92600000	4735.91000000	4770.60800000	4765.11000000	4724.30400000	4721.09600000	4748.05840000	4745.06400000
2752107023.41137123	4761.13600000	4753.03200000	4775.72600000	4773.86800000	4752.95000000	4748.91800000	4698.44400000	4689.47400000	4718.96200000	4708.34400000	4741.44360000	4734.72720000
2753110367.89297676	4771.74600000	4764.57000000	4738.27600000	4741.62200000	4742.12800000	4733.30800000	4720.40000000	4716.67400000	4709.59400000	4705.62600000	4736.42880000	4732.36000000
2754113712.37458181	4751.76200000	4748.24200000	4766.42800000	4767.38600000	4748.16000000	4740.90400000	4700.42000000	4699.02400000	4712.34600000	4711.30600000	4735.82320000	4733.37240000
2755117056.85618734	4765.22800000	4761.02000000	4779.64000000	4771.18800000	4733.45800000	4731.49600000	4773.97800000	4766.11200000	4672.69800000	4669.87200000	4745.00040000	4739.93760000
2756120401.33779287	4739.64800000	4737.98400000	4727.32000000	4727.69000000	4719.09200000	4717.35800000	4701.97000000	4700.43600000	4747.19600000	4741.03000000	4727.04520000	4724.89960000
2757123745.81939793	4771.71200000	4769.11400000	4764.92200000	4757.70600000	4754.59200000	4751.34600000	4723.73600000	4717.44600000	4723.21000000	4718.15000000	4747.63440000	4742.75240000
2758127090.30100346	4774.81800000	4769.02400000	4761.58400000	4763.35200000	4756.62400000	4747.16000000	4723.57800000	4715.54200000	4723.11800000	4717.67400000	4747.94440000	4742.55040000
2759130434.78260851	4745.91400000	4743.46000000	4734.53400000	4722.17600000	4732.88400000	4725.82000000	4707.05000000	4701.60000000	4738.23400000	4741.29800000	4731.72320000	4726.87080000
2760133779.26421404	4740.24400000	4731.61600000	4737.01800000	4723.20000000	4733.59400000	4722.10200000	4697.80400000	4694.05600000	4741.89400000	4733.33600000	4730.11080000	4720.86200000
2761137123.74581957	4748.60200000	4741.18200000	4788.21800000	4779.80000000	4727.93400000	4721.56600000	4787.40400000	4780.33600000	4666.66600000	4661.41000000	4743.76480000	4736.85880000
2762140468.22742462	4785.69600000	4778.54800000	4738.56200000	4735.47800000	4735.40200000	4731.13400000	4708.95000000	4704.20600000	4763.62400000	4759.57000000	4746.44680000	4741.78720000
2763143812.70903015	4780.81600000	4777.09000000	4769.73800000	4765.51600000	4747.85200000	4736.96400000	4699.04000000	4689.37600000	4742.46200000	4736.46800000	4747.98160000	4741.08280000
2764147157.19063568	4764.34200000	4752.23800000	4788.22800000	4782.42600000	4768.89200000	4763.82000000	4693.55200000	4688.89400000	4728.20800000	4729.05400000	4748.64440000	4743.28640000
2765150501.67224073	4740.22800000	4737.99600000	4765.38000000	4760.33800000	4759.15200000	4750.48800000	4706.65400000	4705.03000000	4727.94400000	4714.82400000	4739.87160000	4733.73520000
2766153846.15384626	4725.23000000	4714.28000000	4728.42600000	4723.40400000	4728.60000000	4724.70200000	4713.90400000	4709.26400000	4744.81000000	4736.27200000	4728.19400000	4721.58440000
2767157190.63545132	4762.54400000	4758.26600000	4782.20800000	4774.95200000	4770.04000000	4762.51400000	4692.57800000	4693.94400000	4716.46600000	4712.81200000	4744.76720000	4740.49760000
2768160535.11705685	4739.19200000	4737.50200000	4756.57600000	4754.73600000	4762.67400000	4756.52000000	4714.59600000	4703.06600000	4731.28400000	4727.12800000	4740.86440000	4735.79040000
2769163879.59866238	4779.50200000	4775.70800000	4740.29000000	4736.22400000	4761.16200000	4751.91600000	4718.38600000	4714.20400000	4768.55600000	4765.12000000	4753.57920000	4748.63440000
2770167224.08026743	4759.24400000	4754.29400000	4764.33000000	4760.56200000	4744.44400000	4733.69200000	4697.22800000	4692.64000000	4723.08400000	4713.93600000	4737.66600000	4731.02480000
2771170568.56187296	4773.13600000	4769.45800000	4752.01600000	4746.06400000	4758.51000000	4753.65600000	4716.65600000	4708.53800000	4769.40200000	4761.42200000	4753.94400000	4747.82760000
2772173913.04347849	4771.55000000	4766.42800000	4758.12200000	4747.74600000	4752.26600000	4747.94000000	4712.55800000	4712.65400000	4763.77400000	4755.19000000	4751.65400000	4745.99160000
2773177257.52508354	4770.96000000	4774.46200000	4724.53000000	4721.62600000	4728.90800000	4724.06800000	4692.91200000	4690.02000000	4770.62200000	4770.07000000	4737.58640000	4736.04920000
2774180602.00668907	4775.58800000	4774.13800000	4789.88200000	4781.35600000	4771.82200000	4765.42200000	4752.48000000	4743.69600000	4681.88600000	4680.09800000	4754.33160000	4748.94200000
2775183946.48829412	4762.51200000	4763.42200000	4726.11600000	4722.77000000	4730.73000000	4722.46000000	4699.75400000	4692.18800000	4777.62000000	4762.98000000	4739.34640000	4732.76400000
2776187290.96989965	4737.16800000	4730.18400000	4740.88800000	4740.97000000	4726.63400000	4722.54400000	4710.62200000	4705.68200000	4736.37000000	4737.92400000	4730.33640000	4727.46080000
2777190635.45150518	4749.54800000	4737.97600000	4738.12000000	4730.16400000	4730.05200000	4728.51800000	4707.00200000	4696.73000000	4741.13200000	4740.05600000	4733.17080000	4726.68880000
2778193979.93311024	4723.99600000	4715.90400000	4726.92400000	4723.69200000	4722.28800000	4716.76400000	4700.72600000	4699.56600000	4746.62400000	4740.30800000	4724.11160000	4719.24680000
2779197324.41471577	4762.90000000	4768.59600000	4781.54800000	4778.93400000	4751.95800000	4744.29200000	4694.03800000	4690.55200000	4766.63200000	4759.15400000	4751.41520000	4748.30560000
2780200668.89632130	4776.63000000	4776.15600000	4750.69200000	4748.46800000	4755.11600000	4750.15000000	4708.26000000	4705.68600000	4772.35400000	4766.39800000	4752.61040000	4749.37160000
2781204013.37792635	4770.12600000	4757.68800000	4767.88000000	4756.78800000	4747.05000000	4738.23400000	4774.71200000	4766.96600000	4718.59600000	4712.89000000	4755.67280000	4746.51320000
2782207357.85953188	4756.65600000	4755.43200000	4763.28800000	4761.96400000	4761.02000000	4752.72000000	4712.36800000	4700.25400000	4712.28000000	4704.84400000	4741.12240000	4735.04280000
2783210702.34113693	4779.07600000	4777.36800000	4754.99600000	4748.21600000	4738.01000000	4734.68200000	4748.81600000	4740.93800000	4732.12000000	4726.08200000	4750.60360000	4745.45720000
2784214046.82274246	4776.59200000	4776.94600000	4757.97000000	4753.66200000	4756.38600000	4754.64400000	4709.67800000	4708.41400000	4761.59400000	4754.66800000	4752.44400000	4749.66680000
2785217391.30434799	4753.07400000	4753.80200000	4747.53800000	4754.66000000	4748.10600000	4746.35000000	4702.28200000	4700.13200000	4705.92200000	4706.65200000	4731.38440000	4732.31920000
2786220735.78595304	4782.65800000	4776.02400000	4733.62400000	4726.35800000	4730.93000000	4727.46800000	4698.88800000	4698.07800000	4766.78600000	4763.63400000	4742.57720000	4738.31240000
2787224080.26755857	4765.82800000	4768.64600000	4760.67800000	4758.98800000	4754.41200000	4751.83400000	4719.24200000	4713.49400000	4725.83000000	4715.54600000	4745.19800000	4741.70160000
2788227424.74916410	4773.70800000	4769.96200000	4731.77000000	4738.99000000	4743.24600000	4745.06800000	4716.48000000	4717.32600000	4760.13200000	4759.85400000	4745.06720000	4746.24000000
2789230769.23076916	4769.14000000	4765.34200000	4751.49600000	4746.14200000	4747.41200000	4750.48600000	4722.61400000	4723.57800000	4724.63000000	4714.76200000	4743.05840000	4740.06200000
2790234113.71237469	4763.45400000	4764.42200000	4774.41600000	4775.64800000	4765.72600000	4765.07800000	4747.92600000	4742.87600000	4666.49200000	4666.26000000	4743.60280000	4742.85680000
2791237458.19397974	4753.63600000	4751.99200000	4754.67200000	4758.71600000	4748.60600000	4747.36200000	4695.84400000	4697.30800000	4715.40600000	4704.73200000	4733.63280000	4732.02200000
2792240802.67558527	4771.70400000	4766.56400000	4741.02200000	4742.68800000	4759.84600000	4752.98000000	4732.74200000	4727.17000000	4722.76800000	4719.07000000	4745.61640000	4741.69440000
2793244147.15719080	4763.00200000	4759.88800000	4779.80800000	4775.62200000	4748.52200000	4746.47400000	4700.43000000	4686.64600000	4721.35600000	4715.71800000	4742.62360000	4736.86960000
2794247491.63879585	4753.65400000	4753.39400000	4726.85600000	4722.89800000	4733.10400000	4732.07400000	4694.88600000	4690.65200000	4772.19800000	4768.81400000	4736.13960000	4733.56640000
2795250836.12040138	4758.78200000	4762.78200000	4745.81200000	4753.18000000	4746.99000000	4745.63800000	4726.94800000	4725.80200000	4727.77400000	4722.97800000	4741.26120000	4742.07600000
2796254180.60200691	4766.22000000	4763.00400000	4769.87800000	4766.43400000	4743.76400000	4748.62000000	4699.61400000	4695.91200000	4767.57800000	4760.87400000	4749.41080000	4746.96880000
2797257525.08361197	4785.25200000	4782.40000000	4740.59600000	4738.27600000	4744.92800000	4739.23200000	4756.09600000	4753.99000000	4734.72800000	4727.18800000	4752.32000000	4748.21720000
2798260869.56521749	4764.87200000	4757.24600000	4754.35200000	4749.35800000	4749.61400000	4741.96600000	4774.00600000	4762.99800000	4713.36400000	4705.59000000	4751.24160000	4743.43160000
2799264214.04682255	4768.68400000	4764.23600000	4782.43200000	4770.60200000	4759.62800000	4756.35400000	4752.18400000	4741.58000000	4674.56200000	4672.00400000	4747.49800000	4740.95520000
2800267558.52842808	4777.58800000	4769.49200000	4722.38000000	4713.04200000	4732.91600000	4721.96400000	4685.73400000	4678.95400000	4773.23200000	4768.94000000	4738.37000000	4730.47840000
2801270903.01003361	4773.39400000	4768.80600000	4754.19600000	4744.06200000	4738.99600000	4736.51200000	4746.20000000	4746.69600000	4721.07600000	4720.17200000	4746.77240000	4743.24960000
2802274247.49163866	4766.55800000	4767.19400000	4783.76200000	4778.33800000	4755.24200000	4744.24200000	4696.39600000	4684.21200000	4766.13800000	4758.76200000	4753.61920000	4746.54960000
2803277591.97324419	4758.61400000	4761.88800000	4768.00200000	4771.63200000	4759.10800000	4756.85400000	4694.97000000	4696.59800000	4717.17400000	4717.56000000	4739.57360000	4740.90640000
2804280936.45484972	4775.49200000	4771.35600000	4755.25600000	4746.79200000	4740.68200000	4736.29200000	4747.54600000	4747.62800000	4718.43600000	4712.76000000	4747.48240000	4742.96560000
2805284280.93645477	4758.52800000	4752.87200000	4774.39200000	4760.67800000	4743.24600000	4740.79800000	4706.52400000	4698.21400000	4723.75400000	4709.33200000	4741.28880000	4732.37880000
2806287625.41806030	4731.55000000	4726.46400000	4749.48000000	4746.73200000	4729.96600000	4728.98600000	4705.62800000	4696.76600000	4734.10000000	4728.75600000	4730.14480000	4725.54080000
2807290969.89966536	4765.56400000	4757.59800000	4732.22200000	4726.40600000	4731.46200000	4724.66000000	4697.41000000	4695.31200000	4779.21600000	4768.94400000	4741.17480000	4734.58400000
2808294314.38127089	4744.79400000	4741.68200000	4758.48000000	4754.09600000	4748.20400000	4750.17000000	4707.66600000	4700.51000000	4725.03200000	4718.11400000	4736.83520000	4732.91440000
2809297658.86287642	4758.06800000	4747.80400000	4759.78800000	4752.62400000	4767.32600000	4762.28600000	4711.20400000	4706.84800000	4713.28400000	4705.12800000	4741.93400000	4734.93800000
2810301003.34448147	4769.18600000	4759.58600000	4723.19800000	4718.74600000	4729.50400000	4719.69400000	4686.23200000	4687.33800000	4772.13000000	4767.30400000	4736.05000000	4730.53360000
2811304347.82608700	4746.53400000	4735.72200000	4765.18200000	4756.84400000	4750.67400000	4747.83200000	4699.15600000	4694.23600000	4727.93800000	4733.09200000	4737.89680000	4733.54520000
2812307692.30769253	4767.05600000	4769.31600000	4779.90200000	4773.85400000	4756.00000000	4752.18600000	4690.12800000	4688.11400000	4760.92000000	4756.20200000	4750.80120000	4747.93440000
2813311036.78929758	4763.44000000	4757.27600000	4754.57800000	4750.19600000	4769.18000000	4765.42000000	4705.58000000	4703.37200000	4723.31400000	4720.40800000	4743.21840000	4739.33440000
2814314381.27090311	4769.36000000	4764.86800000	4784.10400000	4771.46800000	4745.66200000	4742.29400000	4704.68800000	4694.34800000	4760.03000000	4756.92200000	4752.76880000	4745.98000000
2815317725.75250816	4745.88600000	4742.40400000	4720.99400000	4719.10600000	4737.32800000	4731.34800000	4708.61200000	4698.54000000	4757.41200000	4749.56600000	4734.04640000	4728.19280000
2816321070.23411369	4768.87600000	4764.74600000	4779.52400000	4771.31800000	4754.60600000	4752.60800000	4689.31400000	4680.74200000	4745.98800000	4741.41800000	4747.66160000	4742.16640000
2817324414.71571922	4759.02400000	4757.23200000	4783.12800000	4778.53400000	4764.13600000	4755.89600000	4703.68000000	4696.47600000	4718.14200000	4717.94600000	4745.62200000	4741.21680000
2818327759.19732428	4761.59000000	4756.39000000	4782.52200000	4781.58600000	4765.14600000	4754.25200000	4687.64200000	4685.77600000	4744.51600000	4739.23800000	4748.28320000	4743.44840000
2819331103.67892981	4773.81800000	4775.83000000	4742.35600000	4741.31000000	4745.76800000	4735.47000000	4762.94400000	4763.31000000	4721.11800000	4720.99600000	4749.20080000	4747.38320000
2820334448.16053534	4775.67200000	4771.04200000	4768.37000000	4761.85200000	4759.83600000	4752.02200000	4700.87800000	4701.29800000	4764.84800000	4761.83400000	4753.92080000	4749.60960000
2821337792.64214039	4766.97000000	4761.27600000	4776.01400000	4777.62800000	4726.06000000	4727.08600000	4775.98800000	4772.44400000	4693.19800000	4684.53400000	4747.64600000	4744.59360000
2822341137.12374592	4767.07000000	4768.99800000	4724.93600000	4721.75400000	4734.72000000	4730.71600000	4698.01600000	4696.98600000	4771.12200000	4765.55400000	4739.17280000	4736.80160000
2823344481.60535097	4730.33000000	4730.49600000	4756.37600000	4752.76800000	4752.16600000	4752.93200000	4719.42000000	4714.98400000	4744.14600000	4737.41600000	4740.48760000	4737.71920000
2824347826.08695650	4763.89800000	4765.52000000	4776.56400000	4776.24600000	4728.84800000	4721.08800000	4776.03800000	4771.81400000	4693.11400000	4686.71000000	4747.69240000	4744.27560000
2825351170.56856203	4757.96000000	4756.66600000	4787.87600000	4781.20000000	4761.85200000	4761.57400000	4692.58000000	4689.77400000	4720.38200000	4713.09600000	4744.13000000	4740.46200000
2826354515.05016708	4729.78200000	4729.69800000	4719.55000000	4715.12200000	4731.39000000	4727.38600000	4703.50000000	4707.70200000	4747.26800000	4744.98000000	4726.29800000	4724.97760000
2827357859.53177261	4773.83200000	4768.16200000	4734.58200000	4731.49000000	4743.43000000	4742.63800000	4711.98200000	4716.21200000	4762.03000000	4763.12600000	4745.17120000	4744.32560000
2828361204.01337814	4765.33000000	4772.42800000	4732.59000000	4732.23800000	4756.52200000	4755.59600000	4725.93800000	4728.79800000	4727.65600000	4717.74600000	4741.60720000	4741.36120000
2829364548.49498320	4736.74000000	4738.14400000	4732.82600000	4738.11400000	4714.75000000	4719.36200000	4702.68800000	4699.56400000	4734.30600000	4736.93000000	4724.26200000	4726.42280000
2830367892.97658873	4742.82400000	4752.84800000	4715.80200000	4719.53000000	4736.28200000	4734.19600000	4704.87200000	4709.75800000	4753.05800000	4759.09200000	4730.56760000	4735.08480000
2831371237.45819378	4730.61800000	4743.71600000	4767.83400000	4786.46000000	4708.62200000	4714.13800000	4767.87400000	4775.20600000	4654.77400000	4664.15000000	4725.94440000	4736.73400000
2832374581.93979931	4703.60600000	4717.31400000	4715.96200000	4724.24800000	4711.03000000	4721.79400000	4692.65600000	4698.40600000	4728.96400000	4743.43000000	4710.44360000	4721.03840000
2833377926.42140484	4762.57600000	4772.39000000	4767.93200000	4781.25400000	4757.11000000	4767.31000000	4731.44800000	4747.92000000	4675.49600000	4685.67800000	4738.91240000	4750.91040000
2834381270.90300989	4723.82400000	4743.16200000	4749.07200000	4764.70800000	4728.29200000	4743.95600000	4676.36200000	4692.97800000	4702.07600000	4724.26800000	4715.92520000	4733.81440000
2835384615.38461542	4746.34400000	4758.62600000	4701.16400000	4723.07200000	4700.97000000	4725.44600000	4663.02800000	4689.30000000	4736.75200000	4760.86000000	4709.65160000	4731.46080000
2836387959.86622095	4706.93600000	4741.41600000	4725.85600000	4757.62800000	4728.60200000	4748.15000000	4668.77800000	4706.97400000	4687.08600000	4725.30400000	4703.45160000	4735.89440000
2837391304.34782600	4732.95400000	4774.59200000	4690.68800000	4738.72800000	4700.74800000	4743.54600000	4674.34000000	4711.23800000	4722.15200000	4764.39200000	4704.17640000	4746.49920000
2838394648.82943153	4693.39800000	4746.95400000	4723.32600000	4780.38800000	4662.89400000	4719.95000000	4720.24400000	4773.30600000	4603.90000000	4666.56800000	4680.75240000	4737.43320000
2839397993.31103659	4695.50000000	4764.05200000	4703.58600000	4765.91000000	4655.86600000	4726.89800000	4700.76800000	4769.32800000	4598.97600000	4679.16800000	4670.93920000	4741.07120000
2840401337.79264212	4679.81400000	4760.43400000	4662.11400000	4741.46600000	4656.05000000	4741.05600000	4684.22600000	4761.98000000	4632.15000000	4716.19200000	4662.87080000	4744.22560000
2841404682.27424765	4666.25400000	4757.86800000	4670.14800000	4766.28200000	4631.34600000	4728.69800000	4670.92800000	4773.57600000	4600.15800000	4698.47000000	4647.76680000	4744.97880000
2842408026.75585270	4667.75400000	4777.47800000	4621.84200000	4734.70200000	4627.95600000	4740.40800000	4603.22200000	4714.77200000	4655.12400000	4763.76000000	4635.17960000	4746.22400000
2843411371.23745823	4641.26400000	4773.17800000	4631.33200000	4753.62200000	4632.47200000	4758.60800000	4566.12400000	4698.38600000	4590.39200000	4723.26600000	4612.31680000	4741.41200000
2844414715.71906376	4634.10600000	4765.24800000	4645.34200000	4776.60600000	4620.04400000	4755.73800000	4566.18200000	4703.69000000	4577.73400000	4714.78600000	4608.68160000	4743.21360000
2845418060.20066881	4605.84400000	4733.22000000	4623.26600000	4753.69000000	4622.36000000	4753.86000000	4574.26000000	4713.27000000	4602.66200000	4735.77800000	4605.67840000	4737.96360000
2846421404.68227434	4615.89400000	4743.51000000	4642.08000000	4771.38400000	4593.65400000	4730.03600000	4640.76200000	4776.77600000	4524.99400000	4657.80400000	4603.47680000	4735.90200000
2847424749.16387939	4618.71800000	4750.76800000	4625.25600000	4760.29400000	4622.97200000	4749.81400000	4561.91400000	4698.65600000	4567.35200000	4706.68200000	4599.24240000	4733.24280000
2848428093.64548492	4634.73800000	4753.42000000	4651.00800000	4770.13800000	4618.02400000	4736.79600000	4636.60000000	4763.10600000	4545.00000000	4666.49000000	4617.07400000	4737.99000000
2849431438.12709045	4670.98800000	4771.33400000	4625.23200000	4733.10800000	4624.89800000	4734.68000000	4602.95600000	4709.62200000	4643.19200000	4756.54800000	4633.45320000	4741.05840000
2850434782.60869551	4649.52200000	4744.21800000	4668.78400000	4764.09200000	4648.68800000	4746.64000000	4604.39200000	4693.93000000	4612.72400000	4709.07400000	4636.82200000	4731.59080000
2851438127.09030104	4694.00800000	4765.09200000	4692.01800000	4768.56600000	4679.71200000	4754.77600000	4624.09400000	4705.01600000	4642.40800000	4722.30800000	4666.44800000	4743.15160000
2852441471.57190657	4679.58400000	4739.02200000	4703.62200000	4770.47400000	4676.08800000	4740.69000000	4623.15600000	4697.99600000	4643.49800000	4711.51000000	4665.18960000	4731.93840000
2853444816.05351162	4700.65000000	4751.33000000	4716.52000000	4762.62000000	4696.34200000	4749.31800000	4643.12600000	4696.27200000	4661.84000000	4712.07800000	4683.69560000	4734.32360000
2854448160.53511715	4692.91800000	4723.32800000	4717.88800000	4754.12200000	4711.57800000	4750.59600000	4677.04800000	4714.58000000	4704.80600000	4738.95200000	4700.84760000	4736.31560000
2855451505.01672220	4734.10600000	4761.13200000	4724.87000000	4745.97000000	4716.41200000	4742.56400000	4738.09800000	4762.71400000	4687.30000000	4712.94000000	4720.15720000	4745.06400000
2856454849.49832773	4725.14800000	4741.55000000	4736.16600000	4754.66400000	4732.19200000	4744.65200000	4679.20400000	4693.03000000	4706.29200000	4725.23400000	4715.80040000	4731.82600000
2857458193.97993326	4755.03400000	4763.56200000	4730.08600000	4736.85000000	4743.98600000	4759.37600000	4719.40000000	4736.93200000	4710.23600000	4723.94200000	4731.74840000	4744.13240000
2858461538.46153831	4715.39800000	4723.97800000	4741.89400000	4759.15400000	4737.47800000	4746.76400000	4708.70200000	4721.54200000	4723.46000000	4738.89600000	4725.38640000	4738.06680000
2859464882.94314384	4718.88800000	4720.63400000	4719.55600000	4722.07000000	4723.55200000	4730.33000000	4699.96600000	4705.65600000	4739.98800000	4743.07400000	4720.39000000	4724.35280000
2860468227.42474937	4764.02400000	4767.47800000	4750.18200000	4753.38200000	4759.14000000	4765.32200000	4693.37000000	4695.11600000	4721.81800000	4720.80000000	4737.70680000	4740.41960000
2861471571.90635443	4754.63000000	4748.87800000	4716.50600000	4721.33000000	4723.63200000	4730.92200000	4695.41400000	4694.46600000	4766.84800000	4772.07200000	4731.40600000	4733.53360000
2862474916.38795996	4755.82800000	4759.93600000	4753.89600000	4757.52400000	4739.44800000	4742.63000000	4693.85800000	4694.93200000	4708.67600000	4708.28400000	4730.34120000	4732.66120000
2863478260.86956501	4738.31600000	4733.28200000	4778.98000000	4778.07200000	4724.13800000	4723.62400000	4765.91600000	4766.35800000	4672.57200000	4672.77600000	4735.98440000	4734.82240000
2864481605.35117054	4746.34200000	4744.62600000	4723.09000000	4719.34000000	4736.36600000	4735.69800000	4709.83000000	4707.02200000	4749.49400000	4754.36400000	4733.02440000	4732.21000000
2865484949.83277607	4774.16200000	4774.63800000	4770.63200000	4771.68800000	4751.36400000	4745.62400000	4695.87600000	4701.78600000	4763.62800000	4768.60600000	4751.13240000	4752.46840000
2866488294.31438112	4726.19400000	4715.47800000	4723.60600000	4719.19200000	4724.05200000	4720.93200000	4698.28000000	4703.29600000	4742.30000000	4737.57800000	4722.88640000	4719.29520000
2867491638.79598665	4728.79200000	4722.25000000	4752.33600000	4743.52000000	4735.37800000	4728.76800000	4708.60800000	4702.77200000	4732.21600000	4732.34400000	4731.46600000	4725.93080000
2868494983.27759218	4775.97600000	4769.96200000	4743.14200000	4734.04000000	4738.12600000	4740.88000000	4767.22800000	4761.99600000	4720.91800000	4724.50600000	4749.07800000	4746.27680000
2869498327.75919724	4770.97800000	4763.87200000	4769.77800000	4771.77200000	4732.09800000	4731.27000000	4765.80200000	4766.25800000	4682.86800000	4679.53800000	4744.30480000	4742.54200000
2870501672.24080276	4762.51800000	4761.01200000	4731.40000000	4733.18400000	4750.30200000	4750.25600000	4728.91200000	4720.77200000	4714.48600000	4711.85600000	4737.52360000	4735.41600000
2871505016.72240782	4771.10000000	4768.21600000	4750.60600000	4754.32000000	4739.76600000	4744.48600000	4731.19800000	4728.45400000	4720.06800000	4721.45800000	4742.54760000	4743.38680000
2872508361.20401335	4778.16000000	4775.77800000	4747.47800000	4739.74200000	4735.92800000	4738.25200000	4756.29400000	4749.64800000	4725.98600000	4724.31000000	4748.76920000	4745.54600000
2873511705.68561888	4755.33200000	4754.20000000	4717.74000000	4716.77200000	4742.26200000	4737.96400000	4709.13800000	4704.67800000	4768.16200000	4763.87200000	4738.52680000	4735.49720000
2874515050.16722393	4778.19400000	4774.05800000	4726.09400000	4722.93600000	4734.49600000	4728.63600000	4700.91400000	4697.71000000	4763.38400000	4761.04400000	4740.61640000	4736.87680000
2875518394.64882946	4749.26800000	4754.20000000	4752.11600000	4753.85800000	4766.02800000	4767.71200000	4712.08000000	4716.34800000	4716.71600000	4718.70800000	4739.24160000	4742.16520000
2876521739.13043499	4749.84200000	4744.20000000	4768.41000000	4769.34400000	4742.19600000	4753.03000000	4693.48000000	4695.38200000	4717.28600000	4714.95000000	4734.24280000	4735.38120000
2877525083.61204004	4756.09200000	4751.95200000	4759.78600000	4758.52000000	4748.90600000	4748.81800000	4710.52000000	4707.57600000	4708.69200000	4712.09600000	4736.79920000	4735.79240000
2878528428.09364557	4759.96000000	4753.60600000	4785.73800000	4771.64200000	4761.84800000	4756.31400000	4683.01200000	4680.45800000	4749.41400000	4744.99400000	4747.99440000	4741.40280000
2879531772.57525063	4714.97800000	4722.81400000	4747.50000000	4747.37400000	4735.47400000	4730.92000000	4704.52800000	4703.48800000	4731.51200000	4733.11400000	4726.79840000	4727.54200000
2880535117.05685616	4710.92000000	4715.59000000	4720.76000000	4718.60400000	4721.06800000	4715.44400000	4694.71200000	4699.31800000	4735.94800000	4738.39600000	4716.68160000	4717.47040000
2881538461.53846169	4761.74600000	4765.22200000	4741.82600000	4746.72200000	4747.96000000	4753.57400000	4724.46200000	4727.62600000	4725.53000000	4723.86200000	4740.30480000	4743.40120000
2882541806.02006674	4767.43400000	4775.54000000	4735.81400000	4735.95200000	4740.69000000	4744.71600000	4712.19000000	4714.55000000	4761.57800000	4764.15200000	4743.54120000	4746.98200000
2883545150.50167227	4758.27200000	4755.75000000	4735.65600000	4739.49800000	4730.41000000	4736.37400000	4711.49400000	4714.48600000	4701.44800000	4702.04600000	4727.45600000	4729.63080000
2884548494.98327780	4769.66400000	4770.66200000	4755.55200000	4773.21600000	4740.03800000	4751.08600000	4695.95000000	4697.59400000	4723.23600000	4724.47400000	4736.88800000	4743.40640000
2885551839.46488285	4749.25800000	4757.77400000	4709.77400000	4721.90000000	4712.89600000	4720.11200000	4682.44800000	4696.13000000	4753.56200000	4763.67400000	4721.58760000	4731.91800000
2886555183.94648838	4748.57600000	4764.70400000	4711.94200000	4728.81800000	4708.64800000	4724.74800000	4665.35800000	4681.79400000	4748.67000000	4763.94600000	4716.63880000	4732.80200000
2887558528.42809343	4722.80600000	4748.69800000	4734.47600000	4757.53200000	4722.29600000	4744.17200000	4669.87200000	4695.99800000	4676.24600000	4704.64200000	4705.13920000	4730.20840000
2888561872.90969896	4728.44000000	4757.24800000	4711.97800000	4740.31000000	4724.96600000	4758.85600000	4697.38800000	4728.74000000	4688.03000000	4719.72800000	4710.16040000	4740.97640000
2889565217.39130449	4719.36400000	4762.33200000	4669.47200000	4723.69000000	4680.99200000	4728.05800000	4639.92200000	4685.76400000	4712.82400000	4760.73400000	4684.51480000	4732.11560000
2890568561.87290955	4706.77800000	4765.97800000	4715.19800000	4782.47000000	4702.78000000	4769.60600000	4680.34200000	4743.88800000	4604.04400000	4669.10400000	4681.82840000	4746.20920000
2891571906.35451508	4702.78400000	4774.36800000	4647.02200000	4720.13000000	4647.44000000	4724.82800000	4622.43400000	4694.31400000	4689.59800000	4768.57600000	4661.85560000	4736.44320000
2892575250.83612061	4674.15800000	4757.46600000	4662.50200000	4741.06600000	4661.48800000	4747.58600000	4631.88000000	4727.34000000	4635.80400000	4721.24800000	4653.16640000	4738.94120000
2893578595.31772566	4669.60600000	4767.33000000	4667.35600000	4769.17200000	4669.10800000	4757.86000000	4639.45600000	4738.32200000	4562.75800000	4666.79400000	4641.65680000	4739.89560000
2894581939.79933119	4631.84400000	4745.53800000	4661.13000000	4782.69800000	4603.53200000	4722.81800000	4654.87400000	4782.48800000	4551.81400000	4668.54600000	4620.63880000	4740.41760000
2895585284.28093624	4634.37600000	4757.36400000	4648.85600000	4775.32800000	4627.55000000	4750.03000000	4569.16200000	4692.20600000	4583.49200000	4713.39600000	4612.68720000	4737.66480000
2896588628.76254177	4641.25600000	4760.46000000	4622.32400000	4740.49400000	4625.02400000	4748.80200000	4636.44200000	4765.72800000	4582.54800000	4710.68400000	4621.51880000	4745.23360000
2897591973.24414730	4635.24000000	4760.21400000	4651.36800000	4769.86800000	4629.48200000	4746.58800000	4571.38800000	4688.94800000	4586.92800000	4716.93600000	4614.88120000	4736.51080000
2898595317.72575235	4627.63200000	4733.92200000	4614.97400000	4727.04800000	4606.57200000	4725.03200000	4580.06400000	4692.36800000	4619.04400000	4735.64000000	4609.65720000	4722.80200000
2899598662.20735788	4633.25000000	4743.50800000	4660.40200000	4769.67800000	4637.12800000	4741.53000000	4585.01600000	4692.95000000	4601.94000000	4712.57400000	4623.54720000	4732.04800000
2900602006.68896341	4672.85400000	4765.27400000	4630.26600000	4723.16200000	4627.00600000	4720.23800000	4587.64200000	4678.65400000	4671.66600000	4764.95400000	4637.88680000	4730.45640000
2901605351.17056847	4689.81600000	4764.81800000	4693.01000000	4768.50200000	4669.30000000	4742.68800000	4617.49800000	4695.19400000	4676.56800000	4758.71800000	4669.23840000	4745.98400000
2902608695.65217400	4692.22200000	4750.17000000	4694.10800000	4755.25400000	4705.80400000	4767.19200000	4648.04800000	4715.87800000	4643.94200000	4710.43200000	4676.82480000	4739.78520000
2903612040.13377905	4708.28000000	4756.77800000	4717.99000000	4764.89400000	4681.25200000	4728.18400000	4721.12800000	4772.25400000	4619.43800000	4672.53600000	4689.61760000	4738.92920000
2904615384.61538458	4704.06600000	4742.07600000	4711.57800000	4742.31400000	4713.54600000	4751.25600000	4670.54200000	4708.19400000	4681.89600000	4726.57600000	4696.32560000	4734.08320000
2905618729.09699011	4748.70200000	4770.40400000	4732.17800000	4752.86000000	4727.33800000	4752.79200000	4681.17800000	4712.73600000	4725.96600000	4755.50200000	4723.07240000	4748.85880000
2906622073.57859516	4750.07400000	4761.54800000	4704.88600000	4719.26800000	4701.93400000	4719.39400000	4659.06400000	4679.86000000	4754.05600000	4769.86800000	4714.00280000	4729.98760000
2907625418.06020069	4747.65000000	4755.58200000	4769.45000000	4784.93200000	4751.55200000	4762.39000000	4672.18600000	4685.16600000	4716.85200000	4726.87600000	4731.53800000	4742.98920000
2908628762.54180622	4767.57200000	4769.84400000	4736.07400000	4743.11000000	4729.14800000	4740.33400000	4742.33200000	4746.99200000	4704.06600000	4712.32600000	4735.83840000	4742.52120000
2909632107.02341127	4732.80400000	4740.73200000	4758.12000000	4768.00600000	4741.14400000	4747.21200000	4693.04000000	4702.77000000	4700.96200000	4705.68800000	4725.21400000	4732.88160000
2910635451.50501680	4756.70000000	4765.17600000	4766.37200000	4774.30800000	4718.72800000	4723.92400000	4760.57800000	4760.89600000	4667.31800000	4673.14600000	4733.93920000	4739.49000000
2911638795.98662186	4759.85200000	4758.64600000	4723.07800000	4723.81000000	4722.51200000	4721.20200000	4693.03000000	4693.03000000	4767.64000000	4764.37800000	4733.22240000	4732.21320000
2912642140.46822739	4757.78600000	4758.10200000	4752.98200000	4750.98800000	4769.46400000	4764.63800000	4707.21600000	4706.45800000	4724.98200000	4723.54600000	4742.48600000	4740.74640000
2913645484.94983292	4763.42000000	4764.16200000	4771.99200000	4766.77600000	4726.42000000	4729.86800000	4763.13800000	4760.80200000	4671.33800000	4675.16400000	4739.26160000	4739.35440000
2914648829.43143797	4769.19200000	4770.38200000	4753.97200000	4756.85000000	4767.82200000	4760.62800000	4695.37000000	4697.10000000	4727.00000000	4722.02400000	4742.67120000	4741.39680000
2915652173.91304350	4739.15600000	4742.61600000	4761.47200000	4768.93800000	4745.07800000	4747.35400000	4688.29600000	4688.92800000	4711.52000000	4713.27600000	4729.10440000	4732.22240000
2916655518.39464903	4759.03200000	4765.18200000	4776.31400000	4776.39000000	4763.83800000	4758.10600000	4691.69000000	4693.40800000	4716.24800000	4712.98200000	4741.42440000	4741.21360000
2917658862.87625408	4762.36600000	4760.95600000	4736.36400000	4727.84400000	4744.57400000	4743.42200000	4719.88000000	4714.54600000	4710.18000000	4711.71400000	4734.67280000	4731.69640000
2918662207.35785961	4764.69400000	4763.88000000	4773.11000000	4772.46600000	4733.74000000	4728.30000000	4776.80600000	4769.36400000	4702.59200000	4687.28000000	4750.18840000	4744.25800000
2919665551.83946514	4770.54200000	4766.93400000	4746.49000000	4742.49800000	4734.26800000	4732.02200000	4749.79800000	4744.54400000	4718.38800000	4712.05200000	4743.89720000	4739.61000000
2920668896.32107019	4764.17400000	4761.03200000	4770.45400000	4767.84600000	4751.96800000	4753.44800000	4761.01800000	4756.35600000	4674.37000000	4675.95800000	4744.39680000	4742.92800000
2921672240.80267572	4773.64200000	4771.97400000	4731.46600000	4728.73400000	4733.76000000	4734.60200000	4712.01200000	4712.25000000	4757.11200000	4755.37800000	4741.59840000	4740.58760000
2922675585.28428078	4760.44200000	4751.11000000	4773.79000000	4768.89000000	4732.76400000	4724.74600000	4773.94600000	4769.30200000	4671.63000000	4662.02800000	4742.51440000	4735.21520000
2923678929.76588631	4746.68000000	4745.47800000	4771.07800000	4764.30400000	4754.40800000	4746.78400000	4705.63000000	4694.63000000	4712.83400000	4709.56000000	4738.12600000	4732.15120000
2924682274.24749184	4767.06200000	4755.18600000	4761.89800000	4757.10000000	4737.89000000	4737.10200000	4775.00000000	4766.20600000	4709.15600000	4704.91000000	4750.20120000	4744.10080000
2925685618.72909689	4781.60200000	4767.87200000	4747.56000000	4745.69800000	4735.28000000	4730.36200000	4751.55000000	4746.20600000	4729.05000000	4722.98200000	4749.00840000	4742.62400000
2926688963.21070242	4764.78000000	4767.57800000	4757.15800000	4751.41800000	4763.03000000	4760.83200000	4710.98000000	4708.77600000	4730.82200000	4730.04600000	4745.35400000	4743.73000000
2927692307.69230747	4769.46400000	4761.23400000	4733.61000000	4731.88600000	4753.86200000	4751.18200000	4724.05200000	4722.67400000	4718.45800000	4709.79200000	4739.88920000	4735.35360000
2928695652.17391300	4768.65200000	4763.42800000	4777.62200000	4770.49800000	4758.87000000	4751.07400000	4695.71400000	4685.95800000	4759.06200000	4755.36600000	4751.98400000	4745.26480000
2929698996.65551853	4752.33800000	4755.79800000	4772.88200000	4773.21400000	4754.78400000	4746.12000000	4691.71600000	4695.31200000	4717.57600000	4709.52400000	4737.85920000	4735.99360000
2930702341.13712358	4756.68800000	4758.60400000	4771.20600000	4769.78800000	4734.41000000	4728.72800000	4773.55400000	4771.98800000	4677.10400000	4665.27000000	4742.59240000	4738.87560000
2931705685.61872911	4746.82000000	4737.33400000	4782.40400000	4779.34600000	4732.81000000	4732.69400000	4774.97800000	4769.79400000	4677.38200000	4673.93400000	4742.87880000	4738.62040000
2932709030.10033464	4779.04400000	4771.01400000	4789.51600000	4783.71400000	4770.99600000	4764.47200000	4739.48600000	4740.13000000	4682.92000000	4678.01000000	4752.39240000	4747.46800000
2933712374.58193970	4746.53000000	4748.07400000	4771.92000000	4776.00400000	4738.27400000	4739.18800000	4763.27800000	4757.53000000	4674.84200000	4670.08000000	4738.96880000	4738.17520000
2934715719.06354523	4769.76000000	4771.73600000	4777.23000000	4776.42400000	4771.80200000	4770.00800000	4745.82000000	4738.44200000	4676.06000000	4668.66000000	4748.13440000	4745.05400000
2935719063.54515076	4784.59000000	4782.72200000	4774.30200000	4766.20600000	4757.11400000	4750.45000000	4706.70800000	4699.15800000	4740.05400000	4731.36200000	4752.55360000	4745.97960000
2936722408.02675581	4770.13400000	4757.90600000	4779.68200000	4779.72800000	4757.33600000	4746.80000000	4691.56000000	4690.24400000	4714.65400000	4718.15400000	4742.67320000	4738.56640000
2937725752.50836134	4775.74800000	4768.99200000	4724.85800000	4720.62000000	4737.91200000	4726.07000000	4696.10400000	4689.01800000	4769.30200000	4765.77400000	4740.78480000	4734.09480000
2938729096.98996639	4753.46800000	4741.29000000	4772.83200000	4768.61200000	4753.19000000	4746.82400000	4691.20800000	4690.83600000	4708.38800000	4703.48000000	4735.81720000	4730.20840000
2939732441.47157192	4786.01400000	4781.97400000	4744.67000000	4741.02000000	4743.31800000	4736.81400000	4742.78600000	4736.79000000	4721.16200000	4715.55200000	4747.59000000	4742.43000000
2940735785.95317745	4747.36400000	4738.13000000	4785.59200000	4782.54400000	4730.54800000	4725.17400000	4788.09800000	4781.52200000	4673.11200000	4670.10400000	4744.94280000	4739.49480000
2941739130.43478251	4731.21400000	4721.88000000	4760.38600000	4751.44400000	4745.72800000	4737.88800000	4711.61200000	4706.51000000	4739.76600000	4739.33000000	4737.74120000	4731.41040000
2942742474.91638803	4772.61000000	4761.75600000	4781.49200000	4772.52200000	4729.66000000	4726.75200000	4772.78000000	4768.73600000	4694.84600000	4684.92200000	4750.27760000	4742.93760000
2943745819.39799309	4763.64600000	4753.96400000	4757.61800000	4752.23000000	4744.27200000	4742.07600000	4776.15000000	4769.24000000	4712.96400000	4708.99400000	4750.93000000	4745.30080000
2944749163.87959862	4774.19000000	4767.16600000	4785.08000000	4780.37600000	4778.61600000	4769.74200000	4751.99000000	4745.48000000	4674.22400000	4668.73800000	4752.82000000	4746.30040000
2945752508.36120415	4791.89000000	4779.20000000	4768.36400000	4763.26200000	4751.73400000	4749.34800000	4699.29600000	4693.41800000	4736.15600000	4734.95000000	4749.48800000	4744.03560000
2946755852.84280920	4741.66600000	4736.72600000	4789.63000000	4781.67000000	4734.86600000	4723.16200000	4775.36800000	4769.29400000	4677.33400000	4673.00800000	4743.77280000	4736.77200000
2947759197.32441473	4767.48800000	4763.88200000	4753.70200000	4749.63000000	4742.79400000	4742.81800000	4732.85000000	4724.46800000	4717.32200000	4708.58600000	4742.83120000	4737.87680000
2948762541.80602026	4760.19000000	4754.68400000	4764.89800000	4762.57600000	4745.22600000	4735.92600000	4701.76000000	4694.18200000	4727.36200000	4721.64600000	4739.88720000	4733.80280000
2949765886.28762531	4744.81800000	4737.52800000	4787.60000000	4775.14600000	4726.95200000	4719.44800000	4776.06800000	4771.69400000	4674.61200000	4670.50600000	4742.01000000	4734.86440000
2950769230.76923084	4741.06800000	4731.74200000	4749.52200000	4741.36600000	4734.69200000	4734.02600000	4707.43400000	4703.65000000	4740.38200000	4728.30200000	4734.61960000	4727.81720000
2951772575.25083637	4769.15400000	4765.07200000	4785.04600000	4775.67800000	4770.21600000	4759.22200000	4697.50200000	4690.04600000	4724.32800000	4720.04200000	4749.24920000	4742.01200000
2952775919.73244143	4729.88600000	4727.30200000	4763.08000000	4757.87200000	4735.61200000	4730.54800000	4708.51000000	4705.16800000	4740.56200000	4732.11200000	4735.53000000	4730.60040000
2953779264.21404696	4775.72600000	4776.64400000	4767.20800000	4767.16400000	4757.44000000	4762.39600000	4702.20000000	4697.58400000	4725.97400000	4720.02800000	4745.70960000	4744.76320000
2954782608.69565201	4744.37400000	4739.11600000	4774.87000000	4770.59000000	4755.09600000	4746.83800000	4706.94600000	4701.58000000	4714.10200000	4711.40800000	4739.07760000	4733.90640000
2955785953.17725754	4762.49200000	4765.88200000	4745.28400000	4735.44800000	4742.89800000	4735.21200000	4729.50600000	4719.41000000	4711.53000000	4707.54200000	4738.34200000	4732.69880000
2956789297.65886307	4758.07800000	4753.48600000	4783.59000000	4777.56600000	4768.96200000	4760.95400000	4686.35000000	4682.18800000	4740.72600000	4734.03600000	4747.54120000	4741.64600000
2957792642.14046812	4754.48400000	4748.17200000	4787.99600000	4780.14600000	4727.40600000	4724.10800000	4779.84800000	4776.50600000	4665.33000000	4659.36600000	4743.01280000	4737.65960000
2958795986.62207365	4778.69400000	4772.07200000	4729.02000000	4727.09200000	4744.30600000	4732.33200000	4709.39400000	4705.38600000	4763.93000000	4759.87600000	4745.06880000	4739.35160000
2959799331.10367870	4765.25800000	4764.36800000	4722.71400000	4720.50200000	4726.68200000	4726.77800000	4691.99400000	4684.75600000	4772.48600000	4765.31600000	4735.82680000	4732.34400000
2960802675.58528423	4754.29000000	4749.53000000	4718.95800000	4721.21000000	4747.67200000	4743.79000000	4714.86600000	4707.73600000	4760.38800000	4756.30800000	4739.23480000	4735.71480000
2961806020.06688976	4757.69600000	4748.31600000	4764.50800000	4756.97200000	4774.31400000	4775.06200000	4717.98800000	4713.82800000	4718.82200000	4718.86600000	4746.66560000	4742.60880000
2962809364.54849482	4769.54200000	4767.45000000	4770.68800000	4764.63800000	4768.18200000	4760.25200000	4745.43000000	4744.10200000	4673.32800000	4666.60200000	4745.43400000	4740.60880000
2963812709.03010035	4770.96000000	4773.37600000	4758.16600000	4749.54800000	4748.56000000	4744.87000000	4729.82800000	4727.53400000	4730.61400000	4722.86400000	4747.62560000	4743.63840000
2964816053.51170588	4778.26400000	4771.89600000	4745.61800000	4742.38800000	4733.69800000	4733.50800000	4741.45600000	4740.33600000	4729.99400000	4724.65400000	4745.80600000	4742.55640000
2965819397.99331093	4772.01200000	4765.07000000	4748.17800000	4736.01400000	4761.34400000	4749.09000000	4732.97800000	4730.41600000	4721.68000000	4725.49200000	4747.23840000	4741.21640000
2966822742.47491646	4756.23200000	4751.13400000	4761.51600000	4757.06400000	4771.19400000	4768.55200000	4721.20600000	4723.16400000	4716.21000000	4705.47200000	4745.27160000	4741.07720000
2967826086.95652199	4756.71400000	4749.68000000	4765.73600000	4762.94600000	4745.45000000	4742.04200000	4702.86800000	4697.13600000	4720.56800000	4716.45400000	4738.26720000	4733.65160000
2968829431.43812704	4782.88800000	4779.75800000	4756.97200000	4743.83600000	4739.14200000	4733.16200000	4748.25400000	4746.54800000	4729.85000000	4731.02800000	4751.42120000	4746.86640000
2969832775.91973257	4771.31400000	4766.59200000	4723.34800000	4726.25400000	4730.17800000	4725.61600000	4706.92000000	4698.13200000	4774.84000000	4764.04200000	4741.32000000	4736.12720000
2970836120.40133762	4752.32000000	4754.43400000	4723.31800000	4718.60000000	4740.63200000	4735.57200000	4712.29800000	4707.10400000	4762.16400000	4760.26600000	4738.14640000	4735.19520000
2971839464.88294315	4764.16400000	4753.92000000	4721.37600000	4713.81000000	4747.46000000	4742.04600000	4716.11800000	4712.12000000	4762.67800000	4759.33200000	4742.35920000	4736.24560000
2972842809.36454868	4767.47400000	4755.64600000	4777.44000000	4769.52600000	4734.15600000	4725.94200000	4771.44400000	4768.80000000	4676.34600000	4677.75800000	4745.37200000	4739.53440000
2973846153.84615374	4757.08200000	4753.61400000	4728.89200000	4718.11600000	4741.54000000	4733.69800000	4712.11600000	4701.89800000	4766.60000000	4756.75400000	4741.24600000	4732.81600000
2974849498.32775927	4762.11000000	4757.70000000	4782.65000000	4782.25400000	4760.18600000	4755.14000000	4687.27800000	4677.49000000	4752.43800000	4744.76000000	4748.93240000	4743.46880000
2975852842.80936432	4758.06600000	4748.03800000	4778.38000000	4771.88800000	4751.13200000	4745.38400000	4692.96400000	4690.48400000	4723.18400000	4713.16200000	4740.74520000	4733.79120000
2976856187.29096985	4758.23200000	4751.03600000	4764.01400000	4758.32800000	4765.71000000	4756.58400000	4715.64600000	4707.33400000	4709.05400000	4704.11000000	4742.53120000	4735.47840000
2977859531.77257538	4739.88400000	4744.49600000	4753.88200000	4749.49000000	4752.05000000	4747.82200000	4711.20400000	4707.65200000	4740.60000000	4732.94000000	4739.52400000	4736.48000000
2978862876.25418043	4751.86400000	4747.44200000	4777.57000000	4770.21800000	4750.10000000	4745.27600000	4694.80600000	4690.78400000	4714.93000000	4713.10600000	4737.85400000	4733.36520000
2979866220.73578596	4764.22800000	4759.80600000	4785.79600000	4777.90400000	4750.66600000	4739.44600000	4695.49600000	4689.26200000	4719.54000000	4710.13000000	4743.14520000	4735.30960000
2980869565.21739149	4728.07000000	4722.92200000	4760.52600000	4758.10000000	4749.88200000	4741.29600000	4720.98000000	4715.96000000	4743.50400000	4733.95800000	4740.59240000	4734.44720000
2981872909.69899654	4728.77800000	4726.81400000	4724.76600000	4718.83200000	4726.31400000	4721.73000000	4702.30600000	4695.03200000	4742.13000000	4738.17800000	4724.85880000	4720.11720000
2982876254.18060207	4754.73600000	4746.80400000	4778.70800000	4777.64000000	4722.15600000	4723.56000000	4781.53000000	4776.12400000	4665.68000000	4657.34600000	4740.56200000	4736.29480000
2983879598.66220760	4752.58200000	4753.49000000	4720.15200000	4715.39800000	4746.40800000	4741.36200000	4715.59000000	4710.38400000	4762.83400000	4760.99800000	4739.51320000	4736.32640000
2984882943.14381266	4764.82000000	4762.99600000	4761.35200000	4759.19400000	4741.26600000	4734.50200000	4779.90400000	4772.55200000	4709.66400000	4703.17800000	4751.40120000	4746.48440000
2985886287.62541819	4742.34800000	4737.94400000	4784.65200000	4780.25800000	4724.14400000	4718.91200000	4776.88200000	4771.20400000	4678.00400000	4673.18000000	4741.20600000	4736.29960000
2986889632.10702324	4760.48600000	4752.51400000	4771.81800000	4770.48600000	4729.47400000	4723.94000000	4777.08800000	4769.99000000	4670.42800000	4668.88000000	4741.85880000	4737.16200000
2987892976.58862877	4773.44600000	4765.57400000	4734.51800000	4731.05200000	4756.10800000	4752.69000000	4728.36400000	4719.30000000	4720.94400000	4715.10600000	4742.67600000	4736.74440000
2988896321.07023430	4770.77400000	4768.74400000	4742.18200000	4738.16000000	4742.24400000	4735.86800000	4732.35600000	4723.01600000	4713.15400000	4707.80000000	4740.14200000	4734.71760000
2989899665.55183935	4723.33600000	4719.87600000	4731.61800000	4724.29200000	4728.99000000	4719.71600000	4715.76000000	4705.68400000	4743.46000000	4735.82000000	4728.63280000	4721.07760000
2990903010.03344488	4753.02000000	4747.29600000	4759.85200000	4755.50400000	4750.26400000	4735.53000000	4704.32800000	4693.66800000	4712.84400000	4708.41800000	4736.06160000	4728.08320000
2991906354.51504993	4753.01400000	4749.87400000	4768.21600000	4767.57600000	4723.49800000	4720.38000000	4770.64800000	4773.86000000	4668.89000000	4664.01800000	4736.85320000	4735.14160000
2992909698.99665546	4766.65000000	4760.52000000	4779.66800000	4777.09000000	4758.92400000	4750.06000000	4751.44600000	4749.72600000	4677.37400000	4664.43000000	4746.81240000	4740.36520000
2993913043.47826099	4772.50000000	4764.20000000	4742.36600000	4735.74000000	4745.12600000	4740.89000000	4727.92600000	4720.58600000	4709.28400000	4702.30200000	4739.44040000	4732.74360000
2994916387.95986605	4731.45400000	4726.37800000	4764.69000000	4759.56200000	4753.39200000	4749.40600000	4727.75200000	4714.35600000	4741.79400000	4738.23400000	4743.81640000	4737.58720000
2995919732.44147158	4786.26600000	4777.74800000	4757.31200000	4756.88000000	4763.59200000	4756.64000000	4711.14400000	4705.98400000	4760.89200000	4759.66400000	4755.84120000	4751.38320000
2996923076.92307711	4732.98200000	4725.26800000	4762.60600000	4752.82400000	4753.59200000	4746.75000000	4725.42800000	4721.52400000	4736.70400000	4733.85000000	4742.26240000	4736.04320000
2997926421.40468216	4754.04400000	4747.86000000	4756.25200000	4752.44000000	4770.96000000	4765.87000000	4715.88200000	4714.97000000	4715.84200000	4706.74000000	4742.59600000	4737.57600000
2998929765.88628769	4757.86600000	4751.11400000	4772.11800000	4765.46600000	4757.28600000	4747.53200000	4705.25200000	4697.41000000	4709.66000000	4705.30200000	4740.43640000	4733.36480000
2999933110.36789322	4755.08800000	4747.55400000	4763.47800000	4758.90600000	4774.92600000	4768.87400000	4715.48600000	4709.21800000	4717.29000000	4705.96400000	4745.25360000	4738.10320000
3000936454.84949827	4777.50600000	4772.29200000	4745.65200000	4743.54600000	4760.27000000	4748.61000000	4715.91200000	4706.99400000	4777.29800000	4767.63600000	4755.32760000	4747.81560000
3001939799.33110380	4756.90000000	4749.00000000	4773.43600000	4770.24400000	4735.30200000	4728.62800000	4778.70000000	4765.66800000	4674.11400000	4668.10000000	4743.69040000	4736.32800000
3002943143.81270885	4778.88200000	4771.00200000	4742.41200000	4733.24400000	4757.57400000	4746.78600000	4715.06200000	4709.63600000	4773.01600000	4767.32600000	4753.38920000	4745.59880000
3003946488.29431438	4769.92400000	4768.15200000	4722.61000000	4718.02200000	4733.22600000	4724.10400000	4688.23200000	4677.94200000	4773.99400000	4766.35200000	4737.59720000	4730.91440000
3004949832.77591991	4741.38000000	4736.78800000	4789.56400000	4779.05200000	4727.54800000	4717.93000000	4781.84600000	4774.63000000	4679.24800000	4668.27600000	4743.91720000	4735.33520000
3005953177.25752497	4771.48200000	4767.04000000	4724.17200000	4720.67200000	4728.08800000	4717.03200000	4685.99800000	4687.02200000	4773.13200000	4766.16000000	4736.57440000	4731.58520000
3006956521.73913050	4737.00200000	4732.22200000	4757.58800000	4750.16800000	4756.92000000	4747.60600000	4722.09400000	4712.60600000	4748.07800000	4738.56200000	4744.33640000	4736.23280000
3007959866.22073555	4772.27000000	4764.63200000	4731.76000000	4724.09200000	4739.46600000	4726.76000000	4699.16000000	4694.25200000	4778.62800000	4772.68600000	4744.25680000	4736.48440000
3008963210.70234108	4732.26800000	4729.04800000	4723.69600000	4723.84600000	4724.15200000	4718.06000000	4695.11600000	4691.54200000	4743.61000000	4734.82600000	4723.76840000	4719.46440000
3009966555.18394661	4765.97400000	4761.37800000	4749.70000000	4739.63200000	4740.50200000	4738.72400000	4772.02000000	4767.14800000	4732.17600000	4717.09800000	4752.07440000	4744.79600000
3010969899.66555166	4767.23800000	4759.24000000	4741.84400000	4735.38200000	4754.52200000	4747.70200000	4776.53400000	4771.14600000	4719.37000000	4715.35800000	4751.90160000	4745.76560000
3011973244.14715719	4759.24800000	4754.95800000	4784.23200000	4777.51800000	4773.29400000	4768.93800000	4694.31600000	4686.17200000	4740.41200000	4736.58000000	4750.30040000	4744.83320000
3012976588.62876272	4759.37400000	4764.16800000	4743.02000000	4744.03400000	4748.22400000	4750.09800000	4767.77600000	4767.64600000	4720.17200000	4714.02800000	4747.71320000	4747.99480000
3013979933.11036777	4759.39200000	4751.37200000	4755.18600000	4751.62000000	4752.48400000	4742.18600000	4702.04000000	4700.15000000	4718.85600000	4704.84600000	4737.59160000	4730.03480000
3014983277.59197330	4735.75400000	4731.28400000	4732.98200000	4725.55200000	4729.38600000	4721.46400000	4701.94000000	4697.47400000	4740.73600000	4732.79000000	4728.15960000	4721.71280000
3015986622.07357883	4773.97400000	4764.15600000	4739.26200000	4734.61000000	4762.25200000	4751.05800000	4731.16600000	4728.29800000	4721.30200000	4712.88600000	4745.59120000	4738.20160000
3016989966.55518389	4752.09600000	4755.26400000	4777.17400000	4775.42800000	4748.63800000	4747.58800000	4697.81400000	4694.17000000	4717.12600000	4712.60000000	4738.56960000	4737.01000000
3017993311.03678942	4771.35000000	4761.65000000	4744.12600000	4734.21800000	4756.35800000	4752.17800000	4726.46200000	4717.07600000	4727.96200000	4718.50400000	4745.25160000	4736.72520000
3018996655.51839447	4776.95800000	4768.04600000	4747.02000000	4739.87400000	4741.52600000	4740.54000000	4775.92600000	4765.93400000	4724.28000000	4717.03400000	4753.14200000	4746.28560000
3020000000.00000000	4775.65200000	4766.62400000	4749.10000000	4743.21800000	4763.14200000	4751.87800000	4736.63400000	4733.91600000	4732.73200000	4726.23400000	4751.45200000	4744.37400000
